data/BP_videos/2.MOV
0
-775.5,0,-374
776,0,327.8
776,0,343.2
760.5,0,343.2
760.5,0,350.9
760.5,0,350.9
783.75,0,343.2
776,0,358.6
768.25,0,350.9
768.25,0,366.3
768.25,0,381.7
768.25,0,404.8
776,0,366.3
776,0,381.7
776,0,404.8
768.25,0,358.6
1
-776.5,0,-373.5
772.288,0,330.551
773.073,0,338.358
758.072,0,339.868
758.858,0,347.675
750.572,0,340.623
781.36,0,345.41
774.645,0,353.972
758.858,0,347.675
768.716,0,370.34
770.287,0,385.953
771.859,0,401.567
776.216,0,369.585
777.788,0,385.198
772.645,0,409.373
767.144,0,354.726
2
-782.5,0,-371.5
772.927,0,333.074
768.481,0,343.005
761.386,0,345.551
754.29,0,348.098
756.94,0,355.483
778.227,0,347.844
773.781,0,357.775
756.94,0,355.483
762.241,0,370.253
770.191,0,392.408
758.65,0,404.885
771.986,0,375.091
777.287,0,389.862
778.142,0,414.563
766.686,0,360.321
3
-782.5,0,-371
773.498,0,329.439
775.777,0,344.965
759.947,0,347.289
761.086,0,355.052
762.226,0,362.815
783.692,0,343.803
778.056,0,360.491
770.141,0,361.653
771.281,0,369.416
773.56,0,384.942
767.924,0,401.63
779.196,0,368.254
782.615,0,391.543
778.118,0,415.994
770.141,0,361.653
4
-780.5,0,-369
770.393,0,323.699
777.251,0,340.017
762.123,0,339.349
753.852,0,354.999
,,
777.251,0,340.017
776.545,0,356.001
,,
768.627,0,363.66
,,
,,
,,
,,
,,
768.981,0,355.667
5
-779.5,0,-364
,,
774.617,0,339.695
767.395,0,341.968
,,
,,
784.112,0,344.644
,,
,,
,,
,,
,,
,,
,,
,,
,,
6
-784,0,-363.5
776.932,0,321.074
776.264,0,336.202
,,
,,
,,
783.828,0,336.537
783.16,0,351.665
,,
,,
,,
,,
,,
,,
,,
,,
7
-778.5,0,-361
778.932,0,320.074
778.226,0,336.059
770.309,0,343.717
,,
,,
785.437,0,344.385
784.731,0,360.369
,,
,,
,,
,,
,,
,,
,,
769.603,0,359.701
8
-777,0,-357
779.955,0,320.053
779.286,0,335.181
,,
,,
,,
786.516,0,343.079
786.182,0,350.643
,,
,,
,,
,,
,,
,,
,,
,,
9
-779,0,-357.5
780.933,0,320.052
772.662,0,335.702
772.662,0,335.702
,,
,,
787.79,0,336.371
787.084,0,352.355
,,
,,
,,
,,
,,
,,
,,
771.956,0,351.687
10
-791,0,-356
774.391,0,319.719
773.722,0,334.847
773.722,0,334.847
773.388,0,342.411
773.054,0,349.975
781.286,0,335.181
788.182,0,350.643
773.388,0,342.411
772.72,0,357.539
,,
,,
780.284,0,357.873
779.95,0,365.437
,,
773.054,0,349.975
11
-781,0,-356
772.552,0,318.781
771.712,0,333.901
764.152,0,333.481
765.413,0,310.801
765.833,0,303.242
786.832,0,334.741
778.432,0,349.44
763.732,0,341.04
770.032,0,364.14
769.191,0,379.259
775.491,0,402.359
777.591,0,364.56
776.751,0,379.68
783.05,0,402.779
770.872,0,349.02
12
-785,0,-359.5
772.562,0,315.505
771.932,0,338.297
764.545,0,330.49
764.125,0,345.684
756.738,0,337.877
779.529,0,338.506
779.319,0,346.104
764.335,0,338.087
771.302,0,361.088
770.673,0,383.879
770.253,0,399.073
778.69,0,368.895
778.27,0,384.089
777.64,0,406.88
771.512,0,353.491
13
-782.5,0,-357
778.686,0,316.284
777.926,0,331.732
769.822,0,339.076
761.718,0,346.42
761.718,0,346.42
785.27,0,339.836
784.89,0,347.56
769.442,0,346.8
768.682,0,362.248
775.266,0,385.8
774.507,0,401.248
776.406,0,362.628
783.37,0,378.456
782.231,0,401.628
777.166,0,347.18
14
-784,0,-358
771.259,0,314.536
774.267,0,337.136
766.733,0,338.139
760.202,0,346.675
760.202,0,346.675
781.8,0,336.134
783.805,0,351.201
767.736,0,345.673
769.741,0,360.74
772.748,0,383.341
768.222,0,406.944
777.274,0,359.737
772.748,0,383.341
768.222,0,406.944
776.272,0,352.204
15
-786.5,0,-357
772.203,0,320.06
779.181,0,335.622
771.457,0,335.242
762.986,0,350.044
763.359,0,342.453
786.905,0,336.002
786.158,0,351.184
771.083,0,342.833
769.963,0,365.605
769.216,0,380.787
768.096,0,403.559
777.687,0,365.985
776.94,0,381.167
775.82,0,403.939
778.434,0,350.804
16
-793.5,0,-357
773.694,0,321.116
780.75,0,336.575
773.155,0,336.306
765.021,0,351.227
765.021,0,351.227
788.345,0,336.845
780.212,0,351.766
772.616,0,351.497
772.347,0,359.092
771.539,0,381.878
770.731,0,404.663
779.673,0,366.956
779.134,0,382.147
778.326,0,404.933
780.212,0,351.766
17
-794,0,-357.5
776.414,0,320.878
775.531,0,336.854
767.943,0,336.434
767.059,0,352.41
774.648,0,352.83
783.119,0,337.273
782.236,0,353.249
781.795,0,361.237
773.765,0,368.805
772.44,0,392.769
771.557,0,408.744
781.353,0,369.225
780.029,0,393.188
779.146,0,409.164
774.648,0,352.83
18
-797.5,0,-355.5
777.364,0,320.546
777.003,0,335.742
769.224,0,343.159
769.043,0,350.757
768.863,0,358.354
784.42,0,343.52
791.837,0,351.299
784.058,0,358.716
776.28,0,366.133
775.737,0,388.926
775.195,0,411.72
783.877,0,366.314
775.737,0,388.926
775.195,0,411.72
776.641,0,350.937
19
-798.5,0,-355
772.783,0,328.867
777.125,0,343.434
769.842,0,345.605
764.73,0,355.059
766.901,0,362.343
786.579,0,348.546
788.751,0,355.829
772.013,0,352.888
769.072,0,369.626
775.585,0,391.476
772.644,0,408.213
778.526,0,374.738
782.868,0,389.305
782.099,0,413.326
774.184,0,360.172
20
-798.5,0,-357.5
773.352,0,322.529
780.594,0,337.903
772.817,0,345.323
765.041,0,352.742
772.461,0,360.519
788.013,0,345.679
787.657,0,360.875
780.059,0,360.697
772.283,0,368.117
779.346,0,391.089
778.811,0,413.882
779.881,0,368.295
779.346,0,391.089
778.811,0,413.882
780.237,0,353.099
21
-804.5,0,-356
779.166,0,318.457
777.806,0,341.216
770.219,0,340.763
769.313,0,355.936
769.313,0,355.936
785.392,0,341.67
784.486,0,356.842
784.486,0,356.842
775.993,0,371.562
775.086,0,386.735
773.726,0,409.494
783.579,0,372.015
782.672,0,387.188
781.312,0,409.948
776.899,0,356.389
22
-807,0,-356.5
778.95,0,328.108
776.774,0,345.262
769.476,0,347.823
772.037,0,355.12
769.476,0,347.823
784.071,0,342.702
781.894,0,359.857
784.071,0,342.702
779.718,0,377.011
777.541,0,394.166
775.364,0,411.321
779.718,0,377.011
777.541,0,394.166
785.222,0,416.058
781.894,0,359.857
23
-809,0,-357
774.359,0,326.006
779.42,0,340.621
772.239,0,343.108
767.588,0,352.902
767.588,0,352.902
781.951,0,347.929
777.3,0,357.723
765.057,0,345.595
775.18,0,374.825
773.059,0,391.927
778.12,0,406.542
782.361,0,372.338
780.241,0,389.44
787.833,0,411.363
777.3,0,357.723
24
-811,0,-357.5
778.384,0,322.541
784.272,0,344.981
776.921,0,346.91
778.884,0,354.39
768.107,0,373.208
784.272,0,344.981
788.198,0,359.941
,,
784.772,0,376.831
781.346,0,393.72
787.235,0,416.16
784.772,0,376.831
781.346,0,393.72
787.235,0,416.16
780.846,0,361.87
25
-814,0,-357.5
,,
,,
,,
,,
,,
,,
,,
,,
779.728,0,366.837
783.221,0,381.63
790.209,0,411.216
779.728,0,366.837
783.221,0,381.63
788.462,0,403.819
,,
26
-818,0,-357.5
777.53,0,321.747
781.024,0,336.54
775.374,0,345.683
,,
,,
782.771,0,343.936
,,
,,
780.615,0,367.873
,,
,,
789.759,0,373.522
,,
,,
786.265,0,358.729
27
-818.5,0,-356.5
779.327,0,320.399
784.487,0,336.591
776.978,0,335.417
775.803,0,342.925
775.803,0,342.925
784.487,0,336.591
783.312,0,344.1
775.803,0,342.925
780.963,0,359.117
784.948,0,382.818
790.108,0,399.01
788.472,0,360.292
792.457,0,383.992
797.616,0,400.184
782.137,0,351.608
28
-821.5,0,-357
787.26,0,316.563
784.508,0,341.711
784.508,0,341.711
778.378,0,351.22
775.627,0,376.368
792.328,0,340.021
786.198,0,349.53
776.689,0,343.4
781.757,0,366.859
779.005,0,392.007
772.875,0,401.516
791.266,0,372.989
786.825,0,390.318
790.204,0,405.957
787.887,0,357.35
29
-821.5,0,-357.5
783.509,0,319.658
783.722,0,334.857
776.123,0,334.963
776.336,0,350.162
776.549,0,365.36
783.722,0,334.857
783.935,0,350.055
784.042,0,357.655
784.148,0,365.254
776.762,0,380.559
776.975,0,395.757
791.747,0,365.147
791.961,0,380.346
792.174,0,395.544
783.935,0,350.055
30
-827.5,0,-356.5
786.773,0,317.323
785.248,0,332.963
785.248,0,332.963
783.724,0,348.604
776.666,0,340.021
793.068,0,333.726
791.544,0,349.366
776.666,0,340.021
782.199,0,364.244
780.675,0,379.884
779.15,0,395.524
790.019,0,365.006
796.315,0,381.408
794.79,0,397.049
791.544,0,349.366
31
-829.5,0,-357.5
786.308,0,315.854
784.341,0,332.8
776.996,0,335.591
782.374,0,349.746
780.408,0,366.693
794.375,0,337.087
789.719,0,346.956
769.651,0,338.381
780.408,0,366.693
778.441,0,383.639
776.474,0,400.585
787.753,0,363.902
795.82,0,385.135
793.853,0,402.082
782.374,0,349.746
32
-830.5,0,-357.5
,,
,,
,,
,,
,,
,,
,,
,,
,,
,,
,,
,,
,,
,,
,,
33
-837.5,0,-356.5
787.063,0,315.282
789.855,0,332.627
780.006,0,337.772
785.151,0,347.621
787.503,0,340.124
797.352,0,334.98
795,0,342.476
787.503,0,340.124
787.943,0,364.967
783.238,0,379.96
,,
797.792,0,359.822
798.232,0,384.665
793.527,0,399.658
792.648,0,349.973
34
-840.5,0,-356.5
791.952,0,315.266
790.031,0,330.862
782.233,0,329.901
780.311,0,345.498
781.272,0,337.699
797.829,0,331.823
795.908,0,347.419
789.07,0,338.66
786.188,0,362.055
784.266,0,377.651
781.384,0,401.046
793.986,0,363.015
792.065,0,378.612
789.182,0,402.006
788.109,0,346.458
35
-843.5,0,-355.5
790.14,0,316.917
790.76,0,332.619
782.909,0,332.929
775.677,0,348.941
775.677,0,348.941
798.611,0,332.309
799.23,0,348.011
783.528,0,348.631
784.148,0,364.333
785.078,0,387.886
785.697,0,403.588
792.309,0,371.874
793.238,0,395.427
793.858,0,411.129
791.379,0,348.321
36
-847.5,0,-356.5
788.961,0,315.176
787.649,0,332.119
780.609,0,334.983
779.298,0,351.927
776.434,0,344.887
797.553,0,336.295
796.241,0,353.238
783.473,0,342.023
780.85,0,375.91
785.267,0,406.932
,,
790.754,0,380.085
785.267,0,406.932
,,
789.202,0,356.102
37
-849.5,0,-356.5
,,
790.397,0,328.704
780.778,0,334.112
785.686,0,343.995
785.686,0,343.995
797.66,0,330.942
800.212,0,348.47
792.949,0,346.233
788.239,0,361.523
,,
,,
795.502,0,363.761
,,
,,
792.949,0,346.233
38
-851,0,-357
786.743,0,313.871
787.506,0,329.052
779.916,0,329.434
780.679,0,344.615
781.06,0,352.205
795.478,0,336.261
795.86,0,343.851
788.651,0,351.823
789.032,0,359.414
789.796,0,374.595
,,
789.032,0,359.414
797.004,0,366.623
,,
788.269,0,344.233
39
-854,0,-357
787.675,0,317.277
798.725,0,330.188
788.768,0,334.236
782.858,0,348.24
789.861,0,351.194
798.725,0,330.188
809.774,0,343.1
789.861,0,351.194
793.908,0,361.151
792.046,0,385.112
790.184,0,409.073
803.865,0,357.104
792.046,0,385.112
,,
792.815,0,344.192
40
-856,0,-355.5
789.559,0,318.725
790.885,0,333.867
783.314,0,334.53
784.64,0,349.672
784.64,0,349.672
798.456,0,333.204
799.782,0,348.346
792.873,0,356.58
785.965,0,364.814
787.954,0,387.527
789.279,0,402.669
793.536,0,364.151
795.525,0,386.864
789.279,0,402.669
792.211,0,349.009
41
-861,0,-354
788.201,0,317.033
796.134,0,333.066
788.1,0,341.033
788.033,0,357.032
788.033,0,357.032
804.1,0,341.099
804.033,0,357.099
788.033,0,357.032
795.966,0,373.066
795.866,0,397.066
795.799,0,413.065
803.966,0,373.099
795.866,0,397.066
795.799,0,413.065
796.033,0,357.066
42
-865,0,-354
787.74,0,318.346
799.7,0,336.66
790.542,0,342.64
788.954,0,350.208
788.954,0,350.208
807.268,0,338.249
804.09,0,353.385
788.954,0,350.208
793.345,0,366.933
796.147,0,391.227
798.949,0,415.521
800.913,0,368.522
796.147,0,391.227
798.949,0,415.521
796.522,0,351.797
43
-869,0,-354.5
795.977,0,313.56
799.354,0,338.632
791.494,0,337.138
796.365,0,354.351
788.506,0,352.856
807.213,0,340.126
812.084,0,357.339
796.365,0,354.351
801.236,0,371.563
796.754,0,395.141
801.624,0,412.354
809.095,0,373.057
796.754,0,395.141
801.624,0,412.354
804.225,0,355.845
44
-870,0,-354
792.755,0,314.839
797.894,0,331.331
789.163,0,337.81
786.768,0,353.124
786.768,0,353.124
805.427,0,332.509
803.032,0,347.823
787.965,0,345.467
800.637,0,363.137
795.847,0,393.765
808.518,0,411.435
808.17,0,364.315
795.847,0,393.765
808.518,0,411.435
801.834,0,355.48
45
-874,0,-353
794.793,0,318.916
800.414,0,328.222
798.618,0,335.761
795.025,0,350.839
787.608,0,349.072
807.831,0,329.989
811.656,0,346.835
787.608,0,349.072
800.646,0,360.145
802.675,0,384.529
804.703,0,408.914
808.063,0,361.913
802.675,0,384.529
804.703,0,408.914
804.239,0,345.067
46
-879,0,-354
793.826,0,309.353
805.32,0,327.602
796.196,0,333.349
794.508,0,340.785
792.82,0,348.221
812.756,0,329.29
809.379,0,344.161
800.255,0,349.909
798.567,0,357.345
802.626,0,373.904
804.997,0,397.9
806.003,0,359.033
802.626,0,373.904
804.997,0,397.9
801.944,0,342.473
47
-883,0,-353
802.041,0,311.958
804.867,0,327.707
798.406,0,336.994
791.944,0,346.281
791.944,0,346.281
814.154,0,334.168
816.98,0,349.916
791.944,0,346.281
802.644,0,360.616
806.883,0,384.239
809.709,0,399.988
811.931,0,367.078
806.883,0,384.239
809.709,0,399.988
809.106,0,351.329
48
-886,0,-352.5
801.432,0,312.25
799.379,0,336.705
799.379,0,336.705
803.18,0,351.697
797.326,0,361.159
801.432,0,312.25
810.935,0,349.731
801.127,0,376.152
806.981,0,366.69
803.027,0,383.648
806.828,0,398.64
814.736,0,364.724
801.127,0,376.152
806.828,0,398.64
803.18,0,351.697
49
-890,0,-351.5
806.983,0,313.903
803.527,0,338.07
796.043,0,339.389
789.901,0,348.325
789.901,0,348.325
811.012,0,336.75
818.496,0,335.43
796.043,0,339.389
800.071,0,362.237
802.757,0,377.469
823.098,0,405.293
816.383,0,367.213
802.757,0,377.469
806.786,0,400.316
806.213,0,353.301
50
-895,0,-351.5
812.019,0,308.516
813.628,0,326.332
818.157,0,336.7
804.87,0,348.677
,,
821.077,0,329.251
825.606,0,339.619
,,
816.848,0,361.964
803.561,0,373.941
,,
816.848,0,361.964
811.009,0,376.861
822.987,0,390.148
815.238,0,344.148
51
-899,0,-350.5
817.845,0,304.056
814.98,0,328.343
804.693,0,332.054
805.116,0,349.341
801.404,0,339.054
821.98,0,331.631
828.979,0,334.919
811.692,0,335.342
808.827,0,359.629
809.25,0,376.916
809.673,0,394.203
819.115,0,355.917
816.25,0,380.204
830.249,0,386.78
815.403,0,345.63
52
-903,0,-350.5
805.723,0,305.438
804.986,0,322.715
797.929,0,325.876
794.032,0,336.094
790.871,0,329.037
815.205,0,326.612
818.366,0,333.67
815.205,0,326.612
806.675,0,364.326
805.939,0,381.602
826.376,0,389.396
813.733,0,361.165
805.939,0,381.602
816.158,0,385.499
807.411,0,347.049
53
-907,0,-350.5
812.607,0,304.896
811.422,0,320.05
803.712,0,319.447
794.818,0,333.997
800.75,0,357.331
818.539,0,328.229
817.947,0,335.806
810.237,0,335.203
808.46,0,357.934
814.984,0,373.691
805.497,0,395.818
816.169,0,358.537
814.984,0,373.691
805.497,0,395.818
809.645,0,342.78
54
-911,0,-350.5
805.056,0,305.63
812.874,0,321.054
805.183,0,328.829
805.226,0,336.563
797.492,0,336.605
820.65,0,328.744
820.692,0,336.478
805.226,0,336.563
813.044,0,351.987
813.171,0,375.186
805.608,0,406.162
820.777,0,351.944
813.171,0,375.186
805.608,0,406.162
813.001,0,344.253
55
-915,0,-351.5
812.228,0,307.754
815.65,0,325.144
808.263,0,323.255
804.297,0,338.755
813.667,0,332.895
823.037,0,327.034
821.054,0,334.785
821.054,0,334.785
809.701,0,348.396
816.544,0,383.177
803.208,0,404.538
817.088,0,350.285
816.544,0,383.177
827.897,0,369.566
811.684,0,340.645
56
-919,0,-350.5
817.285,0,305.521
816.851,0,321.015
801.607,0,320.587
801.172,0,336.081
801.172,0,336.081
824.473,0,321.229
824.038,0,336.723
816.416,0,336.509
808.359,0,351.789
815.112,0,382.991
822.952,0,375.457
823.603,0,352.216
823.603,0,352.216
830.791,0,367.924
816.416,0,336.509
57
-922.5,0,-349.5
816.201,0,296.929
816.84,0,319.72
809.243,0,319.933
802.285,0,342.938
802.072,0,335.341
824.437,0,319.507
825.076,0,342.298
809.882,0,342.725
810.095,0,350.322
818.331,0,372.899
811.373,0,395.904
825.502,0,357.492
818.331,0,372.899
811.587,0,403.501
817.266,0,334.914
58
-929,0,-350.5
811.886,0,300.41
818.867,0,323.49
803.623,0,323.062
810.817,0,338.52
803.623,0,323.062
826.489,0,323.704
826.061,0,338.948
810.817,0,338.52
810.39,0,353.764
817.37,0,376.844
816.729,0,399.71
825.634,0,354.192
817.37,0,376.844
816.729,0,399.71
818.439,0,338.734
59
-932.5,0,-350.5
818.461,0,300.219
823.52,0,324.199
808.12,0,322.438
806.359,0,337.838
806.359,0,337.838
831.219,0,325.08
829.458,0,340.479
814.059,0,338.718
819.998,0,354.999
817.356,0,378.098
822.414,0,402.078
827.697,0,355.879
825.056,0,378.978
821.534,0,409.778
821.759,0,339.599
60
-938,0,-350.5
819.969,0,296.802
817.742,0,319.635
810.014,0,318.881
807.787,0,341.714
815.515,0,342.467
833.198,0,321.142
831.713,0,336.364
815.515,0,342.467
821.758,0,358.443
819.531,0,381.276
825.032,0,404.863
830.229,0,351.586
827.259,0,382.03
824.289,0,412.473
823.985,0,335.61
61
-941.5,0,-349.5
817.596,0,304.249
823.644,0,320.29
807.603,0,326.338
813.651,0,342.379
813.651,0,342.379
838.896,0,321.868
828.902,0,343.957
813.651,0,342.379
819.698,0,358.42
824.167,0,389.713
829.426,0,413.38
834.95,0,359.998
824.167,0,389.713
829.426,0,413.38
821.276,0,343.168
62
-947.5,0,-349.5
822.07,0,304.477
827.056,0,320.932
818.061,0,327.125
815.389,0,342.224
823.047,0,343.58
834.715,0,322.287
839.701,0,338.741
823.047,0,343.58
828.034,0,360.034
822.689,0,390.231
824.025,0,382.682
835.692,0,361.389
830.348,0,391.587
833.998,0,415.59
830.706,0,344.935
63
-952.5,0,-349.5
822.491,0,302.753
826.036,0,327.732
818.373,0,326.397
823.29,0,343.494
823.29,0,343.494
841.36,0,330.401
838.615,0,346.163
815.628,0,342.16
828.208,0,360.592
822.717,0,392.117
824.09,0,384.236
835.87,0,361.926
830.38,0,393.452
833.925,0,418.43
830.953,0,344.829
64
-957.5,0,-348.5
827.46,0,300.454
831.642,0,324.494
822.509,0,330.789
820.034,0,345.957
814.613,0,329.501
839.538,0,325.783
837.062,0,340.95
821.271,0,338.373
834.587,0,356.118
821.741,0,385.165
822.978,0,377.581
842.483,0,357.407
837.532,0,387.742
840.477,0,419.366
837.062,0,340.95
65
-962.5,0,-349.5
830.618,0,301.551
835.255,0,318.34
818.466,0,322.977
823.102,0,339.766
816.962,0,330.62
842.898,0,319.844
838.388,0,342.773
816.962,0,330.62
827.739,0,356.555
823.229,0,379.485
835.508,0,397.777
843.025,0,359.562
837.012,0,390.134
847.788,0,416.07
830.745,0,341.269
66
-967,0,-349.5
829.27,0,302.772
835.724,0,318.95
827.308,0,326.058
826.653,0,333.82
819.546,0,325.404
843.486,0,319.605
842.177,0,335.128
818.891,0,333.166
832.452,0,357.76
822.728,0,380.392
829.181,0,396.57
840.214,0,358.414
845.359,0,390.116
850.504,0,421.818
833.761,0,342.236
67
-971.5,0,-349.5
834.055,0,296.627
838.961,0,320.541
831.129,0,319.541
829.179,0,334.817
822.323,0,326.179
846.792,0,321.54
837.01,0,335.816
822.323,0,326.179
835.06,0,351.092
824.303,0,373.006
829.208,0,396.92
842.891,0,352.092
846.821,0,383.644
858.582,0,416.196
837.01,0,335.816
68
-977.5,0,-348.5
835.042,0,295.666
840.752,0,319.37
832.983,0,318.674
823.841,0,333.318
824.528,0,325.648
840.752,0,319.37
839.379,0,334.708
824.528,0,325.648
830.237,0,349.352
820.409,0,371.664
826.118,0,395.368
845.775,0,350.743
850.798,0,382.115
863.59,0,414.183
839.379,0,334.708
69
-984.5,0,-348.5
835.332,0,296.293
842.283,0,312.095
834.075,0,319.359
833.656,0,327.048
825.868,0,326.623
841.864,0,319.784
841.445,0,327.472
825.868,0,326.623
840.188,0,350.538
823.354,0,372.755
829.885,0,396.245
847.976,0,350.962
854.088,0,382.141
861.039,0,397.943
841.026,0,335.161
70
-987.5,0,-348.5
840.543,0,298.067
845.762,0,314.684
836.836,0,321.139
835.6,0,328.83
829.145,0,319.904
845.762,0,314.684
843.291,0,330.066
827.909,0,327.595
839.584,0,353.138
828.186,0,374.975
832.17,0,399.283
847.275,0,354.374
851.258,0,378.682
864.169,0,396.535
843.291,0,330.066
71
-993.5,0,-347.5
838.908,0,298.224
846.069,0,314.617
837.666,0,322.192
837.252,0,330.181
829.677,0,321.778
854.059,0,315.031
845.241,0,330.596
829.677,0,321.778
843.999,0,354.563
826.778,0,377.703
825.535,0,401.671
851.988,0,354.977
858.735,0,379.359
873.885,0,396.166
844.827,0,338.585
72
-998.5,0,-347.5
843.321,0,295.782
848.533,0,312.374
839.619,0,318.82
830.706,0,325.265
830.706,0,325.265
847.299,0,320.053
846.065,0,327.733
830.706,0,325.265
842.364,0,350.771
830.983,0,372.575
826.048,0,403.292
857.722,0,353.238
861.7,0,377.51
874.591,0,395.336
844.831,0,335.412
73
-1004,0,-346.5
840.574,0,295.095
846.67,0,311.491
837.804,0,318.264
836.88,0,325.987
836.88,0,325.987
854.614,0,312.44
852.767,0,327.886
836.88,0,325.987
849.997,0,351.054
831.34,0,372.323
835.591,0,404.164
857.941,0,352.004
862.191,0,383.845
878.078,0,385.744
851.844,0,335.609
74
-1009,0,-346.5
845.877,0,294.647
849.852,0,311.578
840.488,0,317.349
836.896,0,332.484
831.125,0,323.12
857.42,0,313.374
853.827,0,328.509
838.692,0,324.917
848.438,0,351.212
835.482,0,372.118
835.865,0,404.184
856.006,0,353.008
865.752,0,379.303
882.683,0,375.328
852.031,0,336.077
75
-1016,0,-345.5
844.137,0,296.163
850.382,0,312.502
841.576,0,319.355
839.869,0,334.817
832.771,0,326.208
858.333,0,313.38
856.626,0,328.842
840.723,0,327.086
854.065,0,352.034
835.601,0,373.471
840.138,0,405.272
862.017,0,352.912
866.554,0,384.713
883.311,0,378.739
855.772,0,336.573
76
-1019,0,-346.5
850.352,0,290.951
852.365,0,316.169
852.365,0,316.169
856.297,0,333.62
832.996,0,327.867
860.132,0,318.087
864.063,0,335.538
840.763,0,329.785
850.544,0,356.921
837.024,0,378.303
837.12,0,411.288
866.077,0,360.756
868.091,0,385.974
877.775,0,380.125
856.297,0,333.62
77
-1027,0,-345.5
850.286,0,292.048
855.302,0,316.165
847.565,0,315.258
853.488,0,331.638
838.015,0,329.824
863.038,0,317.072
861.224,0,332.545
844.844,0,338.467
850.767,0,354.847
839.403,0,384.886
843.511,0,416.739
866.24,0,356.661
870.349,0,388.514
879.899,0,373.948
861.224,0,332.545
78
-1032,0,-345.5
849.92,0,292.376
854.601,0,316.271
854.601,0,316.271
852.631,0,331.544
844.994,0,330.559
862.238,0,317.256
867.905,0,333.515
851.646,0,339.181
857.313,0,355.44
845.736,0,385.002
849.432,0,416.534
864.95,0,356.425
868.646,0,387.957
878.253,0,373.668
860.268,0,332.53
79
-1037,0,-345.5
853.692,0,292.539
857.308,0,316.938
855.953,0,324.62
854.598,0,332.301
839.235,0,329.591
864.989,0,318.293
869.961,0,335.011
853.243,0,339.983
858.214,0,356.7
852.794,0,387.426
855.056,0,419.507
865.896,0,358.055
868.157,0,390.136
879.904,0,368.447
862.279,0,333.656
80
-1043,0,-344.5
846.618,0,301.119
860.267,0,318.81
851.421,0,325.634
849.4,0,341.305
847.379,0,356.975
869.113,0,311.986
873.916,0,336.501
849.4,0,341.305
855.214,0,357.985
851.171,0,389.326
862.799,0,422.687
870.884,0,360.007
866.841,0,391.347
866.841,0,391.347
865.07,0,343.326
81
-1049,0,-345.5
850.704,0,299.159
861.589,0,318.673
851.832,0,324.115
855.116,0,341.472
845.359,0,346.914
871.346,0,313.231
880.073,0,340.345
855.116,0,341.472
858.401,0,358.829
857.371,0,391.385
866.098,0,418.499
873.6,0,363.144
872.57,0,395.7
866.098,0,418.499
864.874,0,336.03
82
-1057,0,-344.5
854.5,0,296.06
866.043,0,315.192
856.477,0,320.964
850.785,0,343.97
856.556,0,353.536
873.712,0,317.089
875.689,0,341.993
858.454,0,345.867
862.328,0,363.102
862.408,0,395.675
872.053,0,422.476
879.563,0,359.228
870.076,0,397.572
872.053,0,422.476
868.02,0,340.096
83
-1061,0,-343.5
860.414,0,297.529
864.114,0,314.377
854.746,0,319.967
856.557,0,344.294
860.258,0,361.142
879.073,0,318.155
882.774,0,335.003
858.447,0,336.815
869.627,0,355.552
862.07,0,385.469
886.397,0,383.658
877.106,0,357.441
860.18,0,392.949
876.951,0,421.055
865.926,0,338.704
84
-1068,0,-344.5
863.596,0,290.235
866.046,0,315.038
856.817,0,321.099
853.427,0,336.532
851.732,0,344.248
881.116,0,318.349
877.726,0,333.781
860.962,0,338.187
865.107,0,355.274
865.862,0,387.793
881.686,0,423.622
880.176,0,358.584
865.862,0,387.793
881.686,0,423.622
868.496,0,339.842
85
-1073.5,0,-343.5
864.55,0,294.537
869.101,0,319.086
860.3,0,325.869
858.176,0,341.535
863.79,0,358.251
877.902,0,312.302
882.454,0,336.851
866.977,0,334.752
871.529,0,359.3
868.342,0,382.8
882.757,0,392.732
880.33,0,352.517
868.342,0,382.8
887.308,0,417.28
874.715,0,335.801
86
-1083,0,-344.5
863.833,0,290.637
874.866,0,316.801
865.747,0,323.149
862.864,0,338.694
867.661,0,355.662
883.986,0,310.452
888.783,0,327.421
871.984,0,332.346
875.339,0,357.086
872.457,0,372.631
882.05,0,406.567
892.138,0,352.161
871.016,0,380.403
883.491,0,398.795
879.663,0,333.769
87
-1087,0,-343.5
870.476,0,288.841
870.802,0,313.763
868.455,0,321.307
863.762,0,336.393
863.762,0,336.393
887.881,0,310.803
883.187,0,325.89
866.108,0,328.85
883.513,0,350.811
888.858,0,385.568
896.55,0,412.781
890.879,0,353.103
869.107,0,371.15
876.799,0,398.363
880.84,0,333.433
88
-1093,0,-343.5
873.255,0,285.131
874.786,0,309.477
865.353,0,314.959
861.402,0,329.873
866.884,0,339.306
884.218,0,303.996
887.724,0,320.885
870.835,0,324.392
887.279,0,352.689
888.81,0,377.036
905.255,0,405.333
894.736,0,354.665
875.871,0,365.628
875.426,0,397.431
883.773,0,335.8
89
-1101.5,0,-342.5
876.514,0,289.309
880.206,0,306.203
870.712,0,311.713
866.844,0,326.648
859.283,0,324.69
887.766,0,308.161
891.458,0,325.054
868.778,0,319.18
885.656,0,347.458
893.039,0,381.246
911.851,0,402.055
893.216,0,349.416
872.293,0,367.904
872.117,0,399.733
881.964,0,330.564
90
-1106,0,-343.5
882.744,0,288.939
885.403,0,313.779
869.967,0,310.406
866.594,0,325.842
852.844,0,314.751
894.807,0,307.748
891.434,0,323.184
868.28,0,318.124
884.687,0,354.055
893.377,0,388.3
914.844,0,401.077
892.405,0,355.742
881.314,0,369.491
872.881,0,408.08
889.747,0,330.902
91
-1113,0,-342.5
882.482,0,282.785
888.275,0,307.086
871.844,0,313.571
870.459,0,329.31
856.104,0,312.186
896.145,0,307.778
894.76,0,323.517
879.021,0,322.133
884.122,0,354.303
897.092,0,387.166
920.009,0,397.112
899.861,0,355.688
882.045,0,377.912
871.407,0,408.698
886.198,0,330.694
92
-1120.5,0,-341.5
880.574,0,282.054
885.128,0,306.558
868.8,0,312.376
866.737,0,328.041
872.323,0,344.713
900.425,0,308.573
898.362,0,324.238
875.417,0,321.216
886.588,0,354.56
897.759,0,387.904
914.087,0,382.086
894.236,0,355.567
883.494,0,378.057
871.72,0,408.379
889.682,0,331.063
93
-1127,0,-342.5
886.441,0,280.843
891.09,0,304.821
874.581,0,310.38
871.49,0,333.316
872.52,0,325.671
898.83,0,305.864
904.509,0,322.197
880.26,0,326.714
884.909,0,350.692
904.007,0,384.402
920.516,0,378.842
900.388,0,352.778
889.558,0,374.671
877.698,0,404.208
887.999,0,327.757
94
-1132,0,-342.5
891.17,0,284.655
889.151,0,307.71
880.793,0,314.722
879.448,0,330.092
871.09,0,337.103
904.521,0,309.056
903.175,0,324.425
879.448,0,330.092
885.787,0,346.134
890.78,0,377.547
913.834,0,379.565
901.156,0,347.48
890.78,0,377.547
879.73,0,415.298
894.817,0,331.437
95
-1141.5,0,-341.5
888.755,0,280.404
895.681,0,304.391
879.781,0,311.713
878.903,0,335.411
878.611,0,343.31
911.29,0,304.969
902.608,0,328.378
878.903,0,335.411
893.926,0,351.787
892.756,0,383.385
916.461,0,376.352
901.731,0,352.076
892.756,0,383.385
883.49,0,422.592
894.804,0,328.089
96
-1147,0,-342.5
894.614,0,284.503
891.594,0,308.312
882.831,0,315.264
879.811,0,339.074
879.811,0,339.074
907.106,0,310.28
911.842,0,335.073
880.818,0,331.137
894.316,0,348.978
897.039,0,389.644
896.032,0,397.58
909.828,0,350.946
897.039,0,389.644
892.005,0,429.326
896.33,0,333.105
97
-1152,0,-341.5
897.4,0,284.595
902.632,0,309.346
885.829,0,315.484
884.018,0,331.381
876.975,0,322.527
918.529,0,311.157
907.864,0,334.098
884.018,0,331.381
897.199,0,357.038
893.576,0,388.832
896.997,0,429.481
913.096,0,358.849
901.525,0,389.738
896.997,0,429.481
899.915,0,333.192
98
-1163.5,0,-340.5
889.965,0,285.639
895.282,0,309.81
886.677,0,316.771
885.033,0,332.336
884.211,0,340.119
910.847,0,311.454
908.381,0,334.802
885.033,0,332.336
898.133,0,357.329
894.023,0,396.243
894.023,0,396.243
906.737,0,350.368
902.627,0,389.282
906.3,0,429.018
900.599,0,333.98
99
-1166.5,0,-340.5
894.566,0,284.354
906.036,0,310.584
888.873,0,315.49
886.027,0,331.059
878.158,0,329.62
913.905,0,312.023
909.636,0,335.375
886.027,0,331.059
897.497,0,357.288
890.382,0,396.208
857.48,0,398.237
913.236,0,360.166
907.544,0,391.302
908.298,0,431.661
909.636,0,335.375
100
-1175,0,-341.5
901.167,0,287.864
905.634,0,312.765
888.651,0,318.382
894.268,0,335.366
886.351,0,334.216
913.551,0,313.915
910.102,0,337.665
886.351,0,334.216
899.886,0,352.35
886.22,0,390.785
876.003,0,405.469
915.719,0,354.649
909.971,0,394.234
921.206,0,428.201
910.102,0,337.665
101
-1179,0,-340.5
900.902,0,283.107
906.448,0,307.79
897.684,0,314.945
896.074,0,330.864
888.115,0,330.059
921.562,0,317.359
911.993,0,332.473
888.115,0,330.059
901.619,0,355.547
890.441,0,386.58
905.555,0,396.149
917.538,0,357.156
913.515,0,396.953
926.215,0,430.401
911.993,0,332.473
102
-1185.5,0,-339.5
887.921,0,285.485
901.782,0,303.071
900.85,0,310.933
898.056,0,334.518
891.126,0,325.725
916.574,0,312.795
914.711,0,328.519
890.195,0,333.587
904.056,0,351.173
884.607,0,380.757
907.261,0,391.412
919.779,0,353.035
915.123,0,392.344
934.983,0,426.584
913.78,0,336.38
103
-1193.5,0,-339.5
901.076,0,282.417
910.55,0,302.836
897.679,0,315.207
902.416,0,325.416
887.52,0,320.05
917.998,0,305.519
917.313,0,330.782
892.257,0,330.26
909.179,0,353.362
886.149,0,370.576
900.361,0,401.204
916.628,0,356.045
920.679,0,391.517
934.891,0,422.145
909.865,0,328.099
104
-1200.5,0,-339.5
901.937,0,281.855
905.915,0,306.572
898.102,0,305.293
903.358,0,322.197
887.732,0,319.641
913.727,0,307.85
918.984,0,324.754
894.267,0,328.732
907.336,0,346.914
886.597,0,375.608
898.387,0,401.603
922.961,0,349.471
924.382,0,389.813
943.985,0,417.086
909.892,0,331.288
105
-1208.5,0,-339.5
900.443,0,275.483
911.218,0,301.59
902.006,0,307.743
898.946,0,323.108
885.111,0,312.365
918.901,0,303.12
923.523,0,320.015
891.263,0,321.578
903.568,0,340.003
889.766,0,369.203
891.328,0,401.462
918.933,0,343.063
926.648,0,384.535
945.105,0,412.172
914.311,0,326.168
106
-1213.5,0,-338.5
903.66,0,277.667
907.596,0,302.123
898.601,0,308.589
897.336,0,316.319
889.605,0,315.054
915.327,0,303.388
920.527,0,320.114
896.071,0,324.05
907.737,0,349.771
888.481,0,370.433
891.152,0,402.62
923.198,0,352.301
933.6,0,385.753
954.261,0,405.009
911.532,0,326.58
107
-1221,0,-339.5
905.121,0,275.236
909.248,0,299.945
909.248,0,299.945
906.733,0,315.57
890.936,0,313.028
917.146,0,301.216
922.53,0,318.112
897.577,0,322.111
909.602,0,348.091
890.034,0,368.986
891.646,0,409.32
925.399,0,350.633
936.167,0,384.425
957.347,0,403.864
913.374,0,324.653
108
-1226,0,-338.5
906.872,0,270.506
910.809,0,295.496
909.492,0,303.387
906.856,0,319.168
883.184,0,315.215
918.7,0,296.814
922.637,0,321.804
897.648,0,325.741
910.793,0,344.158
889.741,0,373.086
883.152,0,412.539
926.575,0,346.794
935.767,0,388.883
959.439,0,392.837
914.747,0,320.486
109
-1237.5,0,-337.5
910.923,0,272.442
915.09,0,297.395
905.943,0,304.052
911.355,0,321.102
887.647,0,317.367
915.09,0,297.395
919.257,0,322.347
894.305,0,326.514
915.522,0,346.055
894.737,0,375.175
887.266,0,422.59
923.425,0,347.3
933.004,0,389.303
964.614,0,394.283
919.257,0,322.347
110
-1240.5,0,-337.5
908.55,0,273.253
913.726,0,297.504
905.861,0,296.599
911.037,0,320.85
895.308,0,319.038
921.591,0,298.41
918.902,0,321.756
895.308,0,319.038
916.213,0,345.102
889.033,0,373.512
883.655,0,420.203
924.077,0,346.007
934.429,0,394.511
959.815,0,381.664
918.902,0,321.756
111
-1250.5,0,-337.5
906.025,0,271.612
910.081,0,296.316
908.828,0,304.133
914.137,0,321.02
897.25,0,326.33
917.898,0,297.57
921.954,0,322.274
897.25,0,326.33
910.377,0,344.471
896.292,0,382.301
890.025,0,421.385
926.01,0,346.978
934.123,0,396.386
953.517,0,375.442
921.954,0,322.274
112
-1256.5,0,-336.5
909.022,0,272.034
913.027,0,297.013
903.837,0,303.612
909.139,0,320.696
899.948,0,327.294
920.922,0,298.31
924.927,0,323.289
899.948,0,327.294
913.145,0,345.675
898.769,0,383.851
898.887,0,432.513
928.933,0,348.268
936.945,0,398.226
957.918,0,369.241
917.033,0,321.993
113
-1264,0,-337.5
910.336,0,269.355
914.473,0,294.082
905.319,0,300.635
909.456,0,325.362
900.303,0,331.915
930.271,0,296.615
925.254,0,327.895
900.303,0,331.915
913.593,0,350.089
899.424,0,387.923
901.053,0,428.29
929.391,0,352.622
929.766,0,400.81
951.835,0,364.243
917.355,0,326.629
114
-1274,0,-336.5
908.486,0,272.851
913.178,0,297.711
912.099,0,305.638
908.864,0,329.419
899.858,0,336.267
929.032,0,299.868
924.718,0,331.576
899.858,0,336.267
913.555,0,354.278
900.236,0,392.834
910.697,0,434.626
937.336,0,357.514
930.865,0,405.075
952.112,0,367.598
924.718,0,331.576
115
-1279.5,0,-335.5
904.743,0,270.573
915.303,0,296.519
906.137,0,302.576
916.697,0,328.522
905.976,0,342.192
930.528,0,299.628
924.309,0,330.076
898.364,0,340.637
919.646,0,352.913
904.261,0,389.419
919.324,0,432.143
934.87,0,356.022
925.543,0,401.695
939.373,0,372.801
924.309,0,330.076
116
-1290.5,0,-334.5
910.293,0,265.011
919.436,0,292.075
915.329,0,307.38
916.82,0,332.39
907.114,0,337.989
932.687,0,303.835
932.125,0,336.498
899.462,0,335.935
920.365,0,349.749
915.695,0,397.716
930.437,0,434.486
935.67,0,353.856
923.348,0,399.77
946.867,0,373.268
926.526,0,326.792
117
-1297.5,0,-334.5
912.12,0,270.884
922.692,0,296.858
913.515,0,302.922
916.467,0,327.34
907.29,0,333.404
930.312,0,298.415
931.708,0,330.453
899.669,0,331.848
919.418,0,351.758
917.701,0,399.037
934.338,0,434.188
934.659,0,354.87
917.701,0,399.037
937.611,0,379.288
924.087,0,328.896
118
-1308,0,-334
912.268,0,269.768
923.34,0,295.936
905.21,0,308.764
908.628,0,333.547
899.563,0,339.961
938.647,0,298.706
925.347,0,328.518
899.563,0,339.961
921.112,0,351.916
914.054,0,390.912
945.263,0,436.834
936.419,0,354.686
914.054,0,390.912
938.426,0,387.268
925.347,0,328.518
119
-1315.5,0,-333.5
918.319,0,271.969
921.518,0,297.065
912.119,0,303.363
915.317,0,328.458
905.919,0,334.756
937.214,0,300.165
932.564,0,323.71
905.919,0,334.756
926.364,0,355.103
932.761,0,405.294
951.656,0,433.489
942.061,0,358.204
912.316,0,384.947
942.159,0,398.996
931.014,0,331.558
120
-1324.5,0,-333.5
919.955,0,269.013
923.432,0,293.858
912.645,0,307.963
917.584,0,325.018
900.397,0,329.857
939.158,0,296.81
934.772,0,320.18
900.397,0,329.857
928.924,0,351.339
935.877,0,401.03
962.942,0,430.302
944.649,0,354.291
915.213,0,381.023
934.415,0,408.82
933.31,0,327.969
121
-1333.5,0,-333.5
918.581,0,262.924
927.967,0,297.448
910.705,0,302.141
913.822,0,327.246
904.403,0,333.515
945.229,0,292.755
932.659,0,314.71
905.979,0,325.671
932.626,0,355.502
940.437,0,397.87
967.084,0,427.701
942.045,0,349.234
912.214,0,375.882
929.443,0,411.981
931.084,0,322.554
122
-1343.5,0,-333.5
924.065,0,264.82
926.891,0,289.278
908.456,0,301.322
917.305,0,334.998
917.305,0,334.998
942.131,0,292.473
938.936,0,307.713
905.26,0,316.562
930.947,0,345.813
944.221,0,396.326
969.908,0,425.577
946.187,0,349.009
909.316,0,373.098
916.567,0,414.393
935.74,0,322.953
123
-1351.5,0,-333.5
927.595,0,263.221
931.112,0,288.206
913.008,0,301.271
922.811,0,335.482
922.811,0,335.482
946.449,0,290.899
934.63,0,313.191
902.573,0,315.684
927.712,0,352.588
951.468,0,397.371
971.706,0,417.17
944.432,0,347.401
915.893,0,374.88
907.591,0,422.156
933.246,0,321.07
124
-1362.5,0,-333.5
926.818,0,255.522
931.669,0,288.148
914.967,0,294.555
919.039,0,335.143
927.001,0,335.921
947.593,0,289.704
937.297,0,312.813
912.633,0,318.441
933.408,0,352.623
953.405,0,394.767
983.697,0,413.803
949.332,0,354.179
915.15,0,374.954
901.743,0,429.91
936.519,0,320.775
125
-1371.5,0,-332.5
923.376,0,257.744
934.198,0,290.839
917.651,0,296.25
920.772,0,328.199
913.071,0,327.054
950.745,0,285.427
939.609,0,307.386
906.515,0,318.208
933.885,0,345.891
950.118,0,395.532
982.068,0,392.411
949.287,0,348.181
921.604,0,375.55
905.888,0,428.313
937.32,0,322.788
126
-1381.5,0,-332.5
928.385,0,259.008
931.373,0,283.674
920.535,0,297.501
917.395,0,312.899
921.953,0,329.866
954.469,0,288.384
940.491,0,317.609
915.824,0,320.597
934.21,0,348.403
947.886,0,399.306
981.821,0,390.189
951.178,0,343.845
918.661,0,385.327
901.542,0,429.949
940.491,0,317.609
127
-1390.5,0,-331.5
928.529,0,259.585
940.497,0,285.439
922.161,0,298.352
905.099,0,303.512
924.961,0,330.661
956.285,0,288.032
943.297,0,317.748
917.067,0,329.365
938.203,0,348.761
946.35,0,397.874
980.474,0,387.554
955.265,0,343.601
923.941,0,386.231
908.406,0,431.454
943.297,0,317.748
128
-1401.5,0,-331.5
926.992,0,255.712
937.712,0,282.49
926.591,0,296.502
929.483,0,321.634
926.191,0,337.292
959.553,0,295.257
945.14,0,324.926
910.533,0,334
940.203,0,348.413
945.985,0,398.678
974.409,0,380.129
955.86,0,351.705
930.327,0,395.386
920.452,0,442.359
945.14,0,324.926
129
-1411,0,-332.5
934.544,0,259.022
937.218,0,283.784
918.179,0,295.648
928.662,0,322.151
925.24,0,337.499
958.932,0,296.681
944.279,0,325.634
919.143,0,328.084
939.145,0,348.655
936.686,0,396.437
926.418,0,442.479
956.472,0,344.464
936.686,0,396.437
926.418,0,442.479
945.99,0,317.96
130
-1420.5,0,-330.5
929.315,0,253.706
940.064,0,286.891
922.303,0,299.978
934.221,0,325.451
924.172,0,339.707
955.488,0,289.229
941.933,0,326.62
917.629,0,330.826
938.427,0,349.756
931.416,0,396.027
932.116,0,443.468
955.02,0,344.381
939.128,0,397.196
932.116,0,443.468
943.102,0,318.908
131
-1430,0,-331.5
929.981,0,255.011
939.942,0,288.877
929.194,0,302.877
932.732,0,327.544
915.561,0,332.345
955.671,0,291.81
948.461,0,330.477
915.561,0,332.345
936.27,0,352.211
926.176,0,406.344
930.502,0,383.144
961.306,0,348.877
943.347,0,401.544
950.424,0,450.877
949.903,0,322.744
132
-1441.5,0,-330.5
929.333,0,253.481
938.621,0,287.135
927.946,0,300.946
931.081,0,325.432
914.255,0,330.076
952.432,0,297.81
946.4,0,328.448
914.255,0,330.076
934.217,0,349.918
917.511,0,394.367
934.337,0,389.723
957.196,0,354.442
946.641,0,408.058
954.42,0,449.371
946.4,0,328.448
133
-1453.5,0,-329
936.457,0,254.444
939.05,0,286.551
928.786,0,300.687
932.658,0,325.087
915.965,0,330.237
953.186,0,296.815
940.365,0,326.365
908.258,0,328.958
936.529,0,349.487
913.444,0,393.173
953.258,0,391.858
959.651,0,353.322
950.701,0,407.272
959.723,0,448.365
940.365,0,326.365
134
-1468.5,0,-327
933.129,0,254.184
937.164,0,286.142
928.476,0,292.968
933.441,0,317.169
916.997,0,323.065
951.747,0,295.76
940.267,0,325.857
908.309,0,329.891
937.476,0,349.127
909.552,0,385.12
939.649,0,396.599
960.746,0,351.919
954.232,0,406.217
972.849,0,447.794
940.267,0,325.857
135
-1472.5,0,-323.5
930.361,0,253.478
940.703,0,287.378
931.635,0,293.919
926.439,0,325.241
909.603,0,330.494
947.173,0,296.497
941.977,0,327.819
910.902,0,322.664
938.08,0,351.31
900.51,0,385.308
936.756,0,407.412
953.618,0,353.888
960.062,0,411.279
985.942,0,447.756
941.977,0,327.819
136
-1486.5,0,-316.5
930.91,0,256.545
941.693,0,290.365
932.625,0,296.982
928.949,0,320.509
912.039,0,325.901
949.535,0,291.591
944.634,0,322.96
912.039,0,325.901
939.732,0,354.329
903.462,0,380.797
929.93,0,417.068
956.642,0,348.938
963.75,0,406.285
990.218,0,442.556
944.634,0,322.96
137
-1501.5,0,-317
931.32,0,252.601
941.263,0,286.678
941.263,0,286.678
927.777,0,316.497
919.968,0,315.078
941.263,0,286.678
935.587,0,317.916
910.739,0,321.469
937.721,0,350.574
900.806,0,376.136
917.14,0,419.442
953.34,0,353.412
968.254,0,404.527
995.236,0,433.632
943.397,0,319.336
138
-1515.5,0,-324.5
930.191,0,252.989
941.324,0,286.401
949.12,0,287.515
952.458,0,319.813
933.522,0,340.971
933.529,0,285.286
936.866,0,317.584
912.364,0,322.036
931.293,0,356.562
896.767,0,375.491
905.671,0,424.495
955.795,0,352.11
972.495,0,402.228
1000.33,0,430.074
943.547,0,326.494
139
-1522,0,-321
925.122,0,250.38
936.622,0,283.668
951.208,0,293.533
948.122,0,316.955
937.229,0,339.349
936.622,0,283.668
932.507,0,314.898
908.056,0,319.619
935.171,0,354.964
900.855,0,374.272
893.655,0,428.925
950.787,0,357.022
969.066,0,399.145
1006.05,0,419.904
947.094,0,324.763
140
-1532.5,0,-318
920.331,0,253.343
939.534,0,280.36
947.237,0,281.662
958.736,0,307.377
938.119,0,335.584
930.528,0,286.761
934.324,0,311.172
908.609,0,322.671
935.514,0,350.991
898.189,0,384.297
890.375,0,430.516
950.921,0,353.596
966.215,0,403.722
1004.73,0,410.234
940.724,0,320.178
141
-1542.5,0,-313.5
921.94,0,251.447
939.624,0,279.773
947.293,0,281.547
957.309,0,308.1
934.877,0,335.227
930.182,0,285.668
930.756,0,318.116
904.203,0,328.132
938.999,0,352.337
897.683,0,391.254
887.041,0,437.265
954.336,0,355.885
966.699,0,407.217
1008.59,0,400.748
946.093,0,321.663
142
-1562.5,0,-317
919.316,0,249.449
936.743,0,277.935
942.552,0,287.43
950.484,0,321.725
929.651,0,340.995
934.9,0,285.587
927.528,0,316.196
900.885,0,325.971
935.46,0,350.49
901.445,0,390.874
888.544,0,444.439
950.764,0,354.176
960.819,0,413.271
1006.45,0,391.877
942.832,0,319.882
143
-1565.5,0,-313
922.768,0,246.443
930.949,0,280.41
938.561,0,282.171
937.37,0,321.989
911.014,0,331.931
929.189,0,288.022
929.758,0,320.229
903.403,0,330.17
930.328,0,352.435
896.931,0,392.823
899.83,0,449.625
945.551,0,355.956
956.063,0,414.519
995.311,0,383.503
937.37,0,321.989
144
-1586,0,-320
913.039,0,252.362
932.192,0,287.122
940.052,0,288.229
934.519,0,327.529
908.726,0,339.928
932.192,0,287.122
926.659,0,326.422
900.866,0,338.822
930.092,0,358.968
899.872,0,402.808
907.845,0,460.041
945.812,0,361.182
953.785,0,418.415
990.759,0,383.542
942.379,0,328.635
145
-1591.5,0,-319
919.752,0,251.733
928.003,0,285.988
935.679,0,287.763
926.802,0,326.144
907.899,0,337.946
935.679,0,287.763
926.802,0,326.144
898.447,0,343.846
927.376,0,358.624
907.272,0,410.582
910.197,0,467.866
950.405,0,363.95
945.653,0,419.459
977.559,0,386.404
934.478,0,327.92
146
-1603.5,0,-314.5
914.073,0,243.345
930.635,0,285.949
929.289,0,293.656
930.322,0,333.546
904.335,0,344.89
937.054,0,295.012
930.322,0,333.546
896.57,0,343.534
926.283,0,356.667
909.094,0,409.258
922.964,0,467.275
949.577,0,360.736
931.042,0,421.034
968.833,0,387.926
931.668,0,325.839
147
-1624.5,0,-318
915.128,0,251.983
924.184,0,286.067
922.587,0,293.789
922.323,0,333.998
903.685,0,346.248
930.309,0,295.386
930.046,0,335.595
894.365,0,352.373
923.657,0,366.484
912.478,0,420.54
935.381,0,465.54
946.824,0,371.275
920.2,0,422.137
959.075,0,389.914
930.046,0,335.595
148
-1626.5,0,-313.5
911.384,0,257.61
921.578,0,291.37
912.469,0,297.805
914.892,0,330.228
903.109,0,352.205
929.349,0,292.708
921.326,0,339.337
895.337,0,350.868
925.086,0,363.988
915.726,0,418.389
947.898,0,463.932
940.629,0,366.663
907.955,0,417.052
958.595,0,401.76
930.435,0,332.902
149
-1648.5,0,-318
906.691,0,255.973
915.991,0,289.991
914.449,0,297.725
916.016,0,330.2
897.465,0,342.584
929.916,0,300.808
922.208,0,339.476
888.19,0,348.776
925.316,0,364.218
922.257,0,419.895
953.216,0,466.271
940.783,0,367.302
899.056,0,415.269
948.541,0,409.053
931.483,0,333.284
150
-1652,0,-315
908.816,0,252.558
916.899,0,286.938
905.493,0,300.419
905.853,0,332.945
894.448,0,346.426
930.504,0,298.314
921.3,0,336.653
884.883,0,352.24
931.224,0,363.365
927.901,0,411.226
965.037,0,460.691
938.947,0,365.219
889.285,0,401.955
933.784,0,420.748
930.864,0,330.84
151
-1672,0,-316
904.225,0,245.891
918.331,0,290.005
908.781,0,295.919
907.424,0,336.397
890.142,0,340.493
933.795,0,293.64
916.974,0,330.483
880.592,0,346.407
925.167,0,365.046
935.637,0,424.624
976.576,0,458.728
932.899,0,366.864
885.149,0,396.435
916.538,0,436.453
924.706,0,332.3
152
-1677.5,0,-312.5
907.26,0,245.828
914.948,0,287.694
896.086,0,299.908
905.37,0,334.049
895.939,0,340.155
930.617,0,290.932
914.801,0,327.942
878.674,0,344.644
924.085,0,362.082
944.249,0,422.637
986.467,0,455.527
931.919,0,363.701
876.931,0,392.617
908.122,0,439.339
922.635,0,329.56
153
-1698,0,-317
906.554,0,242.513
915.159,0,284.378
896.852,0,297.271
899.075,0,329.938
889.921,0,336.384
929.309,0,294.954
906.843,0,331.314
872.999,0,341.454
916.835,0,365.357
947.358,0,419.174
988.421,0,458.723
932.371,0,368.11
872.451,0,389.766
886.053,0,448.653
922.379,0,334.067
154
-1704,0,-314
904.479,0,240.828
906.615,0,281.012
896.536,0,295.497
,,
890.862,0,334.547
928.91,0,292.226
907.616,0,329.006
874.107,0,340.087
910.887,0,361.381
941.993,0,421.724
986.583,0,444.152
926.507,0,363.65
873.974,0,395.891
864.896,0,458.37
915.426,0,330.141
155
-1723.5,0,-314.5
902.764,0,238.274
906.023,0,278.383
888.515,0,292.228
891.774,0,332.337
883.019,0,339.259
928.623,0,288.969
908.367,0,326.33
867.342,0,337.428
911.626,0,366.439
936.569,0,424.972
983.6,0,430.467
920.38,0,359.516
867.854,0,401.052
852.688,0,462.845
916.205,0,327.246
156
-1736.5,0,-317
897.344,0,240.59
908.953,0,281.775
891.472,0,295.9
896.019,0,328.345
895.18,0,336.247
923.917,0,291.354
903.92,0,329.184
862.735,0,340.793
908.466,0,361.629
933.362,0,428.197
981.61,0,425.329
916.368,0,362.468
871.827,0,405.683
849.313,0,467.218
911.822,0,330.023
157
-1747.5,0,-315
897.619,0,237.464
900.579,0,278.138
882.837,0,292.059
885.797,0,332.733
876.926,0,339.694
915.364,0,288.034
901.568,0,334.691
860.17,0,345.676
905.512,0,367.425
921.287,0,433.874
971.555,0,415.928
914.383,0,360.465
867.074,0,419.085
851.307,0,481.619
910.438,0,327.73
158
-1763,0,-316.5
887.86,0,244.584
899.978,0,285.182
883.293,0,291.439
888.21,0,323.451
870.763,0,337.518
915.903,0,286.734
895.411,0,332.037
862.04,0,344.551
900.329,0,364.049
917.365,0,436.66
960.982,0,401.495
917.015,0,357.792
871.114,0,416.385
857.062,0,478.082
904.135,0,325.004
159
-1772.5,0,-312.5
886.425,0,244.683
895.131,0,286.875
885.847,0,293.341
888.087,0,326.25
860.236,0,345.649
910.881,0,289.693
894.553,0,335.534
850.952,0,352.115
896.793,0,368.443
901.273,0,434.26
947.692,0,401.929
913.952,0,363.385
869.773,0,428.625
866.377,0,493.033
903.837,0,329.068
160
-1789,0,-317
883.519,0,240.738
893.19,0,282.476
882.831,0,296.947
884.598,0,337.449
850.527,0,348.215
899.867,0,291.565
884.598,0,337.449
850.527,0,348.215
895.497,0,371.334
877.773,0,432.925
884.989,0,490.37
903.401,0,372.569
877.773,0,432.925
884.989,0,490.37
901.634,0,332.067
161
-1799,0,-313
872.303,0,244.939
883.098,0,286.291
882.14,0,294.183
877.349,0,333.643
843.304,0,353.535
889.933,0,295.129
876.391,0,341.536
843.304,0,353.535
888.144,0,374.996
864.894,0,436.24
889.358,0,495.269
904.688,0,368.996
872.687,0,437.186
889.358,0,495.269
892.935,0,335.536
162
-1815,0,-319
872.464,0,250.449
886.752,0,288.395
880.135,0,297.528
877.352,0,330.2
875.849,0,370.719
888.03,0,296.241
872.014,0,347.18
832.534,0,353.612
877.127,0,378.566
854.493,0,438.638
887.355,0,441.338
900.815,0,374.706
879.459,0,442.625
904.2,0,494.977
886.527,0,336.76
163
-1824.5,0,-314.5
868.615,0,248.871
880.33,0,282.677
886.187,0,299.579
873.066,0,338.203
839.261,0,349.917
886.187,0,299.579
872.028,0,346.136
830.291,0,356.812
875.81,0,378.903
836.816,0,430.279
869.583,0,426.498
891.674,0,380.979
883.373,0,444.438
916.809,0,497.221
888.93,0,340.279
164
-1842,0,-319
857.684,0,240.536
876.56,0,282.489
883.456,0,291.24
913.757,0,302.691
900.519,0,348.893
874.748,0,298.189
861.51,0,344.391
821.594,0,347.739
865.688,0,376.693
820.336,0,427.143
875.855,0,425.596
881.291,0,378.494
880.939,0,450.047
924.127,0,486.851
878.02,0,338.342
165
-1853,0,-316.5
855.475,0,241.244
866.649,0,282.307
881.445,0,291.968
919.792,0,304.345
899.564,0,341.786
864.839,0,298.008
859.407,0,345.11
819.25,0,348.434
855.786,0,376.512
811.102,0,419.088
864.244,0,441.126
880.242,0,371.377
887.795,0,443.842
931.276,0,480.675
869.068,0,330.315
166
-1867,0,-314
854.347,0,242.352
866.559,0,283.194
882.488,0,284.699
920.824,0,304.197
893.214,0,341.276
865.073,0,298.929
852.648,0,345.381
804.117,0,348.733
849.674,0,376.85
806.135,0,412.425
850.205,0,456.277
874.311,0,371.241
891.514,0,444.305
936.328,0,480.29
870.063,0,331.151
167
-1883,0,-320
841.38,0,248.545
863.215,0,281.475
878.535,0,290.28
917.065,0,308.349
883.677,0,338.073
854.41,0,296.796
843.773,0,343.672
795.98,0,348.814
849.83,0,375.687
792.316,0,411.927
828.555,0,469.441
865.608,0,376.603
885.612,0,441.09
939.004,0,475.853
860.467,0,328.81
168
-1893,0,-317
840.846,0,246.694
854.334,0,287.056
877.544,0,296.319
908.185,0,313.93
875.254,0,335.765
845.987,0,294.487
835.35,0,341.364
787.557,0,346.505
841.407,0,373.379
791.782,0,410.077
803.897,0,474.106
865.075,0,374.753
884.62,0,447.129
946.817,0,466.572
859.476,0,334.849
169
-1910,0,-316
835.335,0,240.576
854.982,0,281.941
869.854,0,291.279
898.839,0,317.772
866.051,0,330.363
837.827,0,296.053
825.446,0,342.193
778.546,0,337.629
838.037,0,374.981
786.573,0,417.318
780.487,0,479.852
853.67,0,376.503
878.852,0,442.079
948.442,0,456.742
849.657,0,336.658
170
-1928,0,-320
837.241,0,237.166
849.468,0,286.263
872.775,0,296.101
894.841,0,321.89
862.317,0,327.384
840.251,0,301.594
813.22,0,339.611
773.34,0,336.508
834.044,0,381.353
782.464,0,425.484
769.523,0,488.67
849.996,0,382.594
876.313,0,456.86
940.741,0,453.849
845.123,0,342.094
171
-1933,0,-317
828.845,0,237.488
843.272,0,285.405
866.998,0,294.095
889.682,0,334.377
857.96,0,325.423
834.755,0,300.937
801.469,0,339.372
761.491,0,338.053
832.148,0,379.919
782.35,0,433.622
756.277,0,496.016
848.139,0,380.446
869.78,0,452.321
934.267,0,438.636
841.447,0,340.692
172
-1947,0,-317.5
824.913,0,245.123
837.516,0,286.246
860.524,0,296.093
873.127,0,337.216
850.118,0,327.369
820.492,0,300.948
793.063,0,346.927
754.294,0,335.832
821.426,0,389.298
777.605,0,442.003
756.793,0,504.555
837.186,0,390.546
855.143,0,464.193
920.71,0,437.285
833.095,0,342.071
173
-1968,0,-318
818.123,0,243.786
832.398,0,291.683
855.728,0,300.301
862.386,0,340.057
839.295,0,323.535
816.204,0,307.013
783.818,0,337.673
744.773,0,328.578
821.663,0,386.285
772.844,0,440.178
762.829,0,511.07
829.52,0,386.523
834.979,0,465.795
890.936,0,435.85
830.719,0,347.006
174
-1982,0,-319
809.015,0,253.424
822.937,0,293.525
846.492,0,302.633
852.425,0,342.316
829.28,0,325.355
814.125,0,308.813
772.535,0,338.132
740.99,0,328.606
809.601,0,395.194
774.766,0,448.491
771.064,0,519.167
825.579,0,396.031
821.466,0,474.56
887.435,0,438.643
828.047,0,348.914
175
-2001,0,-319
804.768,0,255.514
818.207,0,300.742
835.522,0,303.8
816.57,0,350.449
784.997,0,327.017
805.37,0,312.759
754.845,0,335.976
727.752,0,327.62
797.617,0,397.098
765.828,0,455.764
776.209,0,518.307
814.933,0,400.156
804.939,0,476.956
860.763,0,443.962
809.032,0,352.689
176
-2017,0,-319.5
798.397,0,256.01
805.839,0,296.09
829.26,0,312.338
820.891,0,360.252
804.996,0,376.086
797.807,0,312.007
758.238,0,335.591
719.091,0,319.178
804.743,0,400.085
764.753,0,463.667
795.617,0,519.995
804.743,0,400.085
780.396,0,471.832
843.47,0,456.495
805.165,0,360.087
177
-2030,0,-319.5
791.246,0,256.454
798.161,0,304.6
815.565,0,307.507
805.077,0,352.746
787.38,0,375.092
793.063,0,314.593
750.462,0,336.393
710.849,0,315.318
804.491,0,403.253
776.306,0,470.838
826.115,0,471.929
796.991,0,405.615
758.903,0,467.931
800.626,0,521.891
799.979,0,362.738
178
-2049,0,-319.5
784.762,0,259.749
798.027,0,305.027
807.784,0,310.363
803.746,0,352.517
,,
792.691,0,314.785
739.866,0,330.26
700.837,0,308.918
801.918,0,402.217
762.357,0,462.972
810.23,0,514.5
794.371,0,404.428
737.507,0,462.058
808.933,0,482.104
796.199,0,354.728
179
-2065,0,-320.5
779.123,0,260.983
791.076,0,306.626
800.675,0,312.241
787.814,0,356.253
784.191,0,373.459
785.461,0,316.225
730.219,0,322.563
693.814,0,307.71
792.16,0,403.888
758.47,0,461.483
812.443,0,512.38
784.553,0,405.88
724.057,0,454.238
778.03,0,505.134
787.814,0,356.253
180
-2083,0,-321.5
771.203,0,258.148
784.453,0,298.614
799.222,0,315.408
796.184,0,362.753
,,
783.44,0,314.396
727.699,0,318.742
689.258,0,300.429
793.652,0,402.206
757.533,0,471.198
818.633,0,506.811
777.871,0,401.194
719.092,0,452.885
754.495,0,518.542
788.8,0,354.356
181
-2101,0,-321.5
768.416,0,262.379
780.183,0,303.077
795.124,0,312.492
790.365,0,359.415
,,
779.39,0,310.897
723.531,0,313.133
685.784,0,293.503
778.533,0,397.719
754.868,0,474.326
816.215,0,496.35
770.666,0,396.921
717.121,0,454.697
725.717,0,526.675
782.498,0,358.617
182
-2112,0,-321
758.205,0,261.529
772.203,0,301.514
787.641,0,310.09
785.482,0,357.204
748.148,0,308.281
763.945,0,309.004
716.553,0,306.833
677.779,0,289.318
775.784,0,396.103
748.49,0,473.539
810.96,0,492.139
767.885,0,395.741
709.716,0,456.025
698.579,0,526.333
777.583,0,356.842
183
-2132,0,-322
751.032,0,263.332
770.569,0,307.899
788.044,0,311.727
774.497,0,323.41
743.277,0,265.295
755.059,0,311.827
704.6,0,308.098
673.479,0,282.969
770.868,0,406.854
740.046,0,480.678
802.187,0,497.953
761.149,0,401.062
703.134,0,465.267
680.067,0,537.127
766.841,0,358.358
184
-2147,0,-324
741.247,0,269.071
761.326,0,303.39
776.123,0,313.011
767.454,0,320.133
729.189,0,308.013
743.986,0,317.634
697.899,0,304.68
661.328,0,276.65
758.135,0,407.638
726.195,0,484.689
787.928,0,499.309
750.312,0,406.805
696.6,0,465.447
672.483,0,543.331
755.395,0,359.075
185
-2161,0,-325
737.156,0,266.986
749.21,0,307.848
773.579,0,302.191
758.566,0,292.835
725.581,0,305.628
732.717,0,314.245
686.198,0,301.929
656.912,0,275.341
755.345,0,411.721
709.305,0,478.91
771.576,0,492.705
739.592,0,410.241
694.291,0,469.554
671.14,0,546.839
751.908,0,363.723
186
-2178,0,-325.5
724.459,0,272.234
745.311,0,313.394
761.097,0,314.525
777.448,0,307.762
754.9,0,290.281
728.96,0,320.156
682.734,0,300.979
653.424,0,267.147
745.856,0,416.566
693.977,0,476.317
755.989,0,496.625
737.963,0,416.001
686.084,0,475.752
680.996,0,546.787
741.92,0,360.751
187
-2194,0,-326
722.74,0,270.805
733.693,0,311.987
757.26,0,314.842
773.923,0,308.889
760.115,0,291.275
717.031,0,317.939
670.848,0,304.374
644.184,0,261.289
737.033,0,416.013
690.142,0,474.1
743.228,0,496.472
729.178,0,415.061
674.431,0,472.196
689.433,0,545.752
734.888,0,367.928
188
-2210,0,-326
713.449,0,266.94
725.779,0,315.178
748.774,0,324.718
773.455,0,310.7
758.875,0,293.871
709.513,0,321.906
663.524,0,302.827
634.927,0,261.317
726.321,0,417.82
659.567,0,468.286
720.135,0,504.194
726.321,0,417.82
674.709,0,477.263
701.619,0,542.331
729.695,0,370.706
189
-2225,0,-327
703.935,0,269.775
724.102,0,311.214
746.961,0,321.108
770.493,0,323.115
763.994,0,306.673
707.742,0,317.762
662.024,0,297.974
633.34,0,263.752
723.2,0,414.404
656.412,0,456.368
705.937,0,524.142
715.356,0,413.735
670.082,0,481.365
712.435,0,540.584
719.393,0,366.418
190
-2239,0,-329
695.018,0,266.65
714.445,0,308.514
737.22,0,318.895
767.865,0,330.113
761.669,0,313.535
697.868,0,314.71
652.318,0,293.948
624.184,0,259.118
710.6,0,419.538
651.321,0,453.032
676.108,0,519.344
710.6,0,419.538
671.585,0,487.025
721.658,0,540.106
716.458,0,364.444
191
-2254,0,-330.5
691.929,0,266.834
710.965,0,316.766
734.841,0,319.199
765.869,0,330.36
758.717,0,321.632
687.088,0,314.333
648.908,0,294.444
612.341,0,258.723
700.476,0,419.68
640.731,0,453.584
657.346,0,527.265
708.435,0,420.491
669.339,0,488.494
728.975,0,534.565
713.276,0,372.992
192
-2276,0,-332.5
685.443,0,266.334
705.223,0,315.86
728.895,0,317.795
751.917,0,327.661
744.675,0,319.085
681.552,0,313.925
636.155,0,286.26
606.539,0,259.884
696.795,0,418.974
637.672,0,462.051
631.837,0,533.438
696.795,0,418.974
667.289,0,488.426
727.17,0,533.245
700.685,0,371.383
193
-2285,0,-331.5
683.817,0,269.857
695.791,0,318.745
672.644,0,308.868
634.281,0,289.763
605.147,0,255.442
719.586,0,320.69
750.017,0,339.148
712.303,0,312.11
688.011,0,413.928
627.949,0,464.913
614.182,0,535.651
695.942,0,414.576
657.731,0,491.302
726.525,0,528.864
691.901,0,366.337
194
-2304,0,-332
678.176,0,268.877
691.894,0,309.716
659.945,0,307.911
628.899,0,290.131
598.755,0,256.376
675.92,0,308.813
746,0,344.824
699.882,0,310.167
677.588,0,421.086
626.957,0,466.302
606.92,0,537.284
685.576,0,421.538
649.565,0,491.618
719.644,0,527.629
688.284,0,373.614
195
-2321,0,-333
676.433,0,267.628
683.37,0,315.305
707.187,0,323.758
738.649,0,348.222
723.007,0,332.032
659.553,0,306.853
619.917,0,290.127
596.63,0,257.925
681.071,0,418.218
623.847,0,472.382
606.259,0,543.273
681.071,0,418.218
639.489,0,488.573
710.764,0,521.846
682.132,0,370.72
196
-2336,0,-336
672.698,0,269.408
679.19,0,317.13
702.81,0,325.778
725.943,0,350.252
710.034,0,349.762
655.57,0,308.482
616.285,0,291.432
585.441,0,258.8
668.068,0,419.753
618.634,0,473.674
608.487,0,544.645
676.022,0,419.998
626.102,0,489.745
688.763,0,523.356
677.484,0,372.521
197
-2356.5,0,-336
657.44,0,274.034
673.481,0,321.965
697.266,0,329.861
713.203,0,353.793
697.37,0,353.861
649.697,0,314.068
602.093,0,290.274
578.204,0,258.377
666.016,0,425.998
618.794,0,490.204
603.238,0,554.272
666.016,0,425.998
618.794,0,490.204
674.384,0,529.963
673.724,0,377.964
198
-2371,0,-338
652.684,0,274.11
665.802,0,322.676
689.066,0,331.96
703.529,0,356.689
688.169,0,347.851
642.538,0,313.392
603.915,0,295.271
574.092,0,261.703
667.877,0,426.416
609.409,0,478.914
612.829,0,558.817
659.973,0,425.97
601.057,0,486.413
654.143,0,529.264
662.663,0,378.296
199
-2380.5,0,-333.5
647.734,0,281.273
661.371,0,322.106
684.307,0,339.426
698.846,0,364.285
675.46,0,354.952
645.48,0,321.209
599.158,0,294.557
569.178,0,260.814
663.457,0,426.389
612.177,0,487.597
633.309,0,536.866
655.511,0,425.941
596.736,0,478.713
633.309,0,536.866
666.162,0,378.465
200
-2399.5,0,-339
640.5,0,277.158
652.442,0,325.782
675.474,0,335.593
681.445,0,359.905
666.303,0,350.734
636.66,0,324.502
591.235,0,296.99
570.123,0,263.508
660.544,0,421.751
607.44,0,488.928
634.524,0,546.723
644.762,0,420.471
585.048,0,471.227
610.851,0,544.804
655.853,0,381.657
201
-2412.5,0,-336
638.786,0,280.755
651.501,0,321.918
666.802,0,331.185
672.189,0,363.727
648.267,0,361.787
635.553,0,320.624
589.003,0,300.797
567.668,0,266.962
659.042,0,426.871
606.025,0,486.781
641.368,0,545.831
643.094,0,425.577
582.751,0,476.868
592.878,0,549.925
654.948,0,378.381
202
-2427.5,0,-340
627.527,0,284.162
640.105,0,325.367
656.049,0,326.713
636.067,0,373.196
619.451,0,379.822
632.134,0,324.694
585.65,0,304.712
556.456,0,270.134
647.299,0,430.344
602.057,0,490.752
645.849,0,542.62
640.001,0,421.699
578.815,0,480.761
572.758,0,552.506
643.366,0,381.841
203
-2444.5,0,-344
621.108,0,279.615
640.334,0,321.844
655.249,0,331.547
658.662,0,371.979
617.332,0,383.299
624.521,0,320.046
577.981,0,306.748
549.949,0,271.528
644.466,0,426.426
597.744,0,485.185
647.698,0,538.915
628.653,0,424.629
574.923,0,474.583
551.023,0,543.945
641.951,0,378.088
204
-2449,0,-338.5
621.885,0,283.418
633.521,0,324.66
648.51,0,334.249
644.32,0,373.815
610.991,0,386.29
617.695,0,322.984
571.054,0,310.043
550.666,0,275.876
638.454,0,429.207
592.184,0,488.323
643.387,0,533.755
623.466,0,419.618
577.196,0,478.734
545.915,0,547.439
635.569,0,380.89
205
-2470.5,0,-343
609.821,0,276.894
622.499,0,325.042
638.211,0,326.053
635.177,0,373.19
602.741,0,386.879
606.787,0,324.031
560.662,0,305.284
546.972,0,272.849
631.637,0,428.182
580.456,0,487.997
641.282,0,523.467
616.431,0,419.315
565.249,0,479.13
537.13,0,548.317
627.321,0,372.684
206
-2477,0,-340
605.96,0,286.714
618.007,0,327.425
641.007,0,337.561
645.135,0,377.506
596.101,0,388.578
610.088,0,326.659
563.329,0,314.224
543.362,0,272.746
623.987,0,430.823
579.081,0,481.84
623.564,0,517.782
608.906,0,421.454
563.242,0,480.307
540.577,0,549.296
620.618,0,383.042
207
-2497,0,-346
604.021,0,284.19
616.835,0,324.831
632.023,0,333.909
636.353,0,381.847
595.712,0,394.661
600.46,0,331.535
554.302,0,312.192
540.895,0,279.442
617.01,0,428.004
572.808,0,488.163
626.263,0,515.99
601.229,0,426.817
564.918,0,487.569
544.388,0,549.509
612.68,0,380.066
208
-2506.5,0,-340
593.239,0,292.302
607.553,0,332.615
622.999,0,341.125
637.03,0,389.388
589.559,0,395.659
591.823,0,332.055
553.067,0,314.754
538.47,0,282.392
604.156,0,428.021
570.434,0,490.505
609.19,0,507.806
596.292,0,427.741
554.987,0,481.995
552.44,0,553.549
605.571,0,388.268
209
-2522.5,0,-347
591.885,0,293.898
605.728,0,334.442
629.154,0,343.615
634.643,0,391.694
610.399,0,398.411
589.838,0,333.623
550.523,0,323.631
537.089,0,275.142
600.816,0,429.782
542.745,0,474.587
597.132,0,501.287
592.871,0,429.373
557.816,0,491.295
554.542,0,554.855
603.272,0,382.112
210
-2533,0,-344.5
585.251,0,289.994
599.715,0,329.897
622.991,0,346.497
629.504,0,386.109
613.028,0,401.257
583.527,0,337.18
544.35,0,319.998
529.887,0,280.096
596.266,0,424.268
539.177,0,461.556
585.441,0,502.621
588.315,0,423.978
554.215,0,485.73
567.529,0,557.09
597.703,0,384.947
211
-2545,0,-346
584.3,0,288.588
597.955,0,328.706
612.848,0,345.249
626.503,0,385.367
609.961,0,400.26
581.825,0,335.74
542.944,0,325.819
529.289,0,285.7
585.147,0,422.599
528.486,0,451.147
622.379,0,463.955
585.147,0,422.599
557.859,0,492.09
578.136,0,556.197
595.068,0,383.717
212
-2556,0,-345.5
578.862,0,290.191
594.524,0,329.638
610.386,0,337.608
625.998,0,384.926
609.987,0,400.564
578.614,0,329.538
538.837,0,329.286
523.175,0,289.839
585.972,0,424.021
522.18,0,447.227
553.703,0,494.645
585.972,0,424.021
561.658,0,494.695
593.131,0,549.982
586.271,0,376.805
213
-2571,0,-349
574.622,0,282.704
588.324,0,323.043
611.184,0,340.102
624.886,0,380.441
599.927,0,402.882
580.004,0,330.523
540.504,0,328.425
518.902,0,287.666
583.287,0,417.842
519.248,0,430.285
539.591,0,494.744
575.387,0,417.423
555.81,0,487.683
591.953,0,552.981
585.386,0,378.343
214
-2580,0,-350
572.998,0,279.232
579.523,0,319.039
602.689,0,335.681
617.12,0,375.765
600.202,0,406.837
571.34,0,326.669
539.439,0,333.47
516.825,0,301.016
576.207,0,413.915
512.404,0,427.517
526.006,0,491.32
576.207,0,413.915
557.908,0,484.519
603.135,0,549.427
577.589,0,374.383
215
-2593,0,-347
562.142,0,285.625
585.119,0,317.648
600.562,0,333.754
615.443,0,373.453
598.876,0,404.534
569.302,0,317.272
537.291,0,332.247
514.314,0,300.224
567.24,0,403.78
511.504,0,418.19
510.004,0,481.106
574.962,0,411.833
557.458,0,482.236
595.69,0,538.229
576.086,0,364.647
216
-2604,0,-349
556.576,0,279.05
577.927,0,312.337
600.434,0,329.848
613.318,0,370.444
595.228,0,400.839
569.46,0,319.647
544.64,0,333.687
514.823,0,307.71
563.677,0,398.526
514.614,0,418.719
502.099,0,481.244
570.986,0,406.992
557.893,0,477.405
593.862,0,527.624
573.878,0,367.553
217
-2617,0,-347.5
556.587,0,272.283
568.917,0,313.039
591.864,0,322.971
612.072,0,364.412
585.701,0,393.867
568.917,0,313.039
543.231,0,334.617
513.092,0,316.123
561.384,0,399.689
512.066,0,419.212
490.833,0,480.861
561.384,0,399.689
546.659,0,477.777
590.498,0,521.272
572.686,0,360.988
218
-2625,0,-349
549.835,0,272.493
572.313,0,313.368
588,0,321.964
602.484,0,362.538
585.592,0,385.919
564.318,0,313.067
555.421,0,336.749
516.051,0,319.255
561.007,0,401.004
512.138,0,423.181
486.048,0,478.239
561.007,0,401.004
542.309,0,472.351
589.071,0,506.135
570.506,0,361.334
219
-2637,0,-350
549.337,0,271.795
562.506,0,305.061
585.03,0,323.079
597.505,0,364.315
580.18,0,378.869
561.813,0,313.03
559.734,0,336.94
512.608,0,324.813
562.854,0,393.423
512.263,0,421.145
490.78,0,483.519
562.854,0,393.423
532.015,0,471.043
585.726,0,499.803
565.626,0,361.543
220
-2650,0,-348.5
538.655,0,271.105
558.847,0,305.345
573.771,0,315.002
553.578,0,352.753
690.533,0,487.957
558.847,0,305.345
555.334,0,336.95
515.828,0,332.56
557.089,0,393.138
513.192,0,428.254
491.243,0,481.807
557.089,0,393.138
525.482,0,461.616
579.036,0,483.565
561.48,0,353.631
221
-2657,0,-350.5
541.123,0,268.917
560.074,0,304.142
566.789,0,313.248
551.709,0,359.514
548.125,0,383.245
550.969,0,310.858
563.204,0,336.978
514.548,0,337.719
562.75,0,393.545
514.835,0,442.942
566.622,0,475.037
562.75,0,393.545
513.64,0,450.852
491.844,0,488.014
560.815,0,352.799
222
-2668,0,-352
531.816,0,269.982
549.65,0,304.946
557.385,0,306.288
547.989,0,360.429
537.571,0,374.555
549.65,0,304.946
559.75,0,338.568
518.394,0,347.326
559.432,0,386.316
511.364,0,433.746
501.969,0,487.887
551.697,0,384.974
502.288,0,440.138
555.086,0,457.268
558.408,0,346.302
223
-2679,0,-350
532.851,0,275.632
543.489,0,301.846
549.596,0,311.11
546.236,0,366.488
520.022,0,377.126
549.596,0,311.11
560.234,0,337.323
524.756,0,354.068
558.451,0,385.016
516.661,0,432.505
504.037,0,493.991
550.765,0,383.438
493.604,0,427.77
545.826,0,446.503
557.078,0,352.695
224
-2688,0,-352
523.499,0,271.256
545.059,0,307.898
545.059,0,307.898
565.429,0,336.736
537.782,0,364.91
545.059,0,307.898
557.625,0,337.926
522.173,0,367.291
558.151,0,393.748
525.08,0,438.722
502.193,0,498.114
549.157,0,387.134
482.487,0,421.259
517.275,0,439.912
552.2,0,354.726
225
-2700,0,-351
515.435,0,281.417
534.471,0,302.738
538.2,0,320.185
530.351,0,351.208
493.85,0,366.729
540.162,0,312.43
559.199,0,333.75
541.734,0,370.592
553.116,0,389.976
531.727,0,442.329
516.029,0,504.374
545.463,0,388.04
474.423,0,411.326
524.074,0,440.393
545.658,0,355.081
226
-2706,0,-353
517.455,0,274.229
538.168,0,314.293
528.187,0,319.539
518.582,0,350.064
491.041,0,358.171
545.748,0,316.678
563.684,0,339.096
544.098,0,374.866
554.455,0,394.898
527.665,0,453.562
526.016,0,511.75
546.875,0,392.513
471.455,0,393.942
517.309,0,433.53
543.722,0,349.588
227
-2718,0,-352
515.417,0,275.108
529.722,0,312.079
525.466,0,327.393
511.474,0,348.25
476.792,0,355.107
544.935,0,316.308
555.891,0,335.851
550.727,0,383.907
533.386,0,387.336
468.279,0,385.736
505.403,0,429.05
548.599,0,391.564
531.572,0,452.821
531.886,0,510.649
541.9,0,356.708
228
-2726,0,-353
508.366,0,282.442
534.356,0,312.849
523.056,0,326.717
502.203,0,346.645
469.229,0,347.467
542.163,0,314.595
560.345,0,343.255
559.421,0,384.037
534.254,0,386.605
471.797,0,372.635
500.355,0,428.209
549.868,0,390.098
535.898,0,452.554
539.288,0,510.696
541.239,0,355.377
229
-2735,0,-354
508.429,0,279.158
523.921,0,309.107
519.102,0,324.253
496.727,0,342.154
461.615,0,347.663
539.068,0,313.925
554.56,0,343.874
560.069,0,378.986
532.53,0,386.904
471.943,0,367.629
480.207,0,420.297
547.676,0,391.723
543.548,0,457.129
544.238,0,507.387
534.594,0,354.201
230
-2743,0,-354.5
501.078,0,270.358
521.734,0,310.289
519.325,0,317.862
489.376,0,333.354
454.264,0,338.863
529.307,0,312.698
552.372,0,345.056
565.455,0,382.578
530.343,0,388.087
472.165,0,361.238
470.446,0,419.07
545.489,0,392.905
543.77,0,450.738
552.033,0,503.406
532.407,0,355.384
231
-2752,0,-354.5
499.456,0,278.063
516.755,0,309.38
509.09,0,317.701
485.767,0,334.673
445.801,0,336.314
525.077,0,317.045
550.37,0,348.033
567.669,0,379.349
536.025,0,388.656
538.322,0,444.609
556.935,0,507.898
536.025,0,388.656
470.765,0,359.309
457.077,0,415.918
526.718,0,357.011
232
-2760,0,-353
496.952,0,271.356
510.308,0,308.54
507.929,0,316.017
485.546,0,333.597
452.673,0,331.372
527.933,0,305.914
551.291,0,338.046
557.023,0,372.804
547.021,0,377.856
543.238,0,442.521
567.083,0,499.51
547.021,0,377.856
468.407,0,361.079
451.756,0,413.417
531.287,0,348.149
233
-2770,0,-353
491.079,0,274.33
506.374,0,303.897
503.995,0,311.374
481.905,0,329.047
447.24,0,334.486
521.327,0,308.655
544.099,0,340.6
566.87,0,372.546
542.061,0,372.887
537.984,0,437.459
563.475,0,486.737
534.584,0,370.508
470.011,0,366.432
448.262,0,408.914
526.766,0,343.32
234
-2775,0,-355
484.529,0,269.222
507.594,0,301.58
505.185,0,309.153
480.4,0,334.628
440.124,0,330.154
522.741,0,306.399
545.806,0,338.756
561.297,0,368.705
543.741,0,371.459
529.63,0,442.028
570.596,0,496.761
526.185,0,374.214
468.353,0,372.494
438.75,0,413.115
528.25,0,341.511
235
-2789,0,-355
482.792,0,265.249
505.563,0,297.195
503.185,0,304.672
478.716,0,329.822
446.43,0,327.784
513.04,0,299.574
543.289,0,333.898
551.106,0,361.086
541.25,0,366.184
529.697,0,428.378
565.044,0,472.558
523.918,0,368.904
464.444,0,374.683
435.217,0,414.787
525.956,0,336.617
236
-2794,0,-354.5
481.013,0,264.384
504.126,0,296.591
501.733,0,304.114
477.012,0,329.388
451.899,0,329.683
511.699,0,299
542.386,0,333.617
550.352,0,361.005
540.385,0,366.119
528.811,0,428.714
567.07,0,465.74
525.238,0,361.3
467.831,0,384.46
438.324,0,424.78
517.272,0,333.912
237
-2799,0,-355
476.202,0,263.377
499.42,0,295.949
504.618,0,305.998
479.67,0,331.641
454.374,0,331.988
507.044,0,298.374
537.885,0,333.372
553.479,0,363.518
535.807,0,366.291
524.028,0,429.704
564.918,0,459.503
520.56,0,361.44
460.267,0,392.629
438.091,0,435.944
512.589,0,333.719
238
-2808,0,-355.5
480.347,0,269.349
498.432,0,291.666
503.663,0,301.612
486.469,0,329.269
458.814,0,337.034
506.056,0,294.092
529.372,0,326.355
542.672,0,363.713
535.049,0,361.287
513.515,0,428.971
559.256,0,443.524
519.802,0,356.437
467.329,0,389.432
450.58,0,442.076
511.733,0,329.024
239
-2814,0,-356.5
482.061,0,268.718
499.789,0,291.028
497.381,0,298.597
485.341,0,336.442
460.389,0,336.839
504.896,0,300.988
530.138,0,325.689
543.049,0,363.137
525.612,0,365.924
508.756,0,418.908
553.843,0,433.252
510.583,0,361.143
466.076,0,396.994
456.735,0,452.368
512.701,0,328.476
240
-2821,0,-355
,,
490.239,0,287.704
495.287,0,297.642
493.114,0,330.277
475.797,0,333.099
502.742,0,300.014
527.75,0,324.633
533.032,0,359.639
523.17,0,364.833
506.321,0,417.793
546.004,0,422.087
508.259,0,360.09
469.044,0,405.934
464.465,0,446.135
510.432,0,327.455
241
-2829,0,-356.5
467.69,0,256.377
492.444,0,287.144
500.587,0,294.756
494.399,0,334.741
470.948,0,335.704
492.77,0,295.077
517.85,0,333.777
526.97,0,365.187
511.336,0,365.829
497.657,0,414.068
536.742,0,412.462
503.519,0,366.15
473.881,0,407.098
537.068,0,420.395
501.89,0,326.487
242
-2832,0,-356.5
467.078,0,258.141
492.163,0,288.637
500.093,0,288.312
494.101,0,335.847
470.309,0,336.825
492.486,0,296.506
509.64,0,327.328
519.187,0,366.344
511.256,0,366.67
489.402,0,414.857
520.802,0,405.686
495.394,0,367.321
473.541,0,415.508
467.549,0,463.044
501.709,0,327.653
243
-2841,0,-357.5
468.777,0,255.828
485.683,0,286.433
501.627,0,293.603
510.722,0,324.528
479.797,0,333.623
486.004,0,294.245
503.232,0,332.661
512.647,0,371.398
496.703,0,364.228
483.005,0,411.739
521.421,0,394.512
496.703,0,364.228
475.193,0,412.06
477.118,0,458.93
495.099,0,325.17
244
-2845,0,-359.5
468.743,0,251.069
486.104,0,289.783
501.848,0,289.137
503.141,0,320.625
480.171,0,337.34
478.555,0,297.979
495.592,0,328.821
505.081,0,367.858
497.209,0,368.182
483.404,0,416.061
477.472,0,463.617
496.886,0,360.309
475.532,0,416.384
477.472,0,463.617
495.592,0,328.821
245
-2852.5,0,-358
470.226,0,250.114
479.327,0,281.06
495.282,0,288.235
504.704,0,326.999
498.492,0,366.405
479.969,0,296.694
489.07,0,327.641
498.492,0,366.405
498.171,0,358.588
477.288,0,422.086
,,
490.354,0,358.909
484.784,0,413.948
486.068,0,445.216
496.887,0,327.32
246
-2860,0,-357.5
,,
,,
500.67,0,294.525
515.92,0,324.007
504.061,0,361.283
,,
488.811,0,331.802
494.234,0,366.367
513.888,0,356.2
509.145,0,371.111
511.856,0,388.393
489.15,0,356.54
491.862,0,373.822
,,
491.183,0,324.346
247
-2871.5,0,-358
478.842,0,256.822
481.602,0,278.862
505,0,286.957
515.334,0,324.795
504.325,0,326.257
471.972,0,291.344
487.121,0,322.941
483.686,0,340.201
507.084,0,348.297
,,
,,
496.075,0,349.759
,,
,,
498.13,0,321.478
248
-2877,0,-357.5
,,
486.618,0,278.324
499.007,0,287.882
525.164,0,318.016
509.341,0,325.72
476.988,0,290.806
474.933,0,319.087
481.128,0,323.866
499.711,0,338.202
,,
,,
493.517,0,333.423
,,
,,
490.757,0,311.384
249
-2881,0,-357
,,
484.637,0,278.495
501.804,0,281.858
527.998,0,311.946
507.467,0,325.751
468.885,0,286.106
473.132,0,319.025
479.327,0,323.804
497.91,0,338.14
,,
,,
491.715,0,333.361
,,
,,
488.884,0,311.415
250
-2888,0,-359
,,
,,
502.084,0,282.316
517.335,0,311.797
505.136,0,324.336
,,
,,
,,
490.565,0,344.33
,,
,,
473.282,0,347.042
,,
,,
480.398,0,324.676
251
-2897,0,-357.5
,,
473.3,0,271.926
496.662,0,280.067
522.856,0,310.155
507.104,0,317.766
463.743,0,284.315
466.574,0,306.261
,,
497.547,0,330.155
,,
,,
,,
,,
,,
483.742,0,309.624
252
-2904,0,-358.5
453.128,0,245.803
468.325,0,275.452
490.691,0,282.568
515.733,0,307.078
493.653,0,324.869
458.48,0,280.592
456.377,0,313.009
454.273,0,345.427
486.484,0,347.403
456.949,0,362.821
459.911,0,405.122
471.573,0,342.659
474.822,0,409.866
504.929,0,444.259
481.132,0,312.614
253
-2910,0,-358.5
447.212,0,244.649
463.95,0,273.457
486.659,0,279.384
510.967,0,310.168
499.415,0,323.446
452.398,0,286.734
453.996,0,311.591
444.042,0,349.725
485.873,0,344.351
449.621,0,359.328
452.817,0,409.04
476.313,0,350.002
469.947,0,405.365
501.825,0,438.125
476.706,0,317.518
254
-2917,0,-358.5
448.593,0,247.953
465.287,0,276.926
487.997,0,282.854
514.266,0,306.121
502.686,0,319.51
448.142,0,280.656
447.692,0,313.36
437.666,0,351.771
489.101,0,340.58
450.8,0,363.404
446.339,0,411.472
471.956,0,344.31
471.054,0,409.718
499.329,0,425.303
472.406,0,311.606
255
-2924,0,-359
,,
,,
501.25,0,298.056
514.374,0,309.686
495.236,0,321.097
,,
514.374,0,309.686
495.236,0,321.097
489.221,0,344.137
,,
,,
489.221,0,344.137
,,
,,
,,
256
-2929,0,-359
,,
,,
,,
506.771,0,307.53
495.197,0,320.916
,,
504.766,0,315.21
495.197,0,320.916
489.183,0,343.956
,,
,,
489.183,0,343.956
,,
,,
,,
257
-2934,0,-358
,,
,,
484.507,0,289.201
505.729,0,313.504
490.274,0,322.124
,,
,,
,,
479.331,0,324.212
,,
,,
,,
,,
,,
470.975,0,308.795
258
-2940,0,-358
,,
,,
,,
504.742,0,313.923
,,
,,
,,
,,
,,
,,
,,
,,
495.173,0,319.629
,,
,,
259
-2946,0,-358
,,
,,
,,
,,
,,
,,
,,
533.205,0,195.973
,,
,,
,,
,,
,,
,,
,,
260
-2951,0,-359
,,
,,
,,
,,
,,
,,
,,
,,
,,
,,
,,
,,
,,
,,
,,
261
-2957,0,-359
,,
,,
,,
,,
,,
,,
,,
,,
,,
,,
,,
,,
,,
,,
,,
262
-2962,0,-360
,,
,,
,,
,,
,,
,,
,,
,,
,,
,,
,,
,,
,,
,,
,,
263
-2967,0,-359
,,
,,
,,
,,
,,
,,
,,
,,
,,
,,
,,
,,
,,
,,
,,
264
-2972,0,-358.5
,,
,,
,,
,,
,,
,,
,,
,,
,,
,,
,,
,,
,,
,,
,,
265
-2976,0,-358
,,
,,
,,
,,
,,
,,
,,
,,
,,
,,
,,
,,
,,
,,
,,
266
-2981,0,-358
,,
,,
,,
,,
,,
,,
,,
,,
,,
,,
,,
,,
,,
,,
,,
267
-2985,0,-358
,,
,,
,,
,,
,,
,,
,,
,,
,,
,,
,,
,,
,,
,,
,,
268
-2991,0,-358.5
,,
,,
,,
,,
,,
,,
,,
,,
,,
,,
,,
,,
,,
,,
,,
269
-2994,0,-358.5
,,
,,
,,
,,
505.858,0,286.161
,,
,,
,,
,,
,,
,,
,,
,,
,,
,,
270
-2999,0,-358.5
,,
,,
,,
,,
,,
,,
,,
,,
,,
,,
,,
,,
,,
,,
,,
271
-3002,0,-358.5
,,
,,
,,
,,
,,
,,
,,
,,
,,
,,
,,
,,
,,
,,
,,
272
-3006,0,-358.5
,,
,,
,,
,,
,,
,,
,,
,,
,,
,,
,,
,,
,,
,,
,,
273
-3010,0,-358.5
,,
,,
,,
,,
,,
,,
,,
,,
,,
,,
,,
,,
,,
,,
,,
274
-3015,0,-358.5
,,
,,
,,
,,
,,
,,
,,
,,
,,
,,
,,
,,
,,
,,
,,
275
-3019,0,-358.5
,,
,,
,,
,,
,,
,,
,,
,,
,,
,,
,,
,,
,,
,,
,,
276
-3022,0,-358.5
,,
,,
,,
,,
,,
,,
,,
,,
,,
,,
,,
,,
,,
,,
,,
277
-3025,0,-358.5
,,
,,
,,
,,
,,
,,
,,
,,
,,
,,
,,
,,
,,
,,
,,
278
-3028,0,-358.5
,,
,,
,,
,,
,,
,,
,,
,,
,,
,,
,,
,,
,,
,,
,,
279
-3030,0,-358.5
,,
,,
,,
,,
,,
,,
,,
,,
,,
,,
,,
,,
,,
,,
,,
280
-3033,0,-358.5
,,
,,
,,
,,
,,
,,
,,
,,
,,
,,
,,
,,
,,
,,
,,
281
-3036,0,-357.5
,,
,,
,,
,,
,,
,,
,,
,,
,,
,,
,,
,,
,,
,,
,,
282
-3038,0,-357.5
,,
,,
,,
,,
,,
,,
,,
,,
,,
,,
,,
,,
,,
,,
,,
283
-3039,0,-357
,,
,,
,,
,,
,,
,,
,,
,,
,,
,,
,,
,,
,,
,,
,,
284
-3041,0,-357
,,
,,
,,
,,
,,
,,
,,
,,
,,
,,
,,
,,
,,
,,
,,
285
-3041,0,-357
,,
,,
,,
,,
,,
,,
,,
,,
,,
,,
,,
,,
,,
,,
,,
286
-3048,0,-356.5
,,
,,
,,
,,
,,
,,
,,
,,
,,
,,
,,
,,
,,
,,
,,
287
-3050,0,-356.5
,,
,,
,,
,,
,,
,,
,,
,,
,,
,,
,,
,,
,,
,,
,,
288
-3052,0,-357.5
,,
,,
,,
,,
,,
,,
,,
,,
,,
,,
,,
,,
,,
,,
,,
289
-3055,0,-358
,,
,,
,,
,,
,,
,,
,,
,,
,,
,,
,,
,,
,,
,,
,,
290
-3057,0,-357.5
,,
,,
,,
,,
,,
,,
,,
,,
,,
,,
,,
,,
,,
,,
,,
291
-3059,0,-357.5
,,
,,
,,
,,
,,
,,
,,
,,
,,
,,
,,
,,
,,
,,
,,
292
-3061,0,-357.5
,,
,,
,,
,,
,,
,,
,,
,,
,,
,,
,,
,,
,,
,,
,,
293
-3063,0,-356.5
,,
,,
,,
,,
,,
,,
,,
,,
,,
,,
,,
,,
,,
,,
,,
294
-3066,0,-356.5
,,
,,
,,
,,
,,
,,
,,
,,
,,
,,
,,
,,
,,
,,
,,
