data/BP_videos/17.MOV
0
-719.5,0,-420.5
716.105,0,344
716.105,0,368
708.316,0,368
708.316,0,392
700.526,0,400
723.895,0,376
716.105,0,400
700.526,0,392
708.316,0,408
716.105,0,448
731.684,0,480
716.105,0,408
708.316,0,448
692.737,0,480
716.105,0,392
1
-720.5,0,-420.5
711.865,0,341.376
713.292,0,364.811
705.955,0,373.098
699.094,0,389.197
699.094,0,389.197
721.579,0,372.147
715.193,0,396.058
699.094,0,389.197
707.857,0,404.345
718.045,0,442.927
735.57,0,473.223
716.144,0,411.681
710.234,0,443.403
696.512,0,475.6
714.718,0,388.246
2
-721.5,0,-421.5
717.048,0,341.486
717,0,364.965
709.158,0,372.775
701.301,0,388.411
693.474,0,388.395
724.81,0,372.806
716.937,0,396.269
701.301,0,388.411
709.095,0,404.079
716.842,0,443.225
732.431,0,474.561
716.905,0,411.921
709.016,0,443.209
693.284,0,482.308
716.953,0,388.443
3
-722.5,0,-421.5
712.217,0,345.236
713.645,0,368.692
705.66,0,369.178
706.611,0,384.816
699.102,0,393.121
729.615,0,367.72
723.057,0,391.663
707.087,0,392.635
708.039,0,408.272
717.927,0,439.062
736.277,0,477.184
716.024,0,407.786
709.942,0,439.548
696.351,0,479.614
715.072,0,392.149
4
-721.5,0,-421.5
715.816,0,345.323
715.862,0,360.99
707.885,0,368.847
707.955,0,392.347
699.955,0,392.371
723.885,0,368.8
723.955,0,392.299
707.955,0,392.347
708.001,0,408.013
716.094,0,439.323
732.187,0,470.609
724.001,0,407.966
708.117,0,447.18
692.21,0,478.561
715.932,0,384.49
5
-722.5,0,-421.5
720.201,0,342.012
720.13,0,366.012
712.107,0,373.988
800.035,0,398.249
696.059,0,389.941
728.107,0,374.036
720.036,0,398.012
704.036,0,397.964
712.012,0,405.988
719.893,0,446.012
735.798,0,478.059
719.988,0,414.012
711.893,0,445.988
695.775,0,485.94
720.059,0,390.012
6
-722.5,0,-421.5
713.124,0,346.786
714.101,0,362.589
706.688,0,370.979
707.664,0,386.783
803.46,0,396.726
730.393,0,369.514
723.956,0,393.708
700.251,0,395.172
709.129,0,410.487
718.984,0,441.605
736.74,0,472.235
717.031,0,409.999
711.082,0,442.094
800.93,0,484.132
715.566,0,386.294
7
-722.5,0,-421.5
717.916,0,343.886
717.932,0,367.219
710.007,0,367.225
710.023,0,390.558
702.097,0,390.564
797.197,0,374.941
797.214,0,398.275
702.097,0,390.564
710.034,0,406.114
717.981,0,437.219
733.855,0,468.319
717.96,0,406.108
805.172,0,444.936
694.231,0,476.125
717.949,0,390.552
8
-723.5,0,-421.5
713.719,0,339.807
715.186,0,363.094
707.913,0,371.345
701.128,0,387.359
701.128,0,387.359
723.437,0,370.367
717.142,0,394.143
701.617,0,395.121
710.357,0,410.157
720.075,0,440.718
729.794,0,471.278
718.12,0,409.668
798.188,0,443.591
691.471,0,481.485
716.653,0,386.381
9
-724.5,0,-421.5
718.387,0,342.655
718.211,0,366.432
710.375,0,374.3
702.48,0,390.094
702.421,0,398.02
725.93,0,374.415
717.976,0,398.135
702.48,0,390.094
710.14,0,406.003
717.624,0,445.689
732.944,0,477.507
717.918,0,406.06
709.846,0,445.631
795.106,0,485.894
718.035,0,390.209
10
-724.5,0,-420.5
713.342,0,339.78
714.943,0,363.058
707.717,0,371.351
708.784,0,386.87
701.025,0,387.404
723.236,0,370.284
795.205,0,396.519
709.318,0,394.63
710.385,0,410.149
720.279,0,440.653
730.173,0,471.157
718.144,0,409.615
712.519,0,441.186
801.075,0,481.873
716.544,0,386.337
11
-724.5,0,-420.5
716.921,0,341.938
716.613,0,365.293
708.828,0,365.19
708.521,0,388.545
700.736,0,388.443
802.146,0,374.205
723.988,0,396.535
809.624,0,397.663
708.316,0,404.116
715.589,0,443.143
730.749,0,474.488
716.101,0,404.218
801.224,0,444.27
800.712,0,483.196
716.306,0,388.648
12
-725.5,0,-421.5
719.326,0,340.999
721.09,0,364.29
713.701,0,372.657
803.213,0,389.303
811.19,0,388.699
729.655,0,371.449
723.441,0,395.344
715.464,0,395.948
716.052,0,403.711
718.992,0,442.529
737.297,0,472.375
724.617,0,410.871
711.014,0,443.133
697.412,0,475.395
722.853,0,387.58
13
-725.5,0,-422.5
717.039,0,339.934
724.673,0,364.053
716.553,0,371.931
804.177,0,397.267
812.176,0,397.388
732.551,0,372.174
724.187,0,396.05
708.188,0,395.806
715.944,0,411.926
715.457,0,443.922
698.851,0,483.674
723.943,0,412.048
723.456,0,444.044
738.968,0,476.284
716.309,0,387.929
14
-726.5,0,-422.5
718.762,0,343.856
725.789,0,368.159
717.796,0,367.837
708.836,0,391.495
820.745,0,396.006
733.461,0,376.475
724.5,0,400.133
708.836,0,391.495
716.185,0,407.805
722.567,0,448.094
737.265,0,480.713
724.178,0,408.127
714.574,0,447.772
697.298,0,479.102
724.823,0,392.14
15
-726.5,0,-423.5
725.348,0,346.088
724.817,0,370.082
716.819,0,369.905
804.267,0,395.847
812.265,0,396.024
732.815,0,370.26
724.286,0,394.077
708.29,0,393.723
715.934,0,409.896
819.023,0,452.187
810.14,0,492.001
723.932,0,410.073
715.226,0,441.888
698.344,0,481.524
724.286,0,394.077
16
-726.5,0,-423.5
721.841,0,340.516
723.814,0,363.789
708.956,0,372.862
710.271,0,388.378
702.513,0,389.036
732.229,0,370.89
726.444,0,394.821
710.928,0,396.136
712.243,0,411.652
722.631,0,442.026
733.019,0,472.4
720.001,0,410.994
714.873,0,442.683
694.23,0,475.688
718.029,0,387.721
17
-728.5,0,-423.5
718.716,0,348.77
719.981,0,364.433
712.853,0,372.891
800.749,0,397.323
808.509,0,396.696
728.374,0,371.638
722.512,0,395.759
706.991,0,397.013
715.384,0,404.218
718.547,0,443.376
736.598,0,473.449
723.777,0,411.423
812.937,0,451.517
698.428,0,484.415
721.879,0,387.928
18
-728.5,0,-423.5
720.916,0,345.72
720.574,0,369.074
712.789,0,368.961
712.448,0,392.315
712.448,0,392.315
806.208,0,370.328
728.017,0,392.543
712.448,0,392.315
720.005,0,407.999
719.549,0,439.138
734.663,0,470.506
720.005,0,407.999
820.639,0,448.404
703.41,0,477.835
720.233,0,392.429
19
-729.5,0,-422.5
720.089,0,344.721
720.43,0,368.076
712.646,0,368.19
712.987,0,391.544
705.202,0,391.658
736.114,0,375.633
728.557,0,391.316
712.987,0,391.544
713.215,0,407.114
721.57,0,445.924
737.595,0,476.836
721,0,407
713.785,0,446.038
698.671,0,477.406
720.772,0,391.43
20
-729.5,0,-422.5
722.87,0,345.391
723.985,0,368.722
716.137,0,369.097
717.253,0,392.428
811.431,0,387.924
732.206,0,376.123
725.101,0,392.052
709.405,0,392.803
717.997,0,407.981
719.484,0,439.089
824.114,0,488.647
725.845,0,407.606
719.484,0,439.089
697.799,0,479.099
725.101,0,392.052
21
-729.5,0,-423.5
724.885,0,341.713
725.24,0,365.09
717.566,0,373.001
710.011,0,388.704
710.13,0,396.496
733.151,0,372.764
725.714,0,396.259
710.13,0,396.496
718.04,0,404.17
726.425,0,443.012
742.483,0,473.944
725.951,0,411.843
718.633,0,443.131
820.642,0,488.344
725.595,0,388.467
22
-730.5,0,-423.5
723.326,0,348.942
724.01,0,364.652
716.567,0,372.845
709.466,0,388.894
709.808,0,396.749
732.138,0,372.167
733.165,0,395.731
717.594,0,396.409
718.278,0,412.119
727.433,0,443.198
736.588,0,474.277
726.064,0,411.779
719.648,0,443.537
823.258,0,494.108
725.037,0,388.215
23
-731.5,0,-423.5
725.698,0,345.115
726.13,0,368.697
820.603,0,374.829
813.174,0,398.556
821.035,0,398.412
734.135,0,376.414
734.567,0,399.996
710.841,0,392.567
718.989,0,408.145
719.71,0,447.449
743.868,0,478.46
726.85,0,408.001
719.71,0,447.449
704.564,0,479.18
726.562,0,392.279
24
-732.5,0,-423
725.324,0,347.915
726.364,0,371.478
718.51,0,371.825
814.149,0,399.084
822.004,0,398.737
734.219,0,371.132
735.258,0,394.695
719.55,0,395.388
720.243,0,411.097
729.484,0,442.168
738.724,0,473.239
728.097,0,410.75
721.629,0,442.515
707.653,0,482.48
727.057,0,387.187
25
-731.5,0,-423
727.695,0,343.942
728.135,0,367.938
720.421,0,376.081
712.853,0,392.222
712.853,0,392.222
736.142,0,375.793
728.721,0,399.933
713,0,400.221
721.007,0,408.076
729.6,0,447.925
745.908,0,479.632
729.014,0,415.93
721.74,0,448.069
832.67,0,494.045
728.575,0,391.934
26
-733.5,0,-423
730.471,0,347.735
731.417,0,371.716
723.423,0,372.032
716.375,0,396.328
716.375,0,396.328
739.726,0,379.395
732.678,0,403.691
716.375,0,396.328
725,0,412
726.576,0,451.969
743.825,0,483.314
732.994,0,411.685
838.805,0,455.549
703.856,0,484.89
732.363,0,395.698
27
-733.5,0,-422.5
729.545,0,349.083
730.088,0,372.677
722.09,0,372.861
818.607,0,394.248
826.786,0,401.928
738.086,0,372.493
738.628,0,396.087
722.632,0,396.455
722.994,0,412.184
723.899,0,451.507
708.626,0,483.333
730.992,0,412
731.716,0,443.458
748.435,0,474.549
730.45,0,388.406
28
-733.5,0,-422.5
732.443,0,348.794
733.398,0,372.375
829.638,0,376.35
822.599,0,400.255
830.593,0,399.931
741.391,0,372.051
734.353,0,395.956
726.36,0,396.279
726.996,0,412
728.27,0,443.441
745.53,0,474.234
734.99,0,411.676
840.815,0,454.629
705.881,0,483.713
734.353,0,395.956
29
-735.5,0,-423.5
730.545,0,347.072
731.088,0,370.665
835.241,0,376.139
827.786,0,399.917
827.786,0,399.917
747.264,0,378.162
739.809,0,401.94
715.635,0,394.627
723.994,0,410.172
732.896,0,449.311
837.954,0,494.108
731.992,0,409.988
724.899,0,449.495
709.626,0,481.322
731.63,0,394.259
30
-736.5,0,-423.5
734.423,0,346.795
735.378,0,370.375
727.703,0,378.559
824.58,0,398.255
832.573,0,397.931
743.69,0,377.912
736.652,0,401.816
720.346,0,394.604
728.977,0,410
730.568,0,449.301
747.829,0,480.095
736.97,0,409.676
730.568,0,449.301
707.861,0,481.713
736.333,0,393.956
31
-739.5,0,-422.5
732.534,0,347.083
733.076,0,370.677
837.23,0,376.15
829.774,0,399.928
837.772,0,399.744
749.253,0,378.173
741.798,0,401.951
717.623,0,394.638
725.983,0,410.184
734.885,0,449.323
751.604,0,480.413
733.981,0,410
726.887,0,449.506
711.615,0,481.333
733.619,0,394.27
32
-737.5,0,-422
737.442,0,346.774
738.398,0,370.354
730.404,0,370.678
723.366,0,394.582
835.592,0,397.91
746.709,0,377.891
739.671,0,401.795
715.372,0,394.906
731.996,0,409.979
733.588,0,449.28
750.848,0,480.074
740.308,0,417.516
725.594,0,449.604
710.881,0,481.692
731.359,0,394.259
33
-734.5,0,-421
736.773,0,351.062
737.076,0,366.793
729.229,0,374.812
833.816,0,404.269
841.815,0,404.115
745.226,0,374.504
737.682,0,398.253
721.685,0,398.562
729.987,0,414.138
738.592,0,445.445
755.195,0,476.597
737.985,0,413.984
730.593,0,445.599
715.354,0,485.233
737.682,0,398.253
34
-736.5,0,-420.5
731.195,0,351.15
732.238,0,374.727
724.379,0,375.075
725.421,0,398.652
835.795,0,401.644
747.956,0,374.032
741.139,0,397.956
717.562,0,398.999
733.976,0,414.022
735.366,0,445.458
752.475,0,476.199
741.835,0,413.674
727.855,0,453.665
713.527,0,485.796
733.28,0,398.304
35
-736,0,-419
738.784,0,349.572
736.23,0,373.435
848.445,0,377.4
837.936,0,400.412
845.891,0,401.264
752.139,0,375.138
741.63,0,398.15
717.766,0,395.596
739.927,0,414.06
847.886,0,457.797
843.629,0,497.57
739.927,0,414.06
727.716,0,452.981
716.356,0,483.948
741.63,0,398.15
36
-736,0,-418
735.127,0,350.945
742.707,0,374.683
734.709,0,374.541
726.431,0,390.13
710.433,0,389.847
750.706,0,374.825
742.289,0,398.279
718.293,0,397.854
734.011,0,413.868
741.452,0,445.472
756.891,0,477.217
742.01,0,414.01
733.314,0,453.196
716.758,0,484.374
742.289,0,398.279
37
-736.5,0,-421.5
733.932,0,349.701
740.826,0,374.041
732.469,0,381.667
723.746,0,397.285
716.12,0,388.927
748.818,0,374.407
739.729,0,398.016
715.754,0,396.919
738.997,0,413.999
745.16,0,454.323
759.68,0,487.022
746.989,0,414.365
737.168,0,453.958
719.722,0,485.193
739.729,0,398.016
38
-741,0,-421
737.217,0,350.357
741.667,0,375.218
733.877,0,374.123
731.65,0,389.968
716.07,0,387.778
749.457,0,376.313
738.327,0,398.984
722.747,0,396.795
736.101,0,414.829
747.228,0,448.707
758.356,0,482.585
743.891,0,415.923
730.535,0,454.44
718.292,0,485.034
738.327,0,398.984
39
-741,0,-420
734.714,0,351.716
741.682,0,376.036
733.689,0,375.694
852.554,0,404.798
717.02,0,390.996
749.674,0,376.378
740.998,0,392.022
724.671,0,399.331
739.973,0,416
746.599,0,448.312
761.218,0,480.966
747.966,0,416.341
738.265,0,455.963
720.913,0,487.251
740.657,0,400.014
40
-742,0,-421
739.132,0,351.437
743.696,0,375.935
735.777,0,374.798
853.441,0,399.642
717.703,0,388.097
751.615,0,377.072
741.46,0,391.509
724.504,0,397.021
746.024,0,416.006
749.47,0,448.29
760.835,0,481.712
746.024,0,416.006
732.514,0,453.803
728.041,0,484.95
748.26,0,400.432
41
-743,0,-420
738.884,0,351.661
744.291,0,376.374
736.337,0,375.525
853.961,0,404.171
718.729,0,389.737
752.246,0,377.223
741.744,0,400.239
725.835,0,398.541
740.046,0,416.148
752.559,0,449.666
765.073,0,483.183
748.001,0,416.997
735.801,0,455.922
724.449,0,486.893
741.744,0,400.239
42
-746,0,-421
742.038,0,352.632
740.175,0,376.158
740.175,0,376.158
858.559,0,401.314
858.559,0,401.314
756.125,0,377.421
746.908,0,392.474
730.337,0,399.053
745.045,0,416
750.537,0,448
764.003,0,480.631
753.02,0,416.631
742.562,0,447.368
723.507,0,485.316
746.287,0,400.316
43
-747,0,-422
742.009,0,350.628
747.341,0,375.358
738.515,0,382.437
736.768,0,398.341
720.864,0,396.594
755.293,0,376.231
744.72,0,399.214
728.816,0,397.468
742.1,0,423.071
755.384,0,448.674
767.794,0,482.23
750.052,0,423.944
738.606,0,454.88
727.16,0,485.815
744.72,0,399.214
44
-748,0,-423
734.304,0,351.203
740.821,0,375.604
732.521,0,383.153
731.63,0,399.129
723.775,0,398.69
748.676,0,376.042
747.338,0,400.005
723.775,0,398.69
746.001,0,423.968
752.073,0,456.357
765.999,0,489.183
753.856,0,424.406
736.364,0,455.48
726.727,0,486.992
747.338,0,400.005
45
-750,0,-422
743.421,0,350.673
746.22,0,375.816
736.723,0,381.964
733.373,0,397.609
725.55,0,395.935
754.043,0,377.49
749.019,0,400.959
731.698,0,405.432
753.492,0,418.279
762.438,0,452.919
771.385,0,487.56
753.492,0,418.279
737.296,0,455.718
730.597,0,487.009
749.019,0,400.959
46
-752,0,-422
739.976,0,352.207
744.28,0,376.708
735.34,0,383.33
733.022,0,398.892
725.241,0,397.733
752.061,0,377.867
748.584,0,401.21
733.022,0,398.892
746.266,0,416.772
757.191,0,450.213
768.117,0,483.654
754.046,0,417.931
741.63,0,447.895
728.054,0,485.64
748.584,0,401.21
47
-753,0,-422
738.136,0,351.19
742.334,0,376.138
733.195,0,382.807
730.725,0,398.615
722.821,0,397.38
756.907,0,386.512
753.202,0,410.224
729.49,0,406.519
750.732,0,426.033
762.834,0,452.215
773.702,0,486.302
759.871,0,419.364
745.791,0,457.649
732.946,0,488.03
746.533,0,401.085
48
-755,0,-424
740.161,0,355.279
744.138,0,372.414
734.652,0,378.227
730.98,0,393.525
721.494,0,399.339
757.6,0,383.735
752.091,0,406.683
734.957,0,410.66
756.068,0,423.818
765.858,0,450.439
773.812,0,484.709
756.068,0,423.818
741.074,0,452.58
731.893,0,490.826
753.928,0,399.034
49
-757,0,-424
740.146,0,356.389
742.512,0,381.577
734.72,0,379.768
876.8,0,404.531
730.544,0,362.374
758.098,0,385.194
752.672,0,408.573
735.278,0,412.748
756.848,0,425.967
767.007,0,452.963
775.359,0,487.752
756.848,0,425.967
741.82,0,455.33
732.777,0,494.294
752.672,0,408.573
50
-758,0,-423
742.357,0,356.224
744.404,0,381.397
736.755,0,379.561
733.02,0,395.119
723.504,0,401.062
752.054,0,383.234
754.101,0,408.407
736.935,0,412.514
758.016,0,425.801
765.845,0,460.59
775.542,0,487.599
758.016,0,425.801
742.897,0,455.081
733.56,0,493.976
754.101,0,408.407
51
-761,0,-424
741.79,0,356.527
744.325,0,381.698
734.764,0,387.747
731.251,0,403.356
731.251,0,403.356
758.178,0,393.016
754.665,0,408.626
737.299,0,412.917
758.957,0,425.992
767.54,0,460.724
777.88,0,487.651
758.957,0,425.992
744.126,0,455.454
735.343,0,494.478
754.665,0,408.626
52
-761,0,-424
735.142,0,362.074
746.577,0,381.382
737.021,0,387.261
733.182,0,402.793
725.546,0,400.906
752.295,0,391.035
746.537,0,414.335
731.263,0,410.56
759.891,0,425.876
767.488,0,460.716
777.004,0,487.789
759.891,0,425.876
736.94,0,453.166
734.98,0,493.885
756.093,0,408.456
53
-763,0,-424
737.235,0,356.609
743.472,0,384.771
740.579,0,392.229
734.792,0,407.146
727.334,0,404.253
758.389,0,390.557
749.709,0,412.933
731.899,0,414.605
761.733,0,426.178
775.429,0,457.233
781.666,0,485.395
761.733,0,426.178
742.702,0,453.119
735.694,0,493.304
760.061,0,408.368
54
-765,0,-424
742.743,0,361.067
749.996,0,388.641
742.45,0,385.984
737.224,0,400.824
727.066,0,405.587
757.542,0,391.299
749.703,0,413.559
731.998,0,415.664
769.727,0,428.95
769.434,0,453.868
784.233,0,484.1
762.182,0,426.293
744.184,0,453.316
741.278,0,485.654
759.862,0,408.796
55
-767,0,-424
741.61,0,359.382
748.562,0,387.224
738.5,0,392.187
733.231,0,407.295
725.803,0,404.705
755.99,0,389.815
748.087,0,412.476
730.597,0,414.849
757.674,0,432.765
774.689,0,455.644
781.641,0,483.486
767.736,0,427.801
742.343,0,452.836
736.599,0,493.195
755.515,0,415.067
56
-768,0,-425
735.745,0,363.77
744.35,0,390.953
736.682,0,388.671
739.863,0,406.033
732.195,0,403.751
759.686,0,395.516
745.288,0,415.854
729.952,0,411.291
766.048,0,430.238
774.653,0,457.421
790.926,0,486.886
766.048,0,430.238
741.739,0,455.836
748.101,0,490.558
755.199,0,410.596
57
-770,0,-424
742.925,0,366.325
747.527,0,394.8
740.248,0,391.481
740.89,0,409.358
733.611,0,406.039
758.125,0,390.839
748.169,0,412.677
730.292,0,413.319
766.688,0,429.912
771.291,0,458.386
786.491,0,482.901
766.688,0,429.912
746.135,0,455.71
747.419,0,491.464
755.449,0,415.995
58
-772,0,-424
739.758,0,370.512
749.145,0,391.101
738.85,0,395.794
743.544,0,406.089
725.756,0,407.981
756.639,0,393.902
748.237,0,416.383
725.756,0,407.981
760.424,0,429.478
774.504,0,460.361
788.583,0,491.244
767.918,0,432.279
741.728,0,456.653
745.513,0,492.229
758.531,0,411.69
59
-773,0,-424
739.466,0,368.622
748.4,0,389.206
738.034,0,393.5
749.918,0,406.791
727.668,0,397.793
755.816,0,392.206
749.918,0,406.791
732.136,0,408.086
766.269,0,430.375
747.055,0,456.547
750.091,0,491.717
766.269,0,430.375
772.254,0,458.252
796.021,0,484.835
757.334,0,409.791
60
-776,0,-424
735.752,0,364.57
748.371,0,395.775
741.033,0,392.59
742.107,0,410.207
727.43,0,403.837
758.842,0,391.744
742.107,0,410.207
727.43,0,403.837
760.991,0,426.979
748.462,0,455.844
750.611,0,491.08
768.329,0,430.164
776.742,0,450.967
796.7,0,485.357
759.916,0,409.361
61
-777,0,-425
740.625,0,366.516
745.084,0,394.865
734.622,0,398.918
738.498,0,409.447
724.16,0,402.97
755.547,0,390.813
745.667,0,412.685
724.16,0,402.97
753.42,0,433.743
750.71,0,458.854
751.876,0,494.493
763.882,0,429.69
768.342,0,458.039
790.433,0,485.573
756.13,0,408.632
62
-779,0,-425
734.96,0,367.36
743.729,0,394.684
734.015,0,400.299
739.465,0,410.106
724.301,0,405.913
753.443,0,389.07
747.047,0,412.202
724.301,0,405.913
757.948,0,431.816
749.421,0,462.659
748.476,0,495.598
767.662,0,426.202
766.717,0,459.141
790.651,0,490.658
754.629,0,414.299
63
-781,0,-426
737.525,0,372.786
745.277,0,393.844
734.815,0,397.897
728.229,0,412.478
724.352,0,401.95
752.446,0,397.082
745.86,0,411.664
728.229,0,412.478
756.906,0,425.431
768.534,0,457.018
790.625,0,484.553
764.075,0,428.669
750.903,0,457.833
752.069,0,493.472
753.03,0,414.902
64
-783,0,-426
731.17,0,372.618
739.669,0,393.589
736.551,0,400.956
740.8,0,411.442
722.948,0,412.573
757.522,0,392.458
748.168,0,414.56
730.315,0,415.691
759.784,0,428.163
754.68,0,460.75
756.942,0,496.456
767.152,0,431.281
762.047,0,463.869
788.398,0,483.708
758.653,0,410.31
65
-786,0,-426
735.726,0,368.239
748.87,0,393.749
738.034,0,396.658
748.088,0,411.382
737.252,0,414.291
755.833,0,397.687
751.178,0,422.168
733.379,0,421.138
765.105,0,430.044
767.414,0,458.463
791.394,0,481.064
775.941,0,427.136
756.577,0,461.372
758.886,0,489.791
755.051,0,415.32
66
-786,0,-426
738.019,0,374.173
743.888,0,396.026
743.888,0,396.026
742.827,0,413.883
738.831,0,420.813
754.815,0,393.091
749.757,0,417.879
727.904,0,423.748
759.622,0,432.801
761.495,0,461.585
789.217,0,477.569
770.549,0,429.867
761.495,0,461.585
759.372,0,497.299
760.684,0,414.944
67
-790,0,-427
733.12,0,371.967
740.493,0,393.161
737.069,0,400.392
747.865,0,414.355
733.908,0,425.45
754.712,0,399.895
751.551,0,424.952
733.908,0,425.45
755.238,0,435.549
759.187,0,463.974
780.516,0,474.073
765.771,0,431.685
752.077,0,460.607
759.712,0,499.628
754.975,0,417.722
68
-792,0,-427
737.502,0,371.633
745.737,0,392.507
735.232,0,396.448
743.468,0,417.322
740.274,0,424.512
753.048,0,395.754
750.779,0,420.57
758.511,0,363.749
762.208,0,434.254
756.745,0,466.259
761.787,0,494.322
772.713,0,430.313
756.745,0,466.259
778.679,0,476.002
753.972,0,413.381
69
-793,0,-427
736.185,0,373.279
743.444,0,394.711
739.901,0,401.883
739.988,0,419.772
736.445,0,426.944
757.789,0,401.797
754.333,0,426.858
736.445,0,426.944
757.963,0,437.573
750.964,0,469.807
765.396,0,494.781
768.679,0,433.943
761.679,0,466.177
761.853,0,501.954
757.876,0,419.685
70
-796,0,-428
732.623,0,370.705
740.786,0,391.404
737.653,0,398.619
748.95,0,412.103
735.467,0,423.4
755.217,0,397.671
753.031,0,422.452
732.333,0,430.615
757.113,0,432.801
744.578,0,461.663
773.44,0,474.199
767.462,0,428.72
759.009,0,467.931
764.038,0,495.845
756.165,0,415.236
71
-797,0,-428
737.098,0,375.029
744.119,0,396.342
733.523,0,400.031
744.086,0,414.172
737,0,428.517
754.715,0,392.654
747.596,0,424.828
729.947,0,425.033
751.106,0,435.485
743.987,0,467.659
772.2,0,481.595
768.755,0,435.28
761.636,0,467.455
765.114,0,495.941
751.139,0,417.656
72
-800,0,-428
733.114,0,372.951
742.512,0,393.328
739.728,0,400.686
741.644,0,418.232
738.86,0,425.59
757.477,0,398.989
749.126,0,421.062
738.86,0,425.59
753.825,0,431.251
742.691,0,460.682
767.054,0,486.72
771.574,0,429.555
765.139,0,469.174
771.753,0,496.909
751.91,0,413.705
73
-803,0,-429
738.536,0,373.202
745.32,0,394.392
734.725,0,397.785
745.111,0,411.982
737.908,0,425.969
752.314,0,397.994
748.503,0,422.577
730.914,0,422.368
751.896,0,433.172
737.489,0,461.147
765.465,0,475.554
769.485,0,433.381
758.471,0,471.952
772.249,0,496.744
752.105,0,415.583
74
-805,0,-430
740.809,0,375.187
742.779,0,392.967
737.243,0,407.979
741.981,0,418.253
731.707,0,422.991
757.791,0,398.503
746.719,0,428.527
731.707,0,422.991
751.457,0,438.8
735.647,0,458.55
760.134,0,484.634
769.237,0,436.831
762.902,0,477.128
769.61,0,505.182
756.993,0,423.789
75
-808,0,-430
740.427,0,373.751
741.036,0,398.663
738.693,0,406.173
743.988,0,416.065
726.371,0,418.81
758.653,0,395.918
741.645,0,423.575
726.371,0,418.81
754.576,0,435.849
732.274,0,453.613
758.137,0,478.163
772.193,0,433.104
768.116,0,473.035
776.362,0,500.329
751.625,0,418.447
76
-811,0,-431
736.767,0,372.877
745.92,0,393.157
735.779,0,397.734
737.574,0,415.232
722.857,0,409.668
753.278,0,395.939
744.932,0,418.014
720.075,0,417.027
754.085,0,438.295
731.023,0,454.806
747.535,0,477.868
771.584,0,436.5
765.033,0,476.074
774.186,0,496.354
755.073,0,413.438
77
-813,0,-431
737.277,0,376.534
746.218,0,397.115
735.854,0,401.412
732.907,0,408.706
725.489,0,405.709
753.636,0,400.112
747.742,0,414.7
722.542,0,413.003
756.683,0,435.281
733.007,0,451.169
749.366,0,474.747
774.465,0,433.981
767.148,0,473.447
780.559,0,504.319
755.159,0,417.697
78
-815,0,-431
733.832,0,376.287
741.087,0,397.322
741.087,0,397.322
734.198,0,411.466
727.126,0,408.022
758.677,0,397.138
741.27,0,414.911
720.053,0,404.577
755.598,0,439.39
727.492,0,443.201
738.375,0,474.752
766.115,0,435.762
766.482,0,470.941
780.809,0,495.42
755.415,0,421.8
79
-820,0,-432
736.282,0,373.697
744.222,0,394.685
740.995,0,402.005
737.767,0,409.325
723.371,0,402.977
751.42,0,397.859
730.569,0,406.151
720.143,0,410.297
752.905,0,433.487
728.826,0,449.099
733.539,0,477.407
767.301,0,439.835
768.786,0,475.462
783.925,0,499.624
752.163,0,415.673
80
-823,0,-432
737.875,0,373.562
747.178,0,394.189
736.865,0,398.84
734.034,0,406.323
719.069,0,400.661
754.66,0,397.02
736.865,0,398.84
719.069,0,400.661
755.471,0,440.093
727.362,0,446.566
731.003,0,482.157
765.784,0,435.442
774.077,0,481.346
790.862,0,504.804
753.65,0,422.298
81
-826,0,-434
734.903,0,369.967
749.508,0,400.605
741.968,0,397.933
731.755,0,402.801
724.215,0,400.129
759.721,0,395.736
741.968,0,397.933
724.215,0,400.129
753.901,0,436.111
725.935,0,443.176
727.655,0,486.223
768.982,0,441.455
773.375,0,476.962
790.652,0,500.059
751.705,0,418.358
82
-829,0,-434
734.127,0,373.202
743.299,0,393.887
740.42,0,401.351
722.613,0,403.059
725.492,0,395.595
750.763,0,396.766
743.299,0,393.887
725.492,0,395.595
751.299,0,439.844
723.149,0,446.137
726.564,0,481.75
769.106,0,438.137
779.984,0,476.629
789.156,0,497.314
752.47,0,414.573
83
-833,0,-435
743.424,0,371.31
749.455,0,399.517
734.581,0,393.622
734.581,0,393.622
716.759,0,395.164
752.403,0,392.08
744.965,0,389.132
724.196,0,398.111
749.591,0,442.598
728.821,0,451.577
724.467,0,484.274
767.413,0,441.057
780.881,0,472.211
794.349,0,503.366
750.997,0,417.339
84
-834,0,-436
737.216,0,372.112
747.928,0,398.536
740.105,0,396.863
732.282,0,395.19
724.458,0,393.518
755.751,0,400.209
741.75,0,389.17
724.458,0,393.518
755.35,0,440.345
728.591,0,450.713
720.366,0,489.176
764.818,0,434.325
781.708,0,470.115
792.42,0,496.538
752.461,0,415.594
85
-839,0,-437
735.822,0,372.244
745.463,0,392.297
735.437,0,397.117
735.437,0,397.117
717.987,0,399.335
752.887,0,394.899
738.04,0,389.694
720.59,0,391.912
754.72,0,437.223
724.641,0,451.685
726.474,0,494.009
762.144,0,439.826
776.606,0,469.905
793.672,0,492.56
752.502,0,419.773
86
-841,0,-437
735.861,0,366.023
743.003,0,393.818
740.42,0,401.389
737.837,0,408.961
725.529,0,396.31
750.448,0,396.358
743.003,0,393.818
725.529,0,396.31
752.424,0,439.295
729.785,0,456.93
724.316,0,497.328
767.315,0,444.375
774.457,0,472.169
791.627,0,494.932
750.145,0,421.612
87
-846,0,-438
741.113,0,368.005
741.615,0,392.919
749.241,0,395.335
739.24,0,400.419
723.986,0,395.588
749.241,0,395.335
731.613,0,398.004
721.611,0,403.088
752.619,0,437.663
727.866,0,462.831
731.244,0,505.159
767.873,0,442.494
773.626,0,477.323
794.131,0,492.068
749.743,0,420.249
88
-848,0,-439
736.433,0,370.99
737.878,0,396.205
737.878,0,396.205
735.826,0,403.937
728.222,0,401.919
747.534,0,390.491
733.773,0,411.669
718.566,0,407.632
750.425,0,440.921
727.008,0,467.813
731.951,0,510.511
765.632,0,444.958
765.024,0,477.905
785.782,0,491.693
748.98,0,415.706
89
-851,0,-440
731.196,0,367.978
739.366,0,395.488
739.366,0,395.488
727.231,0,408.551
719.697,0,406.29
746.9,0,397.75
742.301,0,413.074
724.932,0,416.213
750.47,0,440.584
731.437,0,476.634
737.306,0,511.806
765.539,0,445.107
761.575,0,485.68
784.179,0,492.465
747.535,0,422.998
90
-855,0,-441
737.334,0,367.554
744.306,0,395.543
734.078,0,400.378
728.684,0,415.441
721.152,0,412.744
751.838,0,398.24
743.747,0,420.835
725.987,0,422.973
750.72,0,448.824
729.703,0,483.785
749.042,0,524.7
768.48,0,446.686
762.527,0,487.042
785.122,0,495.133
751.279,0,423.532
91
-859,0,-441
739.561,0,370.735
740.828,0,395.579
738.723,0,403.159
734.515,0,418.319
726.935,0,416.215
748.408,0,397.683
749.674,0,422.528
724.83,0,423.795
750.941,0,447.372
740.419,0,485.272
754.742,0,521.905
760.626,0,441.896
763.159,0,491.585
780.424,0,488.214
749.674,0,422.528
92
-864,0,-442
734.166,0,369.231
744.648,0,396.104
735.119,0,402.202
739.502,0,419.546
729.973,0,425.644
750.747,0,405.633
745.601,0,429.075
728.257,0,433.458
748.268,0,454.232
741.407,0,485.488
757.987,0,521.89
765.612,0,449.849
757.035,0,488.919
780.477,0,494.065
753.414,0,430.79
93
-867,0,-443
738.515,0,379.121
741.986,0,396.669
737.743,0,412.096
741.214,0,429.645
725.787,0,425.402
755.292,0,408.626
748.928,0,431.766
731.379,0,435.237
750.277,0,457.029
747.384,0,497.718
764.161,0,527.223
767.826,0,453.558
757.219,0,492.126
772.646,0,496.368
748.928,0,431.766
94
-872,0,-444
739.922,0,378.162
741.399,0,403.417
739.316,0,411.141
742.875,0,428.672
733.069,0,434.314
756.847,0,407.582
748.517,0,438.479
733.069,0,434.314
752.076,0,456.01
749.388,0,496.713
766.313,0,526.133
767.525,0,460.175
749.388,0,496.713
774.643,0,495.237
750.6,0,430.755
95
-875,0,-445
736.996,0,382.536
738.838,0,407.725
736.907,0,415.489
740.68,0,432.914
731.115,0,438.779
754.106,0,411.522
746.383,0,442.576
731.115,0,438.779
757.79,0,461.901
750.067,0,492.955
765.246,0,529.705
767.355,0,456.036
742.433,0,491.056
765.246,0,529.705
748.314,0,434.813
96
-881,0,-447
736.578,0,383.248
746.758,0,403.245
736.675,0,408.166
744.359,0,435.624
736.773,0,433.085
759.435,0,415.782
744.359,0,435.624
726.69,0,438.007
762.126,0,458.16
744.555,0,485.462
772.502,0,527.995
762.126,0,458.16
744.555,0,485.462
764.818,0,500.538
754.442,0,430.702
97
-883.5,0,-447
738.427,0,377.587
745.7,0,405.003
735.715,0,409.909
735.543,0,434.785
728.097,0,432.246
750.606,0,414.987
742.988,0,437.324
728.097,0,432.246
760.247,0,459.833
757.535,0,492.155
777.16,0,532.094
767.692,0,462.372
737.738,0,477.091
762.441,0,502.14
752.973,0,432.418
98
-888,0,-448
742.989,0,386.204
743.61,0,411.073
736.087,0,408.772
729.185,0,431.34
729.185,0,431.34
758.655,0,415.674
744.23,0,435.941
721.662,0,429.039
754.674,0,455.588
758.216,0,497.803
781.404,0,529.574
762.197,0,457.889
740.249,0,475.856
755.915,0,505.326
751.753,0,438.242
99
-893,0,-449
742.511,0,378.825
743.35,0,411.767
735.666,0,410.084
724.558,0,424.031
716.874,0,422.348
758.719,0,415.132
738.216,0,435.211
715.162,0,430.163
756.136,0,463.704
762.948,0,506.144
780.868,0,534.637
765.532,0,457.572
737.344,0,475.968
753.553,0,512.276
753.585,0,438.577
100
-899,0,-450
742.665,0,386.69
745.227,0,411.859
737.42,0,410.11
720.059,0,414.42
718.31,0,422.227
760.84,0,415.355
741.73,0,427.472
716.562,0,430.033
758.156,0,463.943
765.028,0,506.473
791.009,0,536.887
767.711,0,457.885
739.046,0,476.06
745.918,0,518.59
755.595,0,438.775
101
-903,0,-451
743.302,0,379.213
744.803,0,404.087
735.013,0,409.569
723.151,0,422.639
715.433,0,420.531
760.237,0,408.302
748.375,0,421.372
723.151,0,422.639
755.521,0,455.942
768.312,0,500.209
792.965,0,531.405
770.956,0,460.157
735.942,0,466.905
741.015,0,509.064
751.948,0,438.657
102
-909,0,-452
748.517,0,385.345
750.487,0,410.187
734.975,0,406.264
731.118,0,421.517
715.607,0,417.594
758.243,0,412.148
738.874,0,423.478
723.362,0,419.556
762.183,0,461.83
769.98,0,496.259
795.218,0,526.984
771.867,0,456.165
735.058,0,471.199
733.171,0,511.293
752.457,0,435.028
103
-913.5,0,-453
744.789,0,386.297
746.698,0,411.523
738.94,0,409.573
738.9,0,442.558
719.523,0,421.191
764.166,0,407.664
744.749,0,419.282
719.523,0,421.191
758.277,0,463.925
773.754,0,500.809
791.181,0,529.934
767.985,0,458.116
738.86,0,475.543
729.111,0,514.337
756.367,0,438.699
104
-918.5,0,-453
748.613,0,385.544
750.532,0,410.727
733.345,0,414.746
735.263,0,439.929
723.798,0,420.64
758.172,0,412.603
739.078,0,424.391
723.798,0,420.64
754.369,0,461.094
769.66,0,497.797
794.498,0,528.607
762.009,0,462.969
735.275,0,472.882
723.832,0,519.498
752.45,0,435.911
105
-923.5,0,-455
746.021,0,379.004
750.051,0,411.221
734.175,0,409.233
732.22,0,424.845
724.282,0,423.851
765.927,0,413.208
749.074,0,419.027
724.282,0,423.851
752.126,0,459.049
764.093,0,492.259
792.913,0,519.652
760.064,0,460.043
741.256,0,481.472
720.494,0,518.514
755.057,0,435.632
106
-929.5,0,-456
742.517,0,377.678
746.352,0,410.407
738.546,0,409.431
735.567,0,433.245
720.948,0,423.355
761.963,0,412.36
744.366,0,426.283
720.948,0,423.355
748.201,0,459.012
758.848,0,500.656
795.892,0,521.413
763.812,0,460.965
737.416,0,481.851
723.654,0,528.503
751.179,0,435.198
107
-933.5,0,-456
746.118,0,382.493
750.196,0,407.076
741.029,0,413.545
731.862,0,420.015
723.967,0,418.721
765.985,0,409.664
746.379,0,430.365
722.695,0,426.484
749.184,0,462.712
758.612,0,504.115
798.086,0,510.584
766.246,0,457.536
737.473,0,484.707
721.945,0,529.992
753.001,0,439.422
108
-940.5,0,-458
745.976,0,382.7
750.401,0,407.223
741.326,0,413.821
737.839,0,437.162
737.839,0,437.162
766.225,0,409.587
746.914,0,430.564
722.015,0,434.798
750.177,0,462.867
760.19,0,504.133
791.838,0,508.861
766.001,0,465.231
737.615,0,492.806
731.804,0,531.708
753.664,0,439.526
109
-944.5,0,-458
747.632,0,377.398
750.7,0,410.207
741.74,0,416.961
738.206,0,440.7
738.206,0,440.7
766.261,0,412.524
747.165,0,433.946
722.644,0,438.382
750.233,0,466.755
752.122,0,507.478
752.122,0,507.478
765.795,0,469.072
737.739,0,497.248
730.669,0,544.724
754.946,0,435.104
110
-952.5,0,-459
752.119,0,382.805
757.332,0,407.56
740.525,0,413.685
744.826,0,446.388
743.914,0,454.336
772.316,0,417.331
745.738,0,438.44
720.982,0,443.653
750.951,0,463.195
746.393,0,502.935
778.184,0,506.581
766.847,0,465.019
746.393,0,502.935
732.975,0,549.711
761.633,0,440.263
111
-956.5,0,-459
749.296,0,380.447
754.654,0,412.47
738.055,0,418.979
743.413,0,451.002
736.094,0,442.498
770.599,0,413.799
752.039,0,443.827
720.15,0,441.168
750.078,0,467.346
746.809,0,506.543
743.54,0,545.74
766.022,0,468.675
746.809,0,506.543
743.54,0,545.74
760.011,0,444.492
112
-964.5,0,-459
750.834,0,383.84
756.407,0,408.517
739.691,0,414.885
744.468,0,447.523
743.672,0,455.483
771.532,0,418.069
745.264,0,439.562
720.587,0,445.135
750.041,0,472.199
746.062,0,512.001
750.043,0,552.598
766.757,0,465.831
746.062,0,512.001
771.535,0,498.468
761.184,0,441.154
113
-967.5,0,-458
748.116,0,381.918
753.121,0,414.488
744.578,0,421.761
742.454,0,445.667
741.039,0,461.604
768.793,0,415.88
750.998,0,438.394
718.947,0,443.579
748.167,0,470.269
736.793,0,509.416
743.921,0,518.081
763.839,0,471.661
752.464,0,510.808
756.054,0,559.316
758.126,0,447.059
114
-977.5,0,-459
749.115,0,389.944
754.966,0,414.556
746.292,0,421.819
743.469,0,453.695
742.763,0,461.663
770.198,0,423.937
744.175,0,445.726
720.268,0,443.609
750.026,0,470.338
730.56,0,508.77
761.729,0,519.562
765.964,0,471.749
753.76,0,518.857
766.169,0,560.112
760.112,0,447.137
115
-980.5,0,-458
753.807,0,387.735
758.277,0,420.415
741.501,0,426.626
738.889,0,450.484
745.971,0,459.307
766.229,0,421.286
747.712,0,443.402
715.902,0,439.919
752.182,0,476.083
724.841,0,505.28
748.698,0,507.892
768.086,0,477.824
762.862,0,525.539
767.331,0,558.219
762.746,0,453.096
116
-989.5,0,-459
748.494,0,389.061
754.077,0,421.538
746.23,0,420.981
736.685,0,444.365
720.992,0,443.252
769.771,0,422.65
745.098,0,436.941
720.992,0,443.252
750.116,0,477.397
724.877,0,499.668
747.287,0,517.297
765.81,0,478.51
762.415,0,526.39
767.998,0,558.866
759.661,0,454.014
117
-992.5,0,-458
751.559,0,391.759
756.972,0,416.471
748.169,0,423.579
744.78,0,455.399
752.735,0,456.246
764.079,0,425.274
747.322,0,431.534
722.61,0,436.947
758.147,0,480.959
716.678,0,492.632
745.955,0,519.886
774.057,0,482.653
768.973,0,530.383
781.493,0,563.898
761.537,0,449.139
118
-999.5,0,-458
756.556,0,388.719
759.304,0,421.037
751.538,0,419.783
733.498,0,432.806
725.732,0,431.552
767.07,0,422.291
742.518,0,426.295
717.966,0,430.298
759.545,0,468.888
718.206,0,478.148
742.999,0,521.995
767.311,0,470.142
766.297,0,525.758
784.578,0,560.585
763.308,0,445.589
119
-1006.5,0,-456
756.118,0,390.907
754.084,0,414.821
753.406,0,422.792
742.723,0,453.999
720.843,0,428.051
769.349,0,424.148
745.435,0,422.114
720.843,0,428.051
757.309,0,471.298
724.069,0,484.528
736.621,0,525.74
773.252,0,472.654
777.155,0,521.159
790.385,0,554.4
759.343,0,447.384
120
-1013,0,-454
749.536,0,386.768
754.658,0,411.5
753.759,0,419.449
743.247,0,442.414
728.511,0,432.697
762.474,0,412.383
745.942,0,418.565
721.593,0,423.864
756.185,0,468.029
723.121,0,480.394
726.445,0,521.024
770.921,0,477.745
774.245,0,518.375
794.102,0,552.823
758.881,0,444.181
121
-1020,0,-452
752.448,0,380.066
755.204,0,412.936
753.919,0,420.832
743.452,0,435.339
743.452,0,435.339
763.1,0,414.221
755.204,0,412.936
730.23,0,416.976
754.104,0,469.493
719.949,0,480.145
721.419,0,520.911
769.896,0,472.064
779.262,0,514.115
797.809,0,549.555
765.855,0,447.09
122
-1025,0,-453
753.175,0,378.321
757.836,0,410.452
748.233,0,425.261
747.409,0,433.085
732.321,0,423.586
765.793,0,411.29
749.88,0,409.615
733.145,0,415.763
760.026,0,466.054
726.555,0,478.35
713.657,0,524.453
767.982,0,466.892
779.776,0,507.684
800.349,0,541.491
762.498,0,442.584
123
-1033,0,-450
757.867,0,373.706
761.905,0,406.443
761.905,0,406.443
750.063,0,437.229
728.193,0,418.422
761.905,0,406.443
745.049,0,412.432
728.193,0,418.422
755.077,0,462.025
720.39,0,481.944
714.537,0,529.586
770.958,0,463.976
781.961,0,505.628
801.881,0,540.316
765.944,0,439.18
124
-1039,0,-448
753.066,0,371.223
759.209,0,403.63
759.209,0,403.63
750.301,0,419.143
726.341,0,417.761
767.196,0,404.091
750.301,0,419.143
726.802,0,409.774
755.524,0,467.524
722.656,0,481.655
711.905,0,529.114
771.497,0,468.446
777.18,0,508.84
807.745,0,534.643
765.353,0,436.038
125
-1047,0,-446
752.386,0,371.975
757.764,0,396.695
764.86,0,405.507
747.235,0,419.697
731.327,0,417.98
764.86,0,405.507
747.235,0,419.697
724.232,0,409.168
758.85,0,461.184
723.6,0,489.564
719.307,0,529.333
774.757,0,462.901
777.56,0,511.482
808.516,0,522.87
762.284,0,429.368
126
-1055,0,-444
754.034,0,364.179
756.744,0,397.021
756.744,0,397.021
746.447,0,411.576
729.647,0,416.989
764.512,0,398.264
752.95,0,420.719
729.647,0,416.989
755.66,0,453.56
726.035,0,489.327
718.448,0,536.724
771.196,0,456.047
770.112,0,512.586
801.184,0,517.56
759.454,0,429.862
127
-1060,0,-442
757.899,0,360.517
762.611,0,392.64
753.843,0,399.64
744.263,0,414.465
728.349,0,412.815
769.758,0,401.29
751.41,0,423.115
728.349,0,412.815
756.122,0,455.238
728.195,0,491.887
731.285,0,539.661
772.037,0,456.888
775.128,0,504.661
806.957,0,507.961
767.324,0,424.764
128
-1070,0,-439
754.164,0,362.76
760.624,0,386.827
751.625,0,402.011
742.626,0,417.195
726.659,0,416.162
768.099,0,395.194
750.101,0,425.562
726.659,0,416.162
756.561,0,449.629
738.055,0,487.848
742.483,0,543.316
772.528,0,450.662
768.973,0,505.614
801.414,0,499.83
766.068,0,426.595
129
-1075,0,-437
751.721,0,355.412
755.821,0,387.587
747.081,0,394.471
751.181,0,426.646
728.674,0,416.05
762.705,0,396.327
751.181,0,426.646
727.746,0,423.862
756.209,0,451.009
735.946,0,488.212
746.002,0,536.938
771.833,0,452.865
765.337,0,507.547
790.628,0,494.707
759.921,0,419.762
130
-1084,0,-434
760.256,0,354.744
764.146,0,387.499
755.199,0,394.424
751.154,0,426.167
735.283,0,424.144
771.071,0,396.446
759.09,0,427.178
727.347,0,423.133
756.056,0,450.986
742.053,0,497.589
759.793,0,548.238
771.928,0,453.008
757.925,0,499.612
790.679,0,495.721
767.026,0,428.189
131
-1090,0,-432
751.87,0,358.965
758.833,0,382.875
750.359,0,398.311
749.452,0,421.918
725.844,0,421.011
766.399,0,391.046
749.452,0,421.918
725.844,0,421.011
756.414,0,445.828
746.428,0,500.61
760.655,0,540.561
772.152,0,446.433
746.428,0,500.61
778.207,0,493.951
757.321,0,422.221
132
-1096,0,-430
753.91,0,349.963
757.3,0,382.011
748.403,0,388.635
743.997,0,419.573
728.404,0,417.353
771.792,0,391.966
751.793,0,420.684
728.404,0,417.353
764.082,0,446.107
749.677,0,491.404
774.254,0,542.252
771.878,0,447.218
742.982,0,482.559
774.167,0,487
759.59,0,421.794
133
-1105.5,0,-427
757.117,0,354.881
761.509,0,379.393
752.582,0,386.052
748.046,0,417.224
724.667,0,413.822
768.168,0,388.32
748.046,0,417.224
724.667,0,413.822
760.23,0,442.871
760.086,0,498.555
777.795,0,540.922
766.889,0,451.798
738.975,0,479.568
769.013,0,491.896
763.632,0,419.492
134
-1113.5,0,-424
752.937,0,348.602
758.541,0,380.569
750.2,0,387.882
740.764,0,410.906
725.177,0,409.82
765.787,0,388.968
748.558,0,411.45
725.177,0,409.82
761.955,0,443.959
758.671,0,491.095
787.108,0,532.547
769.749,0,444.503
736.932,0,465.898
758.671,0,491.095
764.145,0,412.536
135
-1119.5,0,-420
753.211,0,348.014
757.853,0,372.481
748.995,0,379.231
744.779,0,410.448
751.529,0,419.306
764.603,0,381.339
745.833,0,402.643
722.421,0,399.481
765.03,0,437.022
766.51,0,484.901
792.457,0,528.137
772.834,0,438.076
738.455,0,457.272
757.652,0,491.651
760.387,0,412.555
136
-1128.5,0,-416
759.712,0,340.694
754.264,0,371.719
752.902,0,379.475
741.06,0,401.382
747.455,0,410.501
769.777,0,374.443
742.422,0,393.626
717.791,0,397.297
768,0,430.099
766.223,0,485.755
799.557,0,523.59
775.756,0,431.461
732.889,0,447.921
749.348,0,490.788
764.329,0,405.468
137
-1136.5,0,-412
758.084,0,335.002
761.672,0,367.273
752.814,0,374.023
736.152,0,379.719
719.489,0,385.415
769.476,0,368.327
742.902,0,388.577
719.489,0,385.415
768.849,0,431.814
770.329,0,479.693
797.33,0,515.125
768.849,0,431.814
736.578,0,435.402
738.058,0,483.281
765.26,0,399.543
138
-1143,0,-408
755.103,0,326.198
759.415,0,358.119
750.786,0,365.021
740.432,0,387.451
718.001,0,377.097
766.316,0,366.748
741.295,0,379.687
718.001,0,377.097
760.272,0,421.1
770.621,0,469.415
798.226,0,503.927
768.037,0,421.963
727.487,0,433.176
730.071,0,480.627
763.726,0,390.041
139
-1156,0,-404
756.232,0,321.169
761.118,0,353.023
752.54,0,360.056
742.485,0,382.645
741.747,0,390.422
768.958,0,353.768
743.224,0,374.867
719.705,0,372.634
763.051,0,415.988
774.3,0,464.142
802.705,0,498.229
770.891,0,416.732
730.215,0,428.566
717.945,0,474.486
758.165,0,384.133
140
-1167,0,-402
758.998,0,316.287
755.467,0,347.589
746.821,0,354.538
736.409,0,377.139
735.527,0,384.964
770.993,0,349.34
745.938,0,362.364
714.002,0,366.686
763.931,0,411.943
774.161,0,460.647
801.683,0,495.451
763.931,0,411.943
731.113,0,424.091
709.407,0,477.117
759.699,0,379.766
141
-1175,0,-397
758.986,0,313.999
757.377,0,345.207
749.512,0,344.802
740.038,0,375.605
739.636,0,383.407
765.241,0,345.613
740.843,0,360
716.847,0,366.586
762.022,0,408.03
767.472,0,455.248
805.588,0,480.683
762.022,0,408.03
729.759,0,422.012
703.349,0,475.41
763.632,0,376.821
142
-1188,0,-392
757.242,0,309.28
756.226,0,340.764
748.417,0,340.512
739.592,0,371.743
739.338,0,379.614
764.034,0,341.016
739.847,0,363.872
708.613,0,362.864
762.001,0,403.983
768.285,0,451.461
806.819,0,468.463
762.001,0,403.983
730.005,0,426.587
705.055,0,473.056
763.018,0,372.5
143
-1195,0,-383
751.406,0,299.989
757.69,0,331.844
749.43,0,339.314
739.984,0,370.379
739.589,0,378.244
773.025,0,340.5
740.775,0,354.649
708.919,0,360.933
761.999,0,403.025
759.627,0,450.215
806.422,0,460.452
761.999,0,403.025
729.353,0,425.039
702.991,0,478.909
763.579,0,371.565
144
-1203,0,-381.5
755.558,0,292.715
760.171,0,324.855
743.698,0,331.078
740.477,0,362.413
709.142,0,359.192
767.199,0,333.494
741.282,0,354.579
709.142,0,359.192
760.757,0,396.164
755.12,0,451
795.093,0,447.193
760.757,0,396.164
726.201,0,424.278
704.896,0,477.503
763.978,0,364.829
145
-1217,0,-377.5
757.344,0,292.349
755.763,0,323.81
747.565,0,331.283
738.181,0,362.351
737.786,0,370.216
770.973,0,332.459
738.972,0,346.621
706.971,0,360.782
752.206,0,394.595
749.835,0,441.786
788.848,0,443.746
760.009,0,394.987
727.217,0,424.879
716.648,0,479.543
761.589,0,363.527
146
-1224,0,-373.5
752.672,0,283.753
761.021,0,323.03
745.368,0,331.095
729.904,0,354.908
737.968,0,370.562
768.991,0,330.81
737.683,0,346.939
706.281,0,355.193
754.002,0,393.995
746.698,0,441.337
785.975,0,432.987
761.877,0,393.9
730.759,0,425.778
723.55,0,480.994
761.497,0,362.402
147
-1235,0,-371
750.248,0,287.196
756.613,0,319.051
748.367,0,326.545
731.498,0,349.402
738.616,0,365.517
771.976,0,327.673
739.744,0,341.908
707.513,0,356.143
753.227,0,389.879
735.606,0,428.476
732.973,0,483.564
761.097,0,390.255
735.606,0,428.476
732.973,0,483.564
762.601,0,358.776
148
-1243,0,-365
752.312,0,281.071
758.06,0,313.044
749.671,0,320.377
731.835,0,350.764
708.252,0,349.179
773.254,0,321.962
732.363,0,342.903
708.252,0,349.179
745.444,0,383.265
726.552,0,429.375
738.576,0,485.459
769.027,0,384.85
734.413,0,429.903
766.914,0,416.294
755.418,0,352.349
149
-1254,0,-364
752.671,0,282.84
758.992,0,314.472
750.803,0,321.913
734.054,0,344.61
710.61,0,343.489
766.433,0,322.66
734.427,0,336.795
702.795,0,343.115
747.815,0,384.43
722.13,0,430.197
737.385,0,438.758
763.444,0,385.177
737.759,0,430.944
750.773,0,486.393
757.124,0,353.545
150
-1266,0,-360
753.093,0,280.134
759.838,0,319.464
759.838,0,319.464
751.051,0,350.516
712.11,0,333.733
767.717,0,319.692
735.974,0,326.598
704.004,0,341.324
750.144,0,381.797
709.614,0,419.755
764.768,0,421.355
765.902,0,382.254
740.677,0,436.31
755.074,0,483.689
758.93,0,350.745
151
-1272,0,-355.5
750.312,0,277.656
756.614,0,309.292
756.236,0,317.106
746.531,0,355.8
746.531,0,355.8
764.05,0,317.484
732.414,0,323.786
708.593,0,330.467
745.397,0,379.243
704.812,0,408.611
759.135,0,419.071
768.462,0,388.192
750.565,0,434.322
763.925,0,481.965
754.723,0,348.364
152
-1289,0,-352.5
755.57,0,272.01
760.942,0,311.539
760.455,0,319.347
742.889,0,349.606
742.889,0,349.606
760.942,0,311.539
729.222,0,317.399
704.822,0,331.554
748.749,0,381.327
708.246,0,402.316
738.505,0,419.881
764.366,0,382.301
753.147,0,436.473
774.136,0,476.976
758.506,0,350.581
153
-1296,0,-354
753.097,0,273.458
760.566,0,312.939
760.566,0,312.939
744.636,0,344.326
744.636,0,344.326
760.566,0,312.939
737.096,0,312.728
705.661,0,328.21
752.175,0,375.925
705.094,0,391.266
736.032,0,430.958
759.998,0,375.995
759.431,0,439.051
782.546,0,478.673
760.282,0,344.467
154
-1314,0,-352
753.071,0,267.575
759.851,0,307.495
767.557,0,315.664
743.049,0,338.783
743.281,0,330.845
759.851,0,307.495
735.806,0,314.738
711.761,0,321.981
749.83,0,378.704
701.971,0,385.252
724.395,0,433.574
765.705,0,379.167
764.084,0,434.731
794.678,0,475.347
758.925,0,339.246
155
-1322,0,-350.5
758.543,0,271.481
757.214,0,302.996
764.761,0,311.207
748.006,0,334.178
732.581,0,325.635
757.214,0,302.996
733.246,0,309.878
708.945,0,324.638
762.103,0,374.237
706.287,0,387.668
720.051,0,435.605
762.103,0,374.237
775.534,0,430.052
805.388,0,470.775
763.432,0,342.722
156
-1335,0,-348.5
762.463,0,269.365
761.371,0,300.889
768.979,0,309.043
744.79,0,323.986
752.125,0,340.021
761.371,0,300.889
737.455,0,307.951
713.266,0,322.894
751.033,0,371.545
703.201,0,385.669
709.444,0,433.228
766.795,0,372.091
780.646,0,427.803
803.197,0,460.146
760.006,0,340.294
157
-1347,0,-349.5
759.244,0,265.485
760.336,0,297.009
768.49,0,304.617
784.798,0,319.833
745.666,0,329.079
760.336,0,297.009
736.966,0,305.709
713.869,0,322.29
754.912,0,368.211
708.172,0,385.61
694.321,0,441.323
762.793,0,367.938
780.466,0,422.558
813.355,0,460.871
761.701,0,336.414
158
-1358,0,-350.5
759.652,0,261.56
759.803,0,300.988
767.689,0,300.958
783.52,0,316.669
767.839,0,340.386
759.803,0,300.988
736.176,0,308.964
720.435,0,316.91
752.188,0,371.989
704.934,0,387.941
689.374,0,443.201
767.96,0,371.929
783.941,0,427.069
815.574,0,450.605
759.923,0,332.531
159
-1374,0,-351
758.486,0,259.987
758.364,0,291.987
766.219,0,300.017
789.815,0,316.107
773.983,0,332.047
758.334,0,299.987
734.616,0,315.897
718.814,0,323.836
758.059,0,371.987
710.653,0,395.806
686.783,0,451.715
765.945,0,372.017
781.502,0,428.076
820.839,0,452.227
758.181,0,339.987
160
-1386,0,-353.5
758.839,0,255.936
765.466,0,296.163
765.215,0,304.159
788.359,0,320.894
772.093,0,336.391
757.333,0,303.912
732.935,0,327.158
717.171,0,326.663
755.326,0,367.88
714.662,0,406.624
689.26,0,461.854
771.089,0,368.375
776.964,0,432.591
824.004,0,442.071
764.211,0,336.144
161
-1400,0,-353
756.536,0,260.056
762.884,0,299.778
770.767,0,300.085
793.495,0,324.654
768.925,0,347.382
762.884,0,299.778
738.007,0,330.389
714.359,0,329.468
760.121,0,370.724
719.172,0,408.604
701.258,0,463.17
768.004,0,371.031
773.432,0,434.401
820.729,0,436.243
769.232,0,339.499
162
-1413,0,-356.5
761.486,0,262.5
767.33,0,294.525
774.777,0,302.938
789.136,0,327.634
771.569,0,350.162
766.795,0,302.396
740.177,0,340.123
724.214,0,339.039
761.984,0,373.233
718.868,0,417.747
715.126,0,472.842
769.965,0,373.775
765.689,0,436.741
814.113,0,432.123
764.122,0,341.75
163
-1424,0,-358.5
755.697,0,266.009
762.305,0,297.858
769.869,0,306.059
792.56,0,330.662
767.956,0,353.354
761.986,0,305.74
744.628,0,344.515
720.98,0,343.559
759.436,0,368.8
725.676,0,422.702
723.445,0,477.879
767.319,0,369.119
764.45,0,440.061
812.383,0,426.208
768.594,0,337.589
164
-1439,0,-359.5
755.479,0,263.697
768.279,0,304.206
775.559,0,312.66
790.119,0,329.568
772.624,0,351.995
767.692,0,312.073
741.156,0,349.647
717.555,0,347.886
762.41,0,382.876
735.287,0,428.317
738.459,0,491.841
770.277,0,383.463
750.434,0,437.358
806.677,0,425.733
765.344,0,343.541
165
-1450,0,-361.5
766.573,0,271.314
762.951,0,311.15
762.226,0,319.117
743.394,0,349.537
727.46,0,348.088
770.193,0,319.842
750.637,0,358.228
719.493,0,347.363
764.397,0,383.579
742.667,0,445.867
753.53,0,503.085
772.365,0,384.303
742.667,0,445.867
799.886,0,435.004
767.295,0,351.71
166
-1462,0,-364.5
761.028,0,270.544
768.336,0,310.403
760.135,0,326.168
743.732,0,357.698
727.839,0,357.443
776.155,0,318.477
743.732,0,357.698
719.893,0,357.316
767.061,0,389.866
742.329,0,445.108
765.147,0,509.062
775.007,0,389.994
742.329,0,445.108
790.134,0,437.927
767.571,0,358.081
167
-1476,0,-367.5
766.117,0,284.07
763.461,0,315.754
762.797,0,323.675
744.3,0,354.031
720.537,0,352.039
770.718,0,324.339
744.3,0,354.031
720.537,0,352.039
772.665,0,396.291
759.433,0,458.995
779.212,0,508.512
772.665,0,396.291
729.077,0,440.497
768.018,0,451.738
775.32,0,364.607
168
-1487,0,-371.5
762.735,0,281.516
768.392,0,321.914
767.926,0,329.901
750.089,0,360.914
726.13,0,359.517
767.926,0,329.901
742.103,0,360.449
718.143,0,359.051
779.705,0,402.711
760.47,0,457.683
797.14,0,515.918
771.718,0,402.245
721.47,0,439.381
760.936,0,449.697
773.582,0,370.299
169
-1500,0,-372.5
768.404,0,284.298
764.165,0,323.815
763.317,0,331.719
744.017,0,361.626
720.154,0,359.066
771.271,0,332.572
744.017,0,361.626
720.154,0,359.066
779.549,0,405.409
772.766,0,468.636
808.299,0,512.419
771.595,0,404.556
720.477,0,431.049
765.66,0,459.879
774.986,0,372.942
170
-1513,0,-377.5
768.402,0,282.3
766.046,0,321.974
757.64,0,329.437
739.885,0,360.234
716.081,0,358.82
773.509,0,330.38
739.885,0,360.234
716.081,0,358.82
777.202,0,402.264
773.432,0,465.742
810.278,0,515.707
769.267,0,401.793
720.245,0,422.769
757.562,0,464.799
771.153,0,370.054
171
-1530,0,-377.5
771.057,0,282.405
769.454,0,322.116
761.191,0,329.738
744.024,0,360.866
720.198,0,359.904
777.076,0,330.379
736.082,0,360.545
712.255,0,359.583
774.19,0,401.859
779.568,0,465.718
817.356,0,514.974
765.928,0,409.481
717.633,0,423.442
739.536,0,472.057
767.531,0,369.77
172
-1539,0,-381.5
771.036,0,290.716
763.409,0,330.522
755.461,0,330.587
739.821,0,362.509
723.924,0,362.638
771.422,0,338.406
739.757,0,354.561
715.976,0,362.702
772.001,0,409.943
788.348,0,465.453
820.528,0,512.886
772.001,0,409.943
716.426,0,418.341
724.889,0,481.865
771.679,0,370.2
173
-1553,0,-384.5
769.023,0,290.767
768.701,0,330.509
760.688,0,338.393
744.598,0,362.11
720.688,0,369.865
776.585,0,338.522
744.662,0,354.161
712.74,0,369.801
768.057,0,409.994
783.504,0,465.761
830.873,0,505.89
768.057,0,409.994
712.29,0,425.44
711.839,0,481.079
768.379,0,370.251
174
-1566,0,-386.5
769.977,0,290.767
762.35,0,330.574
754.466,0,338.587
738.827,0,370.509
714.981,0,370.702
770.363,0,338.458
738.762,0,362.561
714.981,0,370.702
770.942,0,409.994
787.354,0,473.453
827.353,0,504.925
770.942,0,409.994
715.496,0,434.29
700.049,0,490.058
770.685,0,378.2
175
-1580,0,-389
768.027,0,290.767
767.705,0,330.51
751.744,0,338.329
743.538,0,370.059
719.693,0,369.866
775.589,0,338.522
743.603,0,362.11
711.744,0,369.801
766.998,0,417.943
782.444,0,473.71
829.942,0,497.942
774.946,0,418.007
711.165,0,441.338
694.818,0,496.848
767.319,0,378.2
176
-1591,0,-392
760.931,0,296.541
760.011,0,336.274
752.065,0,336.09
735.436,0,367.508
711.412,0,374.903
775.72,0,344.588
735.436,0,367.508
711.412,0,374.903
766.118,0,415.924
772.593,0,479.68
828.035,0,488.915
766.118,0,415.924
717.703,0,446.606
692.391,0,509.627
767.038,0,376.191
177
-1613,0,-393
759.455,0,296.389
765.671,0,336.44
757.385,0,344.036
740.122,0,375.111
708.012,0,381.672
773.267,0,344.726
732.181,0,374.766
708.012,0,381.672
770.162,0,416.197
767.056,0,487.668
822.645,0,490.084
769.817,0,424.138
712.848,0,453.488
694.205,0,516.328
763.601,0,384.087
178
-1630,0,-395.5
758.662,0,297.555
763.211,0,337.83
754.617,0,345.076
736.081,0,375.408
711.647,0,381.306
770.458,0,346.424
736.081,0,375.408
703.053,0,388.552
763.717,0,425.625
758.325,0,488.985
815.114,0,477.863
771.637,0,426.299
720.072,0,469.775
699.514,0,523.867
767.087,0,386.024
179
-1643.5,0,-403.5
755.256,0,298.945
759.874,0,347.387
759.874,0,347.387
733.692,0,377.628
708.63,0,391.907
767.855,0,347.947
733.692,0,377.628
708.63,0,391.907
762.251,0,427.751
757.769,0,491.594
806.772,0,478.995
770.232,0,428.311
718.988,0,472.832
706.525,0,536.114
765.053,0,387.849
180
-1659.5,0,-402.5
753.282,0,303.239
757.733,0,343.511
749.237,0,350.767
738.719,0,381.787
741.822,0,437.902
764.881,0,352.099
730.897,0,381.121
698.262,0,394.301
758.139,0,431.312
737.103,0,493.352
716.74,0,547.47
765.961,0,431.978
722.133,0,484.099
716.74,0,547.47
761.51,0,391.705
181
-1672.5,0,-404.5
754.767,0,307.204
760.024,0,347.656
750.952,0,363.074
741.336,0,386.473
748.227,0,402.981
767.46,0,356.183
733.354,0,385.928
700.339,0,399.711
762.01,0,435.997
733.706,0,498.213
737.327,0,562.61
769.991,0,436.542
733.706,0,498.213
737.327,0,562.61
764.735,0,396.09
182
-1690,0,-407.5
749.636,0,318.818
754.084,0,358.878
761.959,0,359.564
743.468,0,389.693
742.097,0,405.443
761.959,0,359.564
719.157,0,395.512
694.847,0,401.33
747.23,0,437.628
718.122,0,498.572
744.138,0,564.313
762.98,0,438.999
733.872,0,499.943
744.138,0,564.313
758.532,0,398.939
183
-1703,0,-411.5
748.899,0,317.313
754.989,0,357.157
762.524,0,365.415
785.491,0,382.292
705.442,0,402.368
754.628,0,365.053
721.596,0,395.194
697.545,0,402.006
743.117,0,443.657
701.467,0,489.229
765,0,484.224
766.807,0,444.741
740.226,0,506.829
761.386,0,563.189
752.821,0,404.536
184
-1718,0,-412.5
744.878,0,321.787
750.887,0,361.643
758.405,0,369.916
788.857,0,395.113
693.353,0,406.377
750.51,0,369.539
717.418,0,399.613
693.353,0,406.377
746.737,0,448.497
697.476,0,485.712
744.851,0,487.975
762.529,0,449.251
743.719,0,511.663
772.661,0,568.442
756.519,0,409.395
185
-1730.5,0,-415.5
744.944,0,325.714
749.801,0,365.727
757.077,0,374.213
786.789,0,400.278
691,0,408.781
741.314,0,373.003
707.368,0,402.11
683.118,0,408.176
751.028,0,453.029
685.555,0,479.716
739.516,0,499.714
758.909,0,453.634
754.069,0,516.687
789.242,0,574.883
754.053,0,413.621
186
-1745.5,0,-418.5
745.17,0,326.639
749.956,0,366.66
757.217,0,375.159
779.002,0,400.658
762.622,0,407.3
741.456,0,373.921
707.458,0,402.967
683.198,0,408.991
751.646,0,446.084
686.127,0,472.654
730.933,0,507.89
751.646,0,446.084
753.956,0,517.627
797.525,0,568.624
746.242,0,413.943
187
-1759.5,0,-419.5
739.61,0,325.765
745.363,0,365.659
760.722,0,374.408
774.796,0,406.837
759.01,0,405.981
737.042,0,373.124
703.758,0,402.985
679.65,0,409.594
748.977,0,445.019
676.227,0,472.74
713.125,0,522.238
740.656,0,452.484
760.912,0,516.913
805.703,0,566.84
742.796,0,413.018
188
-1774.5,0,-420.5
737.128,0,330.187
743.354,0,370.01
758.815,0,378.576
773.273,0,410.836
757.478,0,410.167
735.122,0,377.573
694.631,0,399.595
670.603,0,406.489
747.909,0,449.321
675.826,0,470.005
697.179,0,526.292
740.011,0,448.987
768.593,0,521.403
806.075,0,570.461
741.348,0,417.396
189
-1786.5,0,-422.5
738.887,0,328.143
736.621,0,367.602
751.951,0,376.4
765.469,0,416.766
749.685,0,415.859
728.276,0,375.041
695.349,0,396.903
670.768,0,411.328
739.528,0,454.865
675.034,0,474.915
687.645,0,531.063
739.528,0,454.865
767.469,0,519.812
812.554,0,561.989
741.794,0,415.406
190
-1801,0,-425
738.639,0,330.528
738.439,0,370.051
754.209,0,378.036
761.913,0,417.599
746.144,0,409.614
722.59,0,377.876
690.851,0,401.43
667.097,0,409.215
737.999,0,457.002
674.642,0,480.396
674.322,0,543.634
737.999,0,457.002
761.393,0,520.36
808.621,0,560.123
738.199,0,417.479
191
-1814.5,0,-425.5
726.418,0,331.663
734.523,0,371.147
750.372,0,378.971
750.572,0,418.495
750.532,0,410.59
718.753,0,379.131
687.215,0,395.101
655.636,0,403.165
734.963,0,458.098
671.885,0,490.036
664.3,0,553.314
734.963,0,458.098
751.132,0,529.16
806.584,0,552.594
734.763,0,418.575
192
-1828.5,0,-428.5
725.295,0,324.828
729.984,0,372.682
745.224,0,381.634
742.559,0,421.068
733.607,0,436.309
721.564,0,380.035
680.531,0,401.031
648.451,0,406.786
724.121,0,459.436
674.135,0,495.672
661.985,0,558.233
732.008,0,459.969
742.984,0,532.016
805.545,0,544.167
734.673,0,420.535
193
-1841.5,0,-429.5
719.697,0,333.397
726.789,0,373.075
742.433,0,381.303
718.237,0,404.525
725.491,0,436.3
710.821,0,380.653
678.884,0,395.811
647.271,0,395.162
725.004,0,460.009
676.612,0,506.454
667.411,0,569.516
725.004,0,460.009
731.447,0,531.299
802.412,0,540.663
725.815,0,420.494
194
-1855.5,0,-431.5
719.709,0,329.426
725.62,0,377.144
741.085,0,385.704
685.469,0,391.285
653.547,0,397.858
709.494,0,384.38
677.24,0,398.852
637.751,0,397.196
721.979,0,464.02
672.606,0,509.421
669.627,0,580.502
729.877,0,464.351
726.567,0,543.33
790.08,0,538.08
723.634,0,424.531
195
-1870,0,-432
719.943,0,338.274
718.121,0,377.756
733.55,0,386.381
708.767,0,408.977
694.068,0,384.559
709.861,0,385.288
669.65,0,399.259
638.064,0,397.801
722.009,0,464.98
679.976,0,518.433
684.593,0,589.864
722.009,0,464.98
710.468,0,543.58
774.004,0,538.599
723.831,0,425.499
196
-1885.5,0,-433.5
712.07,0,341.418
719.425,0,381.067
735.294,0,389.232
702.912,0,412.421
687.172,0,396.353
711.297,0,388.841
663.175,0,395.962
631.179,0,395.44
718.008,0,468.008
684.852,0,538.62
699.948,0,594.207
718.008,0,468.008
700.85,0,538.881
764.842,0,539.924
718.652,0,428.49
197
-1896,0,-434
713.03,0,344.292
711.178,0,383.772
718.704,0,392.039
693.905,0,414.616
679.594,0,382.291
702.912,0,391.298
655.165,0,396.972
623.581,0,395.491
715,0,471
687.979,0,540.953
708.704,0,605.233
715,0,471
687.979,0,540.953
751.148,0,543.916
716.852,0,431.519
198
-1908,0,-436
710.091,0,343.482
709.476,0,383.012
709.354,0,390.918
685.775,0,390.551
678.038,0,382.523
701.494,0,390.796
654.214,0,397.968
622.776,0,397.479
715.984,0,470.1
691.298,0,540.888
713.893,0,604.503
708.001,0,477.884
667.72,0,540.521
730.596,0,541.499
708.739,0,430.448
199
-1920,0,-438
705.947,0,344.491
705.256,0,391.928
713.162,0,392.043
673.516,0,399.374
673.862,0,375.655
697.35,0,391.813
649.798,0,399.028
618.289,0,390.661
711.895,0,479.011
702.953,0,550.051
733.771,0,605.854
703.989,0,478.896
655.631,0,541.454
718.765,0,550.281
704.565,0,439.365
200
-1932,0,-438
701.872,0,353.398
701.286,0,392.928
701.286,0,392.928
669.661,0,392.459
662.107,0,368.623
693.379,0,392.811
645.943,0,392.107
606.412,0,391.52
707.901,0,480.013
698.939,0,551.05
745.672,0,599.191
699.995,0,479.895
643.831,0,534.417
698.822,0,558.956
700.582,0,440.365
201
-1953.5,0,-437.5
698.277,0,345.59
697.499,0,393.026
697.499,0,393.026
657.505,0,392.369
657.894,0,368.652
697.499,0,393.026
641.507,0,392.107
609.511,0,391.582
704.072,0,480.122
710.903,0,551.406
750.12,0,599.498
696.073,0,479.991
639.302,0,526.508
686.518,0,574.73
696.721,0,440.461
202
-1971,0,-440
691.796,0,347.493
683.362,0,386.919
691.162,0,394.93
651.631,0,394.403
659.959,0,362.883
691.162,0,394.93
643.725,0,394.297
604.299,0,385.863
697.908,0,482.005
704.97,0,545.361
751.774,0,593.432
690.002,0,481.899
634.13,0,520.692
665.016,0,576.458
690.635,0,434.462
203
-1980,0,-442.5
693.174,0,344.71
684.506,0,392.019
684.506,0,392.019
644.976,0,391.384
653.39,0,359.887
684.506,0,392.019
637.07,0,391.257
597.541,0,390.622
691.016,0,479.111
713.718,0,542.74
752.486,0,590.81
683.11,0,478.984
627.133,0,517.625
641.93,0,581.127
683.744,0,439.454
204
-1997.5,0,-443.5
687.87,0,347.6
681.789,0,387.918
682.153,0,395.91
649.83,0,381.363
648.74,0,357.388
674.254,0,396.269
523.449,0,387.112
594.539,0,383.879
686.152,0,483.819
712.757,0,546.675
754.068,0,584.837
678.253,0,484.178
616.88,0,527.011
627.687,0,590.586
676.072,0,436.227
205
-2015,0,-445
502.589,0,319.803
503.904,0,351.456
488.407,0,360.027
481.48,0,384.095
638.757,0,353.779
527.973,0,358.383
536.872,0,381.793
546.101,0,413.117
498.622,0,415.09
500.266,0,454.656
501.91,0,494.222
522.361,0,414.104
524.005,0,453.669
609.056,0,592.818
513.133,0,382.78
206
-2024,0,-445.5
520.829,0,322.898
522.144,0,354.551
498.493,0,363.461
491.487,0,387.532
484.48,0,411.604
538.459,0,361.8
547.438,0,385.207
556.418,0,408.615
508.459,0,410.608
690.226,0,545.737
512.076,0,497.652
532.768,0,417.524
617.631,0,532.9
544.049,0,496.324
523.459,0,386.204
207
-2039,0,-446.5
528.538,0,320.336
529.853,0,351.988
514.356,0,360.559
499.516,0,384.956
632.396,0,339.801
546.009,0,359.244
563.15,0,390.239
564.137,0,413.978
524.571,0,415.623
680.84,0,551.812
519.946,0,495.083
548.31,0,414.636
549.954,0,454.202
551.599,0,493.768
531.497,0,391.554
208
-2048,0,-447.5
539.667,0,322.606
540.982,0,354.258
557.137,0,361.514
636.598,0,366.139
627.369,0,334.815
525.485,0,362.829
605.932,0,391.194
511.96,0,418.879
559.439,0,416.906
668.229,0,555.069
562.727,0,496.038
535.7,0,417.893
612.179,0,541.544
598.984,0,605.507
542.297,0,385.911
209
-2064,0,-447.5
550.579,0,325.288
551.895,0,356.941
536.397,0,365.512
529.47,0,389.58
522.544,0,413.648
640.912,0,400.803
600.689,0,386.62
594.091,0,418.602
546.283,0,412.662
548.256,0,460.141
549.9,0,499.707
570.023,0,411.675
571.996,0,459.154
573.64,0,498.72
553.21,0,388.593
210
-2076,0,-447.5
565.65,0,324.183
566.965,0,355.836
543.554,0,364.735
536.627,0,388.804
537.943,0,420.456
640.485,0,408.269
599.933,0,386.173
575.207,0,363.42
561.682,0,419.47
646.733,0,558.619
557.057,0,498.93
643.773,0,487.4
587.066,0,458.049
589.039,0,505.528
568.28,0,387.488
211
-2090,0,-449.5
579.44,0,324.591
578.317,0,357.227
560.907,0,360.472
552.171,0,390.924
545.62,0,413.762
603.34,0,356.165
609.83,0,390.985
585.93,0,359.411
578.255,0,414.885
572.765,0,462.747
571.642,0,495.382
593.481,0,419.253
599.972,0,454.073
602.094,0,504.118
584.807,0,392.046
212
-2100,0,-450.5
591.269,0,324.045
590.146,0,356.68
634.701,0,402.42
640.191,0,354.558
653.295,0,308.88
570.552,0,367.539
614.046,0,388.255
555.265,0,420.829
587.901,0,421.952
584.594,0,462.2
581.287,0,502.449
605.31,0,418.707
618.229,0,546.004
616.107,0,495.959
589.023,0,389.316
213
-2115,0,-448.5
601.261,0,325.737
599.507,0,357.368
637.254,0,399.121
647.872,0,352.117
658.49,0,305.112
583.093,0,364.391
573.352,0,395.579
572.038,0,419.303
603.988,0,421.074
605.402,0,540.135
628.488,0,557.278
596.001,0,420.631
620.939,0,548.928
657.371,0,614.404
597.754,0,389
214
-2127,0,-446.5
613.536,0,333.658
627.637,0,389.418
610.043,0,391.751
592.449,0,394.084
656.632,0,306.332
632.481,0,399.581
595.513,0,361.261
588.462,0,333.381
631.195,0,475.391
587.671,0,527.987
632.546,0,543.647
631.195,0,475.391
629.91,0,551.201
658.97,0,612.181
626.781,0,439.958
215
-2141,0,-449
620.546,0,327.524
629.412,0,384.509
644.154,0,394.329
642.17,0,346.184
654.928,0,307.86
613.69,0,382.55
593.046,0,356.029
589.103,0,323.607
635.339,0,465.076
581.318,0,514.224
646.163,0,506.338
627.478,0,464.096
633.405,0,544.663
665.853,0,604.586
631.396,0,432.653
216
-2155,0,-453
616.557,0,344.833
637.978,0,378.316
647.205,0,363.155
649.082,0,339.464
659.561,0,308.509
613.428,0,384.317
592.006,0,350.834
586.534,0,318.615
614.519,0,471.814
571.514,0,508.138
626.088,0,528.356
650.799,0,419.064
655.019,0,467.077
659.865,0,507.193
644.076,0,402.639
217
-2164,0,-453.5
617.854,0,342.963
636.262,0,378.317
619.354,0,383.712
642.584,0,338.819
655.463,0,308.474
611.532,0,382.46
593.123,0,347.107
589.094,0,322.157
613.269,0,471.858
561.279,0,495.945
612.24,0,528.407
661.229,0,422.822
662.729,0,463.571
673.788,0,594.97
649.378,0,396.62
218
-2177,0,-451.5
619.696,0,335.873
663.965,0,360.373
678.234,0,371.161
689.58,0,397.68
700.927,0,424.199
618.792,0,384.527
593.177,0,347.219
591.157,0,314.296
660.138,0,424.757
559.004,0,487.334
651.927,0,512.738
675.869,0,427.68
676.427,0,468.469
679.562,0,582.968
619.35,0,425.315
219
-2187,0,-454.5
672.626,0,332.726
675.281,0,361.361
649.993,0,375.055
645.662,0,399.955
641.331,0,424.855
689.252,0,368.832
702.664,0,394.147
712.305,0,426.517
666.06,0,429.006
664.942,0,464.695
660.053,0,507.44
687.576,0,422.366
689.672,0,468.846
684.782,0,511.591
674.163,0,397.051
220
-2198,0,-455.5
682.046,0,333.203
680.618,0,364.857
704.002,0,373.841
710.845,0,397.939
725.602,0,422.393
664.434,0,372.057
594.64,0,337.191
595.711,0,313.451
693.591,0,428.879
549.006,0,469.937
570.605,0,518.489
677.763,0,428.166
633.914,0,521.344
697.936,0,508.371
687.104,0,396.868
221
-2206,0,-455
695.358,0,336.667
694.14,0,368.643
677.847,0,376.028
668.939,0,399.706
659.727,0,431.379
717.818,0,377.551
724.899,0,401.838
739.974,0,426.43
683.71,0,432.292
690.181,0,472.568
688.658,0,512.539
707.692,0,433.206
706.17,0,473.177
712.641,0,513.453
700.916,0,400.925
222
-2219,0,-457
625.813,0,330.897
704.549,0,365.605
728.23,0,374.435
649.796,0,331.81
750.403,0,422.843
688.259,0,372.912
593.836,0,329.678
594.741,0,305.931
718.125,0,429.541
541.046,0,454.504
554.622,0,518.44
702.136,0,428.932
626.871,0,513.265
673.027,0,562.587
711.035,0,405.489
223
-2231,0,-459.5
715.284,0,339.423
714.066,0,371.4
737.509,0,380.299
744.511,0,404.583
759.429,0,429.169
690.014,0,378.49
689.1,0,402.472
597.765,0,302.923
703.714,0,435.052
536.568,0,452.702
700.668,0,514.994
727.766,0,427.963
613.594,0,511.677
659.262,0,561.452
712.848,0,403.377
224
-2241,0,-459.5
632.08,0,323.303
726.502,0,366.536
709.911,0,381.759
701.012,0,405.202
692.113,0,428.645
750.183,0,375.366
591.807,0,329.696
772.055,0,431.69
716.096,0,429.558
539.62,0,438.69
553.196,0,502.626
740.078,0,430.472
608.854,0,512.673
736.761,0,517.546
732.989,0,406.42
225
-2255,0,-460
733.121,0,338.033
731.903,0,370.01
755.346,0,378.909
770.264,0,403.495
777.266,0,427.779
715.767,0,377.401
590.941,0,324.611
705.719,0,433.059
753.214,0,434.868
531.267,0,434.419
544.662,0,498.975
729.467,0,433.964
599.768,0,509.081
637.215,0,566.548
738.296,0,410.283
226
-2264,0,-462
746.971,0,340.636
745.753,0,372.613
769.196,0,381.512
776.198,0,405.796
791.116,0,430.382
729.617,0,380.004
720.483,0,411.68
711.653,0,435.361
759.148,0,437.17
529.589,0,428.425
542.984,0,492.981
735.401,0,436.265
590.175,0,502.785
627.318,0,568.246
744.535,0,404.59
227
-2275,0,-461.5
755.698,0,340.066
762.486,0,372.034
738.201,0,379.037
729.001,0,410.395
728.096,0,434.143
778.172,0,380.559
793.256,0,404.916
800.346,0,428.968
752.079,0,435.056
750.571,0,474.636
749.063,0,514.215
776.061,0,435.97
774.554,0,475.549
772.744,0,523.044
760.978,0,411.613
228
-2286,0,-464
765.378,0,342.291
772.166,0,374.259
747.882,0,381.261
746.977,0,405.008
737.776,0,436.367
787.853,0,382.784
802.936,0,407.14
810.026,0,431.192
761.759,0,437.281
760.251,0,476.86
758.743,0,516.439
785.742,0,438.194
784.234,0,477.774
782.726,0,517.353
770.96,0,405.922
229
-2297,0,-464
775.307,0,344
782.083,0,376.281
757.796,0,383.362
756.578,0,415.338
747.67,0,439.017
797.767,0,384.884
812.842,0,409.476
819.923,0,433.763
771.653,0,439.93
770.13,0,479.901
538.298,0,471.069
795.636,0,440.844
794.113,0,480.815
792.59,0,520.786
780.865,0,408.258
230
-2306,0,-465.5
785.162,0,342.432
783.944,0,374.409
767.808,0,381.8
758.674,0,413.475
660.641,0,281.648
807.387,0,383.308
587.571,0,326.899
829.002,0,440.172
781.507,0,438.363
537.03,0,405.032
770.546,0,518.003
805.255,0,439.267
557.732,0,485.878
793.989,0,526.902
790.337,0,414.682
231
-2315,0,-465.5
794.857,0,347.555
793.651,0,379.218
777.517,0,386.531
768.697,0,409.977
662.7,0,279.101
817.097,0,388.038
589.649,0,323.882
839.035,0,436.438
783.322,0,442.243
781.815,0,481.822
537.027,0,456.642
807.07,0,443.148
552.256,0,473.077
804.054,0,522.306
800.36,0,411.183
232
-2327,0,-466
803.782,0,344.856
802.575,0,376.52
786.442,0,383.832
777.32,0,415.194
655.793,0,275.8
826.021,0,385.34
590.356,0,328.798
847.658,0,441.656
800.163,0,439.846
540.147,0,398.231
530.12,0,453.341
823.91,0,440.751
545.349,0,469.775
812.979,0,519.608
808.983,0,416.4
233
-2335,0,-467.5
816.27,0,348.61
815.058,0,380.433
798.843,0,387.782
789.978,0,411.346
659.579,0,278.902
838.622,0,389.298
853.624,0,413.771
860.671,0,437.942
804.677,0,443.776
803.162,0,483.555
801.95,0,515.378
828.545,0,444.685
827.029,0,484.464
825.514,0,524.243
821.801,0,412.559
234
-2345,0,-469.5
823.927,0,352.844
823.017,0,376.711
806.5,0,392.016
797.635,0,415.581
659.28,0,282.833
846.582,0,385.576
861.281,0,418.005
868.327,0,442.176
812.637,0,440.054
810.819,0,487.789
817.562,0,519.915
836.504,0,440.963
543.656,0,389.97
833.17,0,528.477
829.458,0,416.793
235
-2353,0,-469.5
830.5,0,350.759
829.299,0,382.292
813.232,0,389.574
804.448,0,412.923
803.247,0,444.456
852.648,0,391.076
867.513,0,415.326
874.496,0,439.276
819.013,0,445.057
817.512,0,484.473
824.193,0,516.306
842.663,0,445.958
553.088,0,379.664
839.66,0,524.789
835.981,0,414.125
236
-2363,0,-471.5
837.186,0,349.787
843.905,0,381.622
819.844,0,388.6
818.643,0,420.132
809.822,0,443.48
867.365,0,390.41
591.961,0,332.551
881.404,0,438.313
833.583,0,444.385
832.081,0,483.801
830.88,0,515.334
857.343,0,445.291
855.841,0,484.706
854.34,0,524.122
842.404,0,421.038
237
-2372,0,-472.5
847.085,0,346.775
853.799,0,378.757
829.435,0,393.692
828.529,0,417.453
819.402,0,448.832
616.495,0,361.785
593.941,0,329.199
587.228,0,297.217
835.544,0,441.515
841.654,0,489.338
840.447,0,521.019
582.099,0,431.86
527.261,0,413.907
855.986,0,529.542
852.29,0,418.358
238
-2381,0,-473.5
860.159,0,349.421
636.683,0,356.781
842.73,0,388.441
833.563,0,419.838
832.355,0,451.54
882.529,0,389.957
589.83,0,331.185
591.038,0,299.484
848.274,0,452.146
846.765,0,491.772
853.517,0,523.777
872.154,0,453.056
531.394,0,400.39
869.134,0,532.309
865.402,0,421.051
239
-2388,0,-474
869.964,0,349.506
638.508,0,356.632
852.224,0,396.661
843.354,0,420.239
657.158,0,285.596
622.284,0,363.986
591.353,0,338.892
584.605,0,306.747
858.061,0,452.687
856.545,0,492.489
862.989,0,532.594
881.942,0,453.597
533.508,0,392.491
878.91,0,533.2
875.195,0,421.452
240
-2394,0,-473.5
877.577,0,350.087
638.127,0,356.911
859.834,0,397.249
850.963,0,420.83
664.741,0,286.168
621.901,0,364.266
590.965,0,339.169
592.178,0,307.323
865.672,0,453.283
864.156,0,493.09
870.601,0,533.201
889.557,0,454.193
888.04,0,494
886.524,0,533.807
605.068,0,387.544
241
-2407,0,-473.5
885.508,0,356.974
638.1,0,363.429
868.075,0,396.01
859.208,0,419.493
665.005,0,285.052
621.875,0,370.751
591.237,0,337.823
592.445,0,306.108
873.922,0,451.814
872.412,0,491.458
886.523,0,539.636
897.807,0,452.724
566.749,0,352.77
525.431,0,390.897
605.348,0,386.001
242
-2414,0,-475.5
887.498,0,355.013
894.221,0,387.042
878.055,0,394.37
868.915,0,425.795
667.524,0,291.03
616.912,0,368.535
594.325,0,335.901
595.534,0,304.174
883.872,0,450.194
882.059,0,497.785
888.479,0,537.746
907.667,0,451.101
569.926,0,350.858
904.343,0,538.35
892.71,0,426.701
243
-2421,0,-478
908.001,0,357.833
906.792,0,389.56
882.695,0,396.585
873.554,0,428.01
864.716,0,451.503
621.551,0,370.75
591.033,0,337.814
600.173,0,306.389
888.511,0,452.409
894.932,0,492.37
901.051,0,540.263
564.518,0,408.293
574.867,0,345.142
526.068,0,375.056
597.152,0,385.707
244
-2426,0,-477
910.189,0,356.03
916.612,0,396.005
892.808,0,395.098
883.665,0,426.534
874.521,0,457.97
623.638,0,368.952
593.109,0,336.004
594.318,0,304.266
898.325,0,458.877
896.813,0,498.549
910.869,0,546.761
566.585,0,406.508
553.134,0,342.427
528.424,0,365.324
907.468,0,427.441
245
-2433,0,-478
917.775,0,361.932
924.551,0,394.213
900.264,0,401.294
891.052,0,432.966
890.138,0,456.949
621.076,0,374.646
598.312,0,341.756
599.53,0,309.779
906.126,0,457.558
912.293,0,505.827
918.765,0,546.103
571.893,0,404.796
558.341,0,340.233
525.755,0,355.003
596.789,0,381.727
246
-2441,0,-479
675.601,0,353.142
919.634,0,394.128
903.511,0,401.437
894.696,0,424.868
885.579,0,456.21
619.621,0,366.854
588.882,0,341.916
597.998,0,310.574
909.312,0,457.114
915.716,0,496.97
921.819,0,544.737
933.346,0,450.108
565.752,0,325.19
533.505,0,339.806
926.339,0,426.073
247
-2450,0,-480
675.119,0,354.973
935.89,0,396.597
911.772,0,403.601
652.81,0,314.511
661.954,0,283.17
626.884,0,368.98
588.396,0,335.824
597.239,0,312.394
925.54,0,459.582
924.033,0,499.137
930.164,0,546.905
562.47,0,390.294
565.183,0,319.095
532.825,0,333.707
602.766,0,375.984
248
-2455,0,-482
941.299,0,364.646
947.717,0,404.92
923.896,0,404.012
914.738,0,435.687
658.194,0,281.809
623.083,0,368.535
592.236,0,343.342
593.454,0,311.366
929.4,0,468.268
935.817,0,508.542
942.235,0,548.815
945.28,0,468.873
569.024,0,326.447
537.263,0,325.237
938.558,0,436.594
249
-2464,0,-482
946.554,0,365.046
953.33,0,397.327
929.043,0,404.408
919.83,0,436.08
918.917,0,460.062
969.014,0,405.93
595.114,0,343.651
974.571,0,470.188
934.905,0,460.671
949.066,0,509.246
947.543,0,549.217
966.882,0,461.89
957.365,0,501.556
955.842,0,541.527
951.807,0,437.298
250
-2471,0,-483
955.214,0,366.265
954,0,398.136
937.708,0,405.494
928.499,0,437.06
919.594,0,460.658
977.679,0,407.017
984.459,0,439.192
983.245,0,471.062
943.577,0,461.571
949.75,0,509.681
956.227,0,549.824
967.56,0,462.485
966.042,0,502.323
964.524,0,542.161
960.476,0,438.278
251
-2479,0,-485
959.879,0,366.069
966.655,0,398.35
942.367,0,405.431
641.938,0,305.922
643.156,0,273.945
990.028,0,415.252
996.804,0,447.533
987.896,0,471.211
956.224,0,461.999
962.391,0,510.269
960.564,0,558.234
980.207,0,462.913
978.379,0,510.878
977.161,0,542.855
965.132,0,438.321
252
-2486,0,-486
968.248,0,371.79
967.029,0,403.767
950.736,0,411.152
941.524,0,442.825
932.616,0,466.503
632.491,0,358.999
593.129,0,341.488
586.353,0,309.207
956.599,0,467.416
962.766,0,515.686
968.933,0,563.956
972.587,0,468.025
560.239,0,364.253
564.502,0,252.334
965.507,0,443.738
253
-2494,0,-487.5
969.748,0,366.59
968.53,0,398.567
952.075,0,413.952
943.239,0,437.633
934.098,0,469.308
991.69,0,415.461
998.394,0,447.74
997.481,0,471.722
957.866,0,470.213
964.267,0,510.486
970.362,0,558.753
981.939,0,463.124
980.112,0,511.09
978.894,0,543.066
974.93,0,438.84
254
-2501,0,-488.5
980.243,0,365.808
986.715,0,406.083
962.428,0,413.164
953.215,0,444.836
944.307,0,468.514
1010.39,0,414.991
589.137,0,334.896
1007.96,0,478.945
976.284,0,469.732
982.451,0,518.002
980.624,0,565.967
1000.27,0,470.646
998.744,0,510.617
997.526,0,542.594
985.497,0,438.06
255
-2507,0,-488.5
983.48,0,366.584
981.957,0,406.555
965.807,0,413.946
956.666,0,445.621
947.83,0,469.301
1005.42,0,415.455
1011.82,0,455.728
1010.91,0,479.71
971.598,0,470.207
977.694,0,518.474
983.789,0,566.741
995.367,0,471.112
1001.46,0,519.379
992.626,0,543.06
988.357,0,446.828
256
-2514,0,-489.5
990.081,0,366.87
996.868,0,398.866
972.282,0,413.798
971.377,0,437.567
962.175,0,468.953
1020.25,0,415.625
590.975,0,335.797
1018.13,0,471.085
986.158,0,469.867
992.643,0,509.786
998.524,0,565.55
1010.14,0,470.781
1008.63,0,510.395
1007.42,0,542.086
995.359,0,438.48
257
-2520,0,-489.5
997.34,0,372.774
1004.12,0,405.055
979.829,0,412.135
970.617,0,443.808
961.404,0,475.48
1027.79,0,413.963
590.55,0,333.259
1025.36,0,477.916
993.686,0,468.704
999.853,0,516.974
998.025,0,564.939
1017.67,0,469.618
1015.84,0,517.583
1014.62,0,549.56
1002.59,0,445.026
258
-2526,0,-491.5
1000.76,0,374.879
999.546,0,406.855
983.396,0,414.246
974.255,0,445.921
965.114,0,477.596
1023.01,0,415.755
589.996,0,327.207
1028.5,0,480.011
989.187,0,470.507
995.283,0,518.774
1001.38,0,567.041
1020.88,0,471.715
1019.05,0,519.68
1017.83,0,551.657
1005.95,0,447.128
259
-2532,0,-492.5
1008.73,0,373.781
1015.5,0,406.062
991.215,0,413.143
989.997,0,445.12
972.79,0,476.487
1039.18,0,414.97
594.246,0,325.968
1036.74,0,478.924
1004.77,0,477.706
1011.24,0,517.981
1017.1,0,574.245
1028.75,0,478.619
1035.22,0,518.895
1026.01,0,550.567
1013.98,0,446.033
260
-2538,0,-493.5
1012.73,0,371.795
1019.5,0,404.077
994.911,0,419.152
993.693,0,451.128
976.791,0,474.502
1042.88,0,420.979
590.253,0,323.678
1048.43,0,485.237
1008.77,0,475.72
1014.93,0,523.99
1021.1,0,572.26
1032.75,0,476.634
1038.92,0,524.903
1038,0,548.886
1025.97,0,444.352
261
-2544,0,-494.5
1018.3,0,370.66
1025.01,0,402.653
1000.94,0,409.67
991.811,0,441.059
982.681,0,472.449
1048.18,0,419.404
591.973,0,314.747
1046.06,0,474.864
1014.37,0,473.656
1020.48,0,521.495
1018.67,0,569.032
1038.14,0,474.562
1036.33,0,522.099
1035.42,0,545.867
1023.5,0,442.267
262
-2549,0,-496
675.09,0,292.982
1031.18,0,402.471
1006.59,0,417.522
1005.37,0,449.45
988.473,0,472.787
1054.55,0,419.349
594.236,0,313.883
1060.12,0,483.51
1020.45,0,474.005
1026.62,0,522.202
1032.79,0,570.398
1044.43,0,474.919
1058.6,0,523.42
1049.39,0,555.043
1037.35,0,450.668
263
-2557,0,-496
1030.52,0,368.666
1037.26,0,400.751
1012.81,0,415.733
1003.66,0,447.212
994.802,0,470.746
1060.49,0,417.55
595.276,0,304.343
1066.02,0,481.416
1026.29,0,479.903
1032.72,0,519.933
1038.55,0,575.853
1050.43,0,472.865
1056.56,0,520.841
1047.4,0,552.32
1035.44,0,448.423
264
-2561,0,-496
1036.77,0,370.488
1043.5,0,402.719
1019.05,0,417.775
1009.89,0,449.401
1001.03,0,473.045
1066.74,0,419.592
593.554,0,305.641
1072.25,0,483.752
1032.82,0,474.256
1038.94,0,522.452
1045.06,0,570.647
1056.66,0,475.164
1062.78,0,523.36
1061.26,0,563.271
1041.68,0,450.612
265
-2567,0,-497
1044.78,0,367.367
1051.54,0,399.318
1027.03,0,414.231
1017.85,0,445.575
1008.98,0,469.007
1074.86,0,416.053
1081.32,0,455.916
1080.42,0,479.652
1032.89,0,469.918
1047.02,0,517.997
1052.89,0,573.684
1064.77,0,471.132
1062.97,0,518.604
1061.46,0,558.163
1049.74,0,446.789
266
-2573,0,-498
1050.15,0,368.166
1056.92,0,400.214
1032.4,0,415.175
1023.52,0,438.68
1014.34,0,470.121
1080.23,0,416.997
597.609,0,303.24
1085.78,0,480.79
1046.22,0,471.336
1052.08,0,527.192
1058.24,0,575.112
1070.14,0,472.247
1076.3,0,520.167
1074.78,0,559.847
1055.1,0,447.831
267
-2578,0,-499
1059.83,0,368.64
638.561,0,289.01
1042.03,0,415.648
1033.13,0,439.152
1015.93,0,470.287
1090,0,417.475
598.287,0,295.424
591.2,0,271.311
1047.61,0,479.441
1061.78,0,527.667
1067.96,0,575.588
1079.89,0,472.723
1078.07,0,520.34
1084.56,0,560.325
1064.81,0,448.306
268
-2583,0,-500
1065.9,0,368.377
1064.69,0,400.084
1040.11,0,415.024
1039.2,0,438.804
1022,0,469.903
1096.07,0,417.156
596.356,0,294.92
1101.64,0,480.875
1053.68,0,479.048
1067.85,0,527.218
1066.04,0,574.779
1085.66,0,480.266
1084.15,0,519.9
1090.33,0,567.766
1070.87,0,447.949
269
-2588,0,-501
1068.66,0,369.56
1075.44,0,401.706
1050.85,0,416.712
1041.94,0,440.288
1032.74,0,471.824
1098.81,0,418.539
599.122,0,295.871
1104.38,0,482.525
1056.42,0,480.698
1070.59,0,529.068
1076.76,0,577.133
1088.7,0,473.956
1086.88,0,521.717
1093.05,0,569.782
1073.62,0,449.466
270
-2593,0,-501
1073.7,0,371.096
1080.48,0,403.377
1055.89,0,418.452
1046.98,0,442.13
1037.77,0,473.803
1103.85,0,420.28
596.183,0,296.864
1109.41,0,484.538
1061.45,0,482.71
1075.61,0,531.285
1081.77,0,579.554
1093.73,0,475.934
1091.59,0,531.894
1097.76,0,580.164
1078.65,0,451.343
271
-2598,0,-501
1078.3,0,369.17
1077.09,0,400.967
1052.63,0,415.957
1043.47,0,447.451
1034.61,0,470.996
1108.29,0,418.078
1115.03,0,450.178
1113.82,0,481.975
1066.11,0,480.157
1080.2,0,528.459
1078.38,0,576.155
1098.22,0,473.42
1096.1,0,529.065
1102.24,0,577.063
1083.23,0,448.966
272
-2603,0,-501
1081.3,0,369.665
1088.04,0,401.81
1063.58,0,416.823
1054.72,0,440.401
577.852,0,206.989
1111.29,0,418.64
598.675,0,287.503
1116.81,0,482.627
1069.1,0,480.81
1083.19,0,529.179
1089.02,0,585.205
1101.21,0,474.061
1099.09,0,529.785
1104.92,0,585.811
1086.22,0,449.574
273
-2608,0,-501
1086.8,0,371.158
1085.58,0,403.135
1061.16,0,418.216
1052,0,449.89
1043.15,0,473.57
1116.72,0,420.333
596.795,0,296.45
1122.22,0,484.589
1074.6,0,482.774
1088.64,0,531.344
1086.51,0,587.304
1106.35,0,483.984
1104.52,0,531.949
1110.32,0,588.211
1091.69,0,451.402
274
-2613,0,-503
1097.51,0,371.508
1095.99,0,411.479
1071.81,0,418.564
606.338,0,296.756
1053.77,0,473.917
1119.55,0,420.383
1126.29,0,452.663
1133.03,0,484.943
1084.98,0,491.118
1091.42,0,531.392
1097.24,0,587.655
1109.16,0,484.033
1107.33,0,531.998
1113.16,0,588.261
1094.46,0,451.45
275
-2618,0,-503
1100.9,0,371.163
1099.38,0,411.134
1075.26,0,418.221
1066.1,0,449.895
1057.25,0,473.575
1122.88,0,420.035
602.959,0,296.153
513.837,0,548.943
1080.76,0,482.477
1094.5,0,539.041
1100.61,0,587.309
1112.51,0,483.686
1110.68,0,531.652
1116.49,0,587.913
1097.85,0,451.105
276
-2622,0,-504
1102.91,0,371.151
1101.39,0,411.122
1077.27,0,418.209
1068.12,0,449.883
1059.26,0,473.564
1124.9,0,420.023
1139.25,0,460.599
1138.34,0,484.582
1090.41,0,490.762
1096.52,0,539.029
1102.63,0,587.297
1114.52,0,483.674
1120.63,0,531.942
1126.13,0,596.198
1107.8,0,451.395
277
-2627,0,-503.5
1109.64,0,371.231
1108.12,0,411.202
1083.95,0,418.287
1074.77,0,449.961
1065.9,0,473.64
1131.69,0,420.106
1146.08,0,460.683
521.207,0,548.959
1097.12,0,490.841
1103.25,0,539.11
1109.38,0,587.378
1129.25,0,484.059
1127.12,0,540.019
1124.99,0,595.978
1114.25,0,459.471
278
-2631,0,-504.5
1110.92,0,371.156
1109.4,0,411.127
1085.28,0,418.214
1076.12,0,449.888
1067.27,0,473.568
1140.54,0,428.325
612.98,0,296.146
1153.98,0,492.883
1098.41,0,490.766
1112.46,0,539.336
1110.63,0,587.302
1130.16,0,491.976
1128.34,0,539.941
1134.45,0,588.209
1115.51,0,459.394
279
-2636,0,-505.5
1117.39,0,379.223
1116.17,0,411.2
1092,0,418.285
1082.82,0,449.958
1073.65,0,481.632
1147.69,0,420.407
1154.13,0,460.681
1160.87,0,492.961
1105.17,0,490.839
1119.26,0,539.41
1125.39,0,587.679
1137,0,492.051
1135.17,0,540.016
1140.99,0,596.279
1122.3,0,459.468
280
-2639,0,-505.5
1121.38,0,379.204
1128.12,0,411.484
1103.94,0,418.569
1086.81,0,449.94
1077.94,0,473.619
623.468,0,272.172
1158.11,0,460.662
533.244,0,548.938
1109.16,0,490.82
1123.24,0,539.391
1129.37,0,587.66
1140.98,0,492.032
1139.16,0,539.998
1144.98,0,596.26
1126.29,0,459.449
281
-2644,0,-506.5
1125.41,0,379.216
1132.15,0,411.496
1107.67,0,426.575
1090.84,0,449.951
1081.67,0,481.625
1155.41,0,428.393
618.632,0,295.863
537.278,0,548.949
1113.19,0,490.831
1127.28,0,539.403
1133.41,0,587.671
1145.02,0,492.044
1143.19,0,540.009
1149.01,0,596.271
1130.32,0,459.461
282
-2647,0,-506.5
1137.32,0,379.501
1136.1,0,411.478
1111.63,0,426.557
1102.76,0,450.236
1085.62,0,481.607
1159.36,0,428.375
1173.75,0,468.953
541.233,0,548.931
1117.15,0,490.813
1131.23,0,539.385
1137.36,0,587.653
1148.97,0,492.026
1147.14,0,539.991
1152.97,0,596.254
1134.28,0,459.443
283
-2652,0,-507.5
1140.58,0,379.469
1139.36,0,411.446
1114.94,0,426.527
1097.84,0,457.899
1088.99,0,481.579
1162.56,0,428.341
1176.92,0,468.917
545.884,0,548.953
1120.14,0,498.777
1134.49,0,539.353
1140.6,0,587.62
1152.19,0,491.992
1150.36,0,539.958
1156.17,0,596.219
1137.53,0,459.411
284
-2656,0,-506.5
1143.34,0,379.531
1142.12,0,411.508
1117.65,0,426.587
1108.47,0,458.261
1099.6,0,481.94
1173.34,0,428.709
1179.78,0,468.983
1186.51,0,501.263
1130.82,0,499.141
1137.25,0,539.415
1143.38,0,587.683
1162.95,0,492.359
1160.82,0,548.319
1158.99,0,596.284
1140.3,0,459.473
285
-2660,0,-507.5
1147.3,0,379.516
1146.08,0,411.492
1121.6,0,426.572
1112.43,0,458.245
1103.56,0,481.925
1177.3,0,428.693
1183.73,0,468.967
1190.47,0,501.247
1134.77,0,499.126
1141.21,0,539.4
1147.34,0,587.668
1166.6,0,500.338
1164.77,0,548.303
1162.64,0,604.263
1151.91,0,467.755
286
-2663,0,-507.5
1151.35,0,379.536
606.005,0,262.691
1125.65,0,426.592
1116.48,0,458.265
1107.61,0,481.945
1181.35,0,428.713
1187.78,0,468.988
1194.52,0,501.267
1138.82,0,499.146
1145.26,0,539.42
1151.39,0,587.688
1170.95,0,492.364
1168.82,0,548.323
1166.69,0,604.283
1156.26,0,459.781
287
-2667,0,-508.5
1159.28,0,379.657
1157.75,0,419.628
1181.32,0,428.531
1195.71,0,469.109
1202.45,0,501.389
1133.58,0,426.713
1124.4,0,458.386
555.203,0,548.783
1146.75,0,499.267
1152.88,0,547.535
1159.31,0,587.809
1170.62,0,500.176
1168.79,0,548.141
1174.62,0,604.404
574.428,0,253.301
288
-2672,0,-508.5
1167.12,0,379.914
1165.6,0,419.885
1133.42,0,426.665
1124.24,0,458.339
1115.05,0,490.012
1188.89,0,436.784
1203.6,0,469.368
1210.35,0,501.648
1154.58,0,499.524
1152.76,0,547.489
1159.2,0,587.763
1178.48,0,500.434
1176.66,0,548.399
1174.53,0,604.359
1163.77,0,467.85
289
-2676,0,-508.5
1174.72,0,380.037
1173.2,0,420.008
1140.92,0,426.784
1131.71,0,458.456
1122.49,0,490.128
1196.57,0,436.91
1211.34,0,469.496
1218.12,0,501.777
1154.17,0,499.341
1160.33,0,547.61
1166.8,0,587.886
1186.14,0,500.559
1184.32,0,548.524
1182.18,0,604.484
1171.37,0,467.973
290
-2679,0,-508.5
1175.14,0,379.926
1173.92,0,411.903
1149.41,0,426.981
1140.22,0,458.654
1123.07,0,490.024
603.971,0,294.121
1211.62,0,469.38
1218.37,0,501.66
1162.6,0,499.536
1160.77,0,547.501
1167.22,0,587.776
1186.81,0,492.452
1184.67,0,548.412
1182.54,0,604.371
1172.09,0,459.868
291
-2683,0,-508.5
1175.26,0,379.843
1174.04,0,411.82
1149.59,0,426.9
1140.42,0,458.574
1131.25,0,490.248
1204.92,0,437.014
1211.65,0,469.293
1218.38,0,501.573
1162.74,0,499.453
1160.91,0,547.418
1167.34,0,587.692
1194.53,0,500.664
1184.76,0,548.327
1190.27,0,612.583
1179.86,0,468.082
292
-2686,0,-508.5
1174.93,0,379.651
1181.38,0,419.925
1157.15,0,427.008
1147.65,0,466.675
1138.76,0,490.354
1212.67,0,437.129
1219.43,0,469.41
1226.19,0,501.69
1170.36,0,499.564
1168.53,0,547.529
1174.98,0,587.804
1202.26,0,500.779
1192.46,0,548.44
1198,0,612.698
1179.55,0,467.891
293
-2690,0,-508.5
1183.23,0,379.854
1181.71,0,419.825
1157.56,0,426.911
1148.09,0,466.579
1139.23,0,490.259
1212.89,0,437.024
1219.62,0,469.304
1226.35,0,501.584
1170.71,0,499.464
1168.89,0,547.429
1175.31,0,587.703
1202.81,0,492.681
1192.73,0,548.338
1198.24,0,612.594
1180.18,0,459.796
294
-2693,0,-508.5
1190.76,0,379.999
1189.24,0,419.97
1164.98,0,427.051
1155.47,0,466.718
1146.57,0,490.396
1220.57,0,437.175
1227.34,0,469.456
1234.1,0,501.737
1178.21,0,499.607
1176.38,0,547.573
1182.84,0,587.848
1210.15,0,500.824
1200.33,0,548.485
1197.9,0,612.439
1195.4,0,468.239
295
-2697,0,-508.5
1190.95,0,379.9
1189.43,0,419.871
1165.22,0,426.955
1155.74,0,466.622
1146.86,0,490.301
1220.68,0,437.073
1235.4,0,469.657
1242.14,0,501.937
1178.42,0,499.509
1176.59,0,547.475
1183.03,0,587.749
1210.28,0,500.723
1208.45,0,548.688
1206.02,0,612.642
1195.57,0,468.139
296
-2700,0,-508.5
1191.32,0,379.811
1189.79,0,419.782
1165.67,0,426.869
1156.21,0,466.538
1147.36,0,490.218
1221.24,0,428.986
1235.59,0,469.562
1242.31,0,501.841
1178.81,0,499.422
1176.68,0,555.381
1183.7,0,579.666
1210.87,0,492.637
1208.73,0,548.596
1206.3,0,612.55
1196.21,0,460.055
297
-2703,0,-508.5
1198.96,0,379.911
1197.44,0,419.882
1173.24,0,426.966
1164.05,0,458.639
1154.87,0,490.313
1229,0,429.09
1243.41,0,469.668
594.209,0,549.012
1186.43,0,499.521
1184.3,0,555.48
1191.04,0,587.761
1218.29,0,500.735
1216.46,0,548.7
1214.03,0,612.654
1203.88,0,460.157
298
-2706,0,-509.5
1199.47,0,371.857
1197.95,0,411.828
1173.5,0,426.908
1172.28,0,458.885
1155.17,0,490.256
1229.13,0,429.027
1243.5,0,469.604
1250.23,0,501.883
1186.65,0,499.461
1184.52,0,555.42
1191.25,0,587.7
1218.44,0,500.672
1216.61,0,548.637
1214.17,0,612.591
1204.07,0,460.096
299
-2710,0,-509.5
1199.67,0,371.783
1206.07,0,412.056
1173.75,0,426.836
1172.53,0,458.813
1163.39,0,490.488
1237.18,0,429.252
1243.58,0,469.525
1250.29,0,501.804
1187.17,0,491.394
1184.74,0,555.347
1199.37,0,587.928
1218.88,0,492.602
1216.75,0,548.561
1214.32,0,612.515
1204.25,0,460.021
300
-2713,0,-509.5
1207.21,0,371.924
1213.65,0,412.199
1181.18,0,426.974
1179.96,0,458.95
1170.78,0,490.624
1236.94,0,429.098
1251.35,0,469.676
1258.1,0,501.956
1194.68,0,491.534
1192.24,0,555.488
1206.95,0,588.071
1226.54,0,492.748
1224.41,0,548.707
1221.97,0,612.661
1211.83,0,460.164
301
-2716,0,-510.5
1207.46,0,371.816
1213.88,0,412.089
1181.52,0,426.868
1180.3,0,458.845
1171.14,0,490.519
1237.08,0,428.985
580.43,0,347.928
589.281,0,324.248
1194.65,0,499.421
1192.52,0,555.38
1199.24,0,587.659
1234.64,0,492.938
1232.21,0,556.892
1222.14,0,612.549
1212.05,0,460.054
302
-2719,0,-509.5
1215,0,372.043
1221.47,0,412.319
1188.88,0,427.089
1187.66,0,459.066
1178.45,0,490.738
1252.83,0,429.526
583.149,0,355.978
607.816,0,549.057
1202.43,0,491.652
1200.3,0,547.611
1214.77,0,588.191
1234.41,0,492.87
1239.97,0,557.128
1237.84,0,613.088
1219.64,0,460.284
303
-2722,0,-509.5
1215.48,0,371.932
1213.96,0,411.903
1189.54,0,426.985
1188.32,0,458.961
1179.16,0,490.636
1245.1,0,429.101
1259.45,0,469.677
1258.23,0,501.654
1202.98,0,491.543
1200.84,0,547.502
1206.95,0,595.77
1234.72,0,492.752
1232.29,0,556.706
1230.16,0,612.666
1220.07,0,460.171
304
-2725,0,-509.5
1223.1,0,372.08
1221.58,0,412.051
1197.35,0,419.134
1195.83,0,459.105
1186.63,0,490.778
1252.87,0,429.255
576.518,0,363.459
577.127,0,347.471
1210.56,0,491.689
1208.43,0,547.649
1214.57,0,595.918
1242.46,0,492.904
1240.02,0,556.858
1237.89,0,612.817
1227.73,0,460.32
305
-2727,0,-509.5
1223.17,0,372.062
1229.6,0,412.336
1197.47,0,419.118
1195.95,0,459.089
1186.77,0,490.763
1260.81,0,429.537
569.849,0,371.191
618.842,0,549.185
1210.64,0,491.672
1208.51,0,547.632
1214.33,0,603.894
1242.47,0,492.885
1247.99,0,557.141
1237.9,0,612.798
1227.77,0,460.302
306
-2731,0,-508
1223.44,0,371.965
1221.92,0,411.936
1197.83,0,419.024
1196.31,0,458.995
1187.16,0,490.67
1253.33,0,421.138
1267.66,0,461.713
621.261,0,549.169
1210.95,0,491.576
1208.82,0,547.535
1214.61,0,603.797
1242.66,0,492.784
1248.15,0,557.039
1238.09,0,612.697
1228.02,0,460.203
307
-2734,0,-508
1230.98,0,372.159
1237.44,0,412.434
1205.2,0,419.211
1203.68,0,459.182
1194.47,0,490.855
1261.09,0,421.341
664.749,0,542.727
624.521,0,549.2
1218.43,0,491.768
1216.29,0,547.727
1222.15,0,603.991
1250.36,0,492.984
1256.22,0,549.248
1253.78,0,613.202
1235.61,0,460.399
308
-2736,0,-507
1231.27,0,371.976
1229.74,0,411.947
1205.32,0,427.028
1204.11,0,459.005
1194.95,0,490.68
1261.19,0,421.151
668.399,0,542.672
628.411,0,549.155
1218.76,0,491.587
1216.63,0,547.546
1222.13,0,611.802
1250.51,0,492.796
1256.01,0,557.052
1245.94,0,612.709
1235.85,0,460.215
309
-2738,0,-507
1238.93,0,372.201
1245.41,0,412.477
1212.82,0,427.247
1211.6,0,459.224
1202.39,0,490.896
1269.08,0,421.385
672.031,0,542.744
631.755,0,549.215
1226.37,0,491.81
1223.94,0,555.763
1229.8,0,612.027
1258.35,0,493.028
1263.91,0,557.286
1261.77,0,613.246
1243.58,0,460.442
310
-2741,0,-507
1238.97,0,372.157
1245.43,0,412.432
1212.88,0,427.204
1211.67,0,459.18
1202.16,0,498.847
705.292,0,527.953
664.761,0,542.421
632.518,0,549.198
1226.11,0,499.76
1231.96,0,556.023
1229.83,0,611.983
1258.05,0,500.977
1263.9,0,557.24
1261.77,0,613.2
1243.6,0,460.397
311
-2744,0,-507
1239.15,0,372.057
1245.58,0,412.331
1213.15,0,427.107
1211.93,0,459.084
1202.46,0,498.752
699.438,0,527.623
667.007,0,542.399
634.881,0,549.181
1234.28,0,499.964
1232.14,0,555.923
1230.01,0,611.883
1266.1,0,501.176
1263.97,0,557.136
1261.83,0,613.095
1243.75,0,460.296
312
-2746,0,-506
1239.24,0,372
1245.65,0,412.274
1213.3,0,427.053
1212.08,0,459.03
1210.56,0,499.001
1269.46,0,413.181
668.473,0,542.396
636.424,0,549.181
1234.36,0,499.908
1232.23,0,555.867
1230.1,0,611.826
1266.11,0,501.117
1263.98,0,557.076
1261.84,0,613.036
1243.82,0,460.239
313
-2749,0,-506
1239.23,0,371.959
1245.63,0,412.232
1221.24,0,427.315
1212.1,0,458.989
1210.57,0,498.961
709.391,0,527.902
661.224,0,542.079
637.445,0,541.173
1234.35,0,499.866
1232.22,0,555.826
1230.09,0,611.785
1258.13,0,500.772
1263.93,0,557.034
1121.25,0,551.598
1243.8,0,460.197
314
-2751,0,-506
443.185,0,340.818
1009.29,0,276.506
1224.89,0,425.688
1219.48,0,461.037
1214.08,0,496.386
1009.29,0,276.506
668.323,0,545.756
643.082,0,545.466
1241.77,0,504.293
1233.67,0,557.316
1235.61,0,615.514
1264.56,0,496.967
1268.95,0,562.781
1268.44,0,613.363
1009.03,0,301.797
315
-2753,0,-506
1247.14,0,372.053
435.218,0,389.157
1221.18,0,427.104
1219.96,0,459.081
1218.44,0,499.052
394.594,0,411.626
675.94,0,542.432
636.229,0,540.919
1258.15,0,500.565
434.023,0,629.285
1128.94,0,551.684
1242.26,0,499.96
1240.13,0,555.919
1238,0,611.879
424.23,0,468.796
316
-2755,0,-506
1254.96,0,372.276
1253.44,0,412.247
460.792,0,414.074
473.126,0,510.613
473.431,0,502.619
1228.84,0,427.322
1227.32,0,467.293
1226.1,0,499.27
1266.07,0,500.792
444.575,0,629.613
1128.04,0,551.575
1250.09,0,500.183
1247.95,0,556.143
1245.82,0,612.102
426.684,0,468.815
317
-2758,0,-505
456.868,0,330.732
443.117,0,385.601
1230.22,0,421.417
1229.9,0,464.484
1225.21,0,497.129
398.449,0,410.586
389.069,0,475.877
655.488,0,541.304
449.554,0,517.816
800.62,0,565.919
822.795,0,574.961
413.946,0,520.577
733.226,0,54.6358
714.072,0,38.1867
435.089,0,468.721
318
-2760,0,-504
455.672,0,338.693
1261.56,0,409.424
468.615,0,419.244
481.254,0,507.79
822.872,0,576.845
1236.97,0,424.498
1227.46,0,464.165
1226.24,0,496.142
448.668,0,522.56
444.404,0,634.479
1253.95,0,609.279
1249.92,0,505.049
404.433,0,632.956
1253.65,0,617.273
434.811,0,465.991
319
-2762,0,-504
451.481,0,336.15
441.38,0,391.805
1238.08,0,430.162
484.936,0,505.546
1227.37,0,501.806
707.488,0,530.036
674.998,0,544.81
651.088,0,543.899
1251.28,0,502.717
1249.14,0,558.677
1254.98,0,614.94
1267.22,0,503.325
408.333,0,630.72
1262.95,0,615.243
438.639,0,463.753
320
-2764,0,-502
461.215,0,333.706
443.199,0,389.06
1237.1,0,427.311
486.588,0,502.794
857.124,0,588.963
716.299,0,527.557
683.921,0,542.335
652.153,0,541.125
446.269,0,517.27
441.7,0,637.183
1136.92,0,551.587
414.5,0,516.06
410.237,0,627.978
1253.62,0,620.079
1259.4,0,468.189
321
-2766,0,-502
458.298,0,330.57
448.195,0,386.226
1237.05,0,424.284
1235.53,0,464.255
1226.03,0,503.922
478.862,0,419.417
485.006,0,467.686
515.978,0,492.883
1250.25,0,496.839
1255.79,0,561.096
1253.66,0,617.056
419.104,0,521.216
415.145,0,625.141
1136.52,0,548.547
445.15,0,466.168
322
-2768,0,-502
460.668,0,338.487
450.105,0,383.897
477.547,0,417.093
486.825,0,498.141
1226.7,0,504.023
406.948,0,406.172
747.961,0,397.402
660.618,0,543.118
451.269,0,517.973
455.137,0,634.373
403.865,0,709.674
418.417,0,520.129
419.838,0,628.912
660.618,0,543.118
441.734,0,462.216
323
-2770,0,-502
463.905,0,330.603
453.779,0,386.258
1244.9,0,424.402
1243.38,0,464.373
1233.86,0,504.04
412.894,0,408.717
490.704,0,467.722
497.176,0,507.998
1257.84,0,504.953
1263.71,0,561.217
1261.57,0,617.177
424.923,0,513.251
420.66,0,625.17
1151.79,0,556.953
442.739,0,465.895
324
-2771,0,-502
463.814,0,338.832
453.343,0,384.213
480.724,0,417.428
492.738,0,480.791
494.959,0,513.689
410.37,0,406.428
399.674,0,477.091
869.211,0,586.669
454.66,0,518.239
456.204,0,626.983
407.656,0,709.812
427.054,0,510.306
421.027,0,621.483
410.104,0,717.428
445.095,0,462.492
325
-2773,0,-503
466.292,0,330.566
456.189,0,386.222
1245.03,0,424.28
1235.53,0,463.947
1234.01,0,503.918
415.42,0,408.686
681.87,0,538.924
657.957,0,538.013
1258.23,0,496.835
1263.76,0,561.092
1261.63,0,617.051
427.403,0,513.218
423.139,0,625.137
1152.47,0,548.846
445.173,0,465.86
326
-2775,0,-502
474.927,0,328.794
456.839,0,384.146
1246.05,0,430.223
1244.83,0,462.2
1235.33,0,501.867
487.533,0,417.339
690.391,0,545.154
658.784,0,535.944
1259.26,0,502.779
1265.11,0,559.042
1262.98,0,615.002
428.033,0,511.141
423.769,0,623.06
1153.42,0,554.787
453.794,0,464.088
327
-2777,0,-501
474.902,0,328.769
456.814,0,384.121
1246.02,0,430.198
1244.5,0,470.169
1235.3,0,501.842
487.507,0,417.313
682.693,0,536.83
658.759,0,535.919
1259.24,0,502.754
463.633,0,624.555
1153.39,0,554.762
428.007,0,511.116
423.744,0,623.035
1153.39,0,554.762
453.768,0,464.063
328
-2779,0,-501
476.47,0,328.784
458.415,0,384.137
1246.01,0,430.153
1244.8,0,462.13
1235.31,0,501.797
489.043,0,417.327
1015.78,0,613.521
1007.82,0,613.218
1258.89,0,510.701
465.202,0,624.569
1153.56,0,554.724
429.657,0,511.134
425.393,0,623.053
1153.56,0,554.724
455.369,0,464.079
329
-2780,0,-501
1272.38,0,367.007
460.118,0,384.098
1246.41,0,422.059
1236.95,0,461.727
1235.42,0,501.698
427.423,0,406.87
1016.33,0,613.438
874.223,0,584.007
1258.95,0,510.6
466.872,0,624.529
1153.84,0,554.63
431.409,0,511.097
427.145,0,623.016
1153.84,0,554.63
457.073,0,464.04
330
-2782,0,-501
478.953,0,328.738
468.884,0,384.395
1246.44,0,422.022
1236.98,0,461.691
1235.45,0,501.662
491.478,0,417.279
497.588,0,465.546
661.835,0,535.85
471.948,0,512.604
467.685,0,624.523
1154.25,0,546.603
440.199,0,511.395
427.998,0,623.011
1153.95,0,554.598
457.901,0,464.034
331
-2784,0,-501
475.751,0,330.543
465.664,0,386.2
1245,0,423.895
1243.47,0,463.866
1233.99,0,503.534
488.617,0,411.092
502.396,0,467.657
880.299,0,586.129
468.747,0,514.41
464.483,0,626.329
841.131,0,568.625
436.925,0,513.198
432.661,0,625.117
1160.57,0,548.772
454.968,0,457.845
332
-2785,0,-500
479.876,0,330.579
469.749,0,386.234
1252.88,0,424.074
1251.35,0,464.045
1241.84,0,503.712
492.818,0,411.13
862.759,0,577.334
886.438,0,586.242
472.871,0,514.446
468.607,0,626.365
1168.06,0,548.936
440.894,0,513.228
436.935,0,617.152
1168.06,0,548.936
459.014,0,457.877
333
-2786,0,-500
480.641,0,330.584
470.523,0,386.239
1252.89,0,424.05
1251.36,0,464.021
1242.16,0,495.693
493.569,0,411.134
863.143,0,577.324
886.797,0,586.231
473.637,0,514.45
469.373,0,626.369
782.601,0,382.116
441.691,0,513.233
437.732,0,617.158
664.701,0,537.741
459.796,0,457.882
334
-2787,0,-500
482.173,0,330.576
472.07,0,386.231
1252.9,0,423.984
1243.41,0,463.651
1242.19,0,495.628
495.069,0,411.125
508.878,0,467.692
887.517,0,586.192
475.168,0,514.442
470.904,0,626.361
848.272,0,568.685
443.285,0,513.228
439.326,0,617.152
666.162,0,529.724
461.358,0,457.876
335
-2789,0,-499
481.381,0,330.573
471.27,0,386.228
1252.87,0,424.01
1251.65,0,455.987
1242.15,0,495.654
494.292,0,411.123
508.422,0,459.696
514.878,0,499.971
474.376,0,514.439
470.112,0,626.358
847.847,0,568.696
442.462,0,513.223
438.503,0,617.148
847.847,0,568.696
460.551,0,457.872
336
-2790,0,-499
484.588,0,330.548
474.509,0,386.204
1253.05,0,423.869
1243.88,0,455.543
1234.41,0,495.212
497.437,0,411.095
503.557,0,459.363
509.982,0,499.637
477.584,0,514.414
473.32,0,626.333
1160.75,0,548.446
445.794,0,513.203
441.835,0,617.128
1160.75,0,548.446
463.821,0,457.849
337
-2791,0,-498
483.782,0,330.573
474,0,378.236
1253.3,0,415.93
1243.82,0,455.598
1242.3,0,495.569
496.647,0,411.122
502.775,0,459.39
509.208,0,499.664
476.778,0,514.44
472.514,0,626.359
1160.62,0,548.498
444.957,0,513.228
440.998,0,617.152
627.621,0,528.192
462.999,0,457.875
338
-2792,0,-498
483.025,0,332.427
474.998,0,385.425
499.933,0,411.023
509.497,0,466.77
511.718,0,499.669
432.016,0,407.644
426.437,0,468.258
1085.62,0,205.966
473.86,0,511.837
477.845,0,628.2
464.467,0,716.53
441.125,0,513.956
442.663,0,622.702
429.284,0,711.032
464.295,0,456.09
339
-2793,0,-498
489.359,0,330.569
479.249,0,386.224
454.704,0,401.301
1251.64,0,455.678
895.103,0,586.2
502.27,0,411.119
508.422,0,459.388
1242.44,0,487.351
482.354,0,514.436
478.091,0,626.354
1168.2,0,548.569
450.441,0,513.22
438.503,0,616.84
1176.18,0,548.873
468.529,0,457.868
