data/BP_videos/6.MOV
0
-927,0,-410.5
895.444,0,250
911.222,0,298
903.333,0,306
887.556,0,346
848.111,0,362
927,0,306
895.444,0,346
848.111,0,362
919.111,0,394
903.333,0,458
942.778,0,514
934.889,0,394
911.222,0,458
903.333,0,538
919.111,0,346
1
-927,0,-410.5
896.851,0,252.273
911.608,0,296.456
909.895,0,304.27
893.56,0,341.64
857.331,0,358.27
925.441,0,307.677
891.847,0,349.454
857.331,0,358.27
923.863,0,389.229
900.678,0,457.857
938.753,0,507.15
931.636,0,390.933
908.451,0,459.561
900.812,0,531.595
924.652,0,348.453
2
-927,0,-409.5
898.648,0,249.747
913.159,0,293.558
901.973,0,307.272
895.046,0,338.165
858.959,0,354.408
926.874,0,304.744
893.315,0,345.888
849.504,0,360.399
915.549,0,391.43
892.241,0,459.207
937.645,0,509.944
932.727,0,387.17
909.419,0,454.947
899.826,0,533.91
918.216,0,343.36
3
-927,0,-408.5
896.778,0,251.046
913.064,0,294.034
903.863,0,300.356
887.59,0,345.399
853.617,0,355.199
927.221,0,304.622
895.376,0,346.821
853.617,0,355.199
919.448,0,391.231
891.145,0,458.085
938.575,0,506.761
936.434,0,386.331
908.132,0,453.185
901.772,0,532.049
920.149,0,343.343
4
-927,0,-407.5
899.027,0,249.287
913.376,0,292.89
902.223,0,306.509
885.859,0,343.163
851.671,0,351.571
926.995,0,304.043
893.537,0,344.901
849.934,0,359.249
915.564,0,390.241
892.251,0,457.608
937.313,0,508.16
932.658,0,386.037
909.345,0,453.404
899.651,0,531.924
918.309,0,342.434
5
-927,0,-406.5
896.674,0,253.053
906.57,0,286.84
903.771,0,302.334
889.027,0,339.669
855.24,0,349.565
919.265,0,305.133
889.027,0,339.669
846.093,0,355.913
913.017,0,384.002
892.675,0,452.325
939.906,0,500.856
928.511,0,386.801
908.168,0,455.124
903.32,0,526.246
920.014,0,345.267
6
-928,0,-405.5
897.94,0,250.976
906.425,0,292.736
905.008,0,300.521
890.138,0,338.03
854.746,0,355.717
920.579,0,303.355
888.721,0,345.815
846.961,0,354.3
912.776,0,390.409
892.238,0,459.058
941.066,0,500.118
929.764,0,385.458
909.225,0,454.107
902.84,0,533.375
921.279,0,343.698
7
-932,0,-404
895.785,0,248.286
912.543,0,291.275
909.886,0,306.877
887.64,0,343.222
853.78,0,353.509
919.015,0,300.405
887.64,0,343.222
845.979,0,352.18
920,0,388.87
892.439,0,456.418
932.599,0,503.394
927.8,0,390.199
908.041,0,459.076
903.882,0,530.611
918.843,0,348.538
8
-931,0,-403.5
894.541,0,252.254
911.61,0,288.102
908.504,0,303.709
885.216,0,339.637
851.066,0,349.065
924.025,0,306.799
891.423,0,348.985
849.513,0,356.868
916.254,0,386.378
886.753,0,453.519
933.312,0,503.35
931.775,0,389.467
910.035,0,458.154
903.817,0,529.929
916.259,0,345.816
9
-931,0,-402
896.425,0,253.555
913.031,0,289.553
901.896,0,303.329
885.721,0,340.303
851.261,0,349.012
926.901,0,300.664
885.721,0,340.303
849.581,0,356.745
916.197,0,387.412
885.528,0,453.628
939.33,0,505.804
931.748,0,390.79
908.853,0,458.695
901.509,0,529.979
916.822,0,347.06
10
-934,0,-398
895.152,0,252.954
911.984,0,288.674
901.12,0,302.616
885.528,0,339.821
851.529,0,349.061
918.12,0,297.996
885.528,0,339.821
842.241,0,355.248
916.208,0,386.43
886.601,0,453.086
932.704,0,502.83
931.632,0,389.565
902.024,0,456.221
903.264,0,529.146
916.376,0,346.09
11
-931,0,-394.5
896.993,0,245.693
911.886,0,289.096
908.607,0,304.489
885.015,0,339.695
850.948,0,348.53
917.943,0,298.432
885.015,0,339.695
849.308,0,356.227
915.301,0,386.377
885.15,0,452.369
930.83,0,502.331
922.998,0,388.017
908.241,0,457.288
901.181,0,528.2
915.802,0,346.253
12
-928,0,-391.5
894.161,0,246.432
911.399,0,288.958
908.964,0,304.508
887.328,0,340.947
853.794,0,351.627
916.739,0,305.725
887.328,0,340.947
846.019,0,350.41
912.341,0,384.691
885.835,0,452.229
934.172,0,499.625
927.89,0,387.125
901.385,0,454.664
905.978,0,527.072
918.427,0,345.816
13
-925,0,-386.5
888.782,0,251.38
906.33,0,286.841
903.435,0,302.4
888.417,0,339.85
854.404,0,349.619
918.994,0,305.295
888.417,0,339.85
845.177,0,355.95
912.297,0,384.538
883.709,0,451.658
930.928,0,500.689
927.856,0,387.433
907.048,0,456.001
901.799,0,527.464
919.535,0,345.641
14
-926,0,-385.5
887.235,0,248.393
910.728,0,286.351
907.144,0,301.766
882.854,0,336.74
846.818,0,352.734
916.601,0,295.841
888.727,0,346.229
846.818,0,352.734
912.22,0,384.187
888.428,0,451.773
933.125,0,502.784
927.551,0,387.751
903.758,0,455.337
902.961,0,528.268
913.515,0,343.868
15
-928,0,-384
887.587,0,248.911
911.115,0,286.848
907.48,0,302.161
882.996,0,336.791
846.748,0,352.453
916.997,0,296.332
888.878,0,346.275
846.748,0,352.453
912.406,0,384.212
888.352,0,451.297
933.161,0,502.372
927.804,0,387.866
903.751,0,454.951
902.794,0,527.517
913.793,0,344.1
16
-925,0,-380
887.616,0,247.293
911.111,0,285.395
907.459,0,300.794
882.931,0,335.639
846.655,0,351.434
915.158,0,302.619
888.804,0,345.165
846.655,0,351.434
912.299,0,383.266
888.167,0,450.736
931.108,0,509.714
927.698,0,386.918
903.566,0,454.388
902.532,0,527.335
913.729,0,342.943
17
-922,0,-376.5
888.245,0,248.257
911.817,0,286.31
908.196,0,301.717
883.739,0,336.612
849.305,0,344.778
915.899,0,303.527
881.928,0,344.315
847.495,0,352.481
913.203,0,384.179
889.208,0,451.698
932.269,0,510.589
920.907,0,385.99
904.615,0,455.318
903.729,0,528.268
914.551,0,343.853
18
-920,0,-373.5
888.902,0,249.685
905.611,0,285.55
910.093,0,302.667
886.454,0,338.122
852.221,0,347.087
917.836,0,304.297
884.824,0,345.865
842.847,0,353.2
909.275,0,383.36
886.858,0,451.419
931.279,0,509.291
924.762,0,386.621
902.345,0,454.68
903.158,0,527.63
917.427,0,344.644
19
-918,0,-373
889.474,0,249.559
906.313,0,285.209
903.11,0,300.619
879.61,0,335.924
845.418,0,344.894
918.605,0,303.839
887.357,0,337.534
843.816,0,352.599
910.342,0,382.498
888.185,0,450.233
932.811,0,507.732
925.837,0,385.718
903.68,0,453.453
904.765,0,526.018
918.348,0,343.973
20
-919,0,-373.5
890.336,0,249.366
906.88,0,285.067
903.605,0,300.461
880.025,0,335.674
853.659,0,346.158
920.637,0,296.038
886.086,0,345.009
844.325,0,352.218
910.327,0,382.347
887.896,0,449.986
925.895,0,498.296
925.722,0,385.621
903.291,0,453.26
903.952,0,525.811
918.512,0,343.86
21
-917,0,-370.5
889.306,0,249.555
906.089,0,285.144
902.918,0,300.561
879.575,0,335.931
845.571,0,345.005
919.92,0,296.023
887.283,0,337.516
843.985,0,352.713
910.188,0,382.399
888.211,0,450.187
924.947,0,505.949
925.605,0,385.57
903.627,0,453.358
904.775,0,525.903
910.407,0,342.273
22
-917,0,-369.5
890.191,0,249.496
906.735,0,285.197
903.461,0,300.592
879.88,0,335.805
845.817,0,344.651
920.492,0,296.169
885.941,0,345.139
844.18,0,352.349
910.182,0,382.477
887.751,0,450.117
924.113,0,506.124
927.214,0,378.054
903.146,0,453.391
903.807,0,525.942
912.307,0,334.656
23
-917,0,-368
884.897,0,246.297
908.875,0,284.094
905.486,0,299.64
881.636,0,335.153
847.491,0,343.994
913.175,0,301.316
879.941,0,342.926
838.108,0,350.091
911.608,0,382.399
880.98,0,449.003
924.636,0,507.375
926.986,0,385.751
904.047,0,454.032
904.174,0,527.341
912.392,0,341.857
24
-920,0,-365.5
889.127,0,245.985
904.492,0,282.445
908.335,0,299.716
883.396,0,334.27
846.936,0,349.634
916.013,0,301.633
881.479,0,341.947
839.259,0,347.717
912.199,0,382.241
887.27,0,449.42
931.427,0,501.225
929.47,0,378.397
902.624,0,453.254
908.405,0,528.101
914.106,0,341.937
25
-918,0,-364
885.738,0,247.868
909.272,0,285.945
905.637,0,301.348
881.145,0,336.219
846.704,0,344.351
915.156,0,295.464
881.145,0,336.219
844.886,0,352.052
910.563,0,383.815
878.8,0,449.492
923.621,0,500.724
927.784,0,379.749
901.904,0,454.946
902.765,0,520.193
913.768,0,335.789
26
-915,0,-360.5
888.372,0,246.538
903.653,0,282.798
907.475,0,299.974
882.673,0,334.338
846.413,0,349.618
915.11,0,301.881
880.767,0,341.973
838.778,0,347.712
911.317,0,382.045
878.89,0,446.949
922.804,0,498.469
928.494,0,378.223
901.795,0,452.668
907.544,0,527.104
913.214,0,341.963
27
-911,0,-355.5
887.329,0,243.052
909.095,0,288.619
907.287,0,296.278
882.845,0,330.938
846.616,0,346.644
914.989,0,298.096
881.038,0,338.597
837.107,0,352.485
912.313,0,378.322
878.832,0,451.278
925.511,0,494.639
927.716,0,381.958
901.937,0,456.731
902.877,0,521.64
913.651,0,338.209
28
-911,0,-353.5
887.171,0,248.574
902.835,0,284.67
906.84,0,301.805
882.404,0,336.429
848.134,0,344.438
916.32,0,295.975
882.404,0,336.429
838.653,0,350.268
911.553,0,383.83
879.816,0,449.075
924.275,0,500.126
926.863,0,387.481
895.126,0,452.725
901.664,0,527.095
914.849,0,336.075
29
-912,0,-352.5
885.404,0,248.907
901.229,0,284.932
907.102,0,294.386
881.03,0,336.782
846.796,0,344.945
914.765,0,296.176
881.03,0,336.782
837.342,0,350.817
910.391,0,384.052
878.947,0,449.438
923.634,0,500.29
927.508,0,379.971
901.936,0,454.811
901.144,0,527.36
913.473,0,336.283
30
-917,0,-349.5
887.435,0,245.757
902.719,0,282.251
906.525,0,299.531
881.509,0,334.029
845.016,0,349.313
916.132,0,293.792
887.249,0,343.636
845.016,0,349.313
910.206,0,382.064
877.455,0,447.254
921.498,0,499.156
925.552,0,385.931
900.475,0,453.056
906.09,0,527.915
912.202,0,341.764
31
-914,0,-347
884.511,0,244.777
908.615,0,282.496
905.211,0,297.952
881.246,0,333.187
845.229,0,349.563
912.939,0,299.653
879.544,0,340.915
837.501,0,347.861
911.376,0,380.336
880.604,0,446.483
916.76,0,503.061
926.832,0,383.74
896.059,0,449.887
903.926,0,524.543
912.158,0,339.995
32
-913,0,-341.5
888.616,0,245.046
903.858,0,281.708
907.642,0,299.073
882.574,0,333.781
846.048,0,349.192
915.315,0,301.006
880.629,0,341.497
836.43,0,354.973
911.217,0,382.027
878.371,0,447.597
920.416,0,507.425
926.563,0,385.894
901.39,0,453.398
906.91,0,528.637
913.266,0,341.517
33
-908,0,-338
883.904,0,246.084
908.223,0,283.957
904.835,0,299.505
880.816,0,334.987
844.637,0,351.532
912.609,0,301.199
886.896,0,344.455
844.637,0,351.532
911.215,0,382.328
880.419,0,448.906
916.898,0,505.716
926.763,0,385.717
895.967,0,452.295
904.041,0,527.344
911.912,0,341.764
34
-909,0,-337
888.051,0,244.899
903.212,0,281.595
906.958,0,298.968
879.853,0,341.333
845.255,0,348.952
914.627,0,300.918
879.853,0,341.333
835.624,0,354.713
910.352,0,381.93
877.362,0,447.427
919.276,0,507.347
925.689,0,385.831
900.369,0,453.279
905.724,0,528.53
912.489,0,341.424
35
-913,0,-335.5
890.377,0,246.703
907.002,0,282.846
903.647,0,298.401
887.484,0,335.613
843.563,0,350.56
919.203,0,301.756
885.807,0,343.391
843.563,0,350.56
910.209,0,381.21
879.558,0,447.856
914.484,0,512.363
925.764,0,384.565
895.114,0,451.21
901.675,0,534.019
918.595,0,342.322
36
-905,0,-329
886.03,0,242.876
901.355,0,286.145
907.507,0,295.425
884.255,0,330.874
840.986,0,346.199
915.222,0,296.989
882.691,0,338.589
840.986,0,346.199
905.732,0,383.423
876.223,0,449.733
913.131,0,505.41
922.726,0,378.835
899.369,0,454.425
900.723,0,526.992
915.117,0,337.13
37
-906,0,-328
889.852,0,243.457
905.126,0,286.745
903.553,0,294.458
878.686,0,337.593
844.685,0,346.727
911.266,0,296.032
886.399,0,339.166
835.398,0,352.867
909.387,0,384.027
879.8,0,450.302
916.642,0,506.023
926.387,0,379.46
896.801,0,445.735
905.781,0,519.877
911.113,0,336.172
38
-902,0,-322.5
888.755,0,244.195
904.244,0,287.927
902.663,0,295.725
877.582,0,339.35
843.229,0,348.623
918.259,0,298.887
885.38,0,340.931
843.229,0,348.623
910.248,0,378.446
878.844,0,453.263
916.146,0,509.536
925.844,0,381.608
896.02,0,448.627
903.605,0,531.349
918.153,0,339.457
39
-902,0,-321.5
887.22,0,243.218
901.921,0,287.085
907.939,0,296.522
884.162,0,332.092
848.349,0,348.787
915.634,0,298.181
882.485,0,339.87
838.976,0,354.906
906.558,0,377.618
876.072,0,444.299
918.2,0,510.359
921.949,0,380.937
899.158,0,449.277
899.455,0,522.596
914.944,0,338.73
40
-902,0,-320
884.24,0,241.239
907.703,0,286.461
906.152,0,294.265
881.241,0,337.987
846.924,0,347.393
913.956,0,295.815
881.241,0,337.987
837.57,0,353.647
912.508,0,384.76
882.946,0,451.895
920.466,0,508.022
929.667,0,380.057
898.554,0,454.996
900.207,0,528.333
914.008,0,336.386
41
-907,0,-315
880.544,0,245.164
903.06,0,283.585
908.689,0,293.19
881.525,0,334.917
847.08,0,342.198
916.306,0,295.179
881.525,0,334.917
837.475,0,347.827
911.658,0,375.326
876.542,0,447.521
919.921,0,499.525
926.892,0,379.303
901.381,0,445.869
906.339,0,520.388
913.982,0,335.253
42
-899,0,-312.5
884.767,0,243.526
906.357,0,283.019
901.882,0,298.289
883.058,0,334.228
845.803,0,348.183
919.39,0,295.129
880.82,0,341.864
845.803,0,348.183
910.046,0,383.594
882.27,0,450.074
922.291,0,511.551
927.554,0,380.434
897.541,0,454.55
902.545,0,522.346
915.837,0,335.544
43
-900,0,-312.5
888.385,0,243.027
904.011,0,279.461
907.961,0,296.728
883.065,0,331.353
846.494,0,346.811
915.687,0,298.627
881.177,0,339.037
838.767,0,344.912
912.256,0,379.269
887.534,0,446.53
928.402,0,513.612
927.71,0,383.066
902.987,0,450.327
901.445,0,523.284
913.972,0,338.948
44
-895,0,-304.5
886.138,0,245.802
902.31,0,282.149
906.518,0,299.436
882.135,0,334.668
847.562,0,343.084
916.049,0,293.454
882.135,0,334.668
838.032,0,349.066
912.045,0,382.32
888.321,0,450.352
930.196,0,517.064
927.558,0,385.868
896.078,0,452.126
903.379,0,527.254
914.934,0,334.009
45
-894,0,-304
888.115,0,243.979
903.821,0,280.378
907.809,0,297.637
882.99,0,332.316
846.452,0,347.854
915.54,0,299.519
881.118,0,340.005
846.452,0,347.854
912.286,0,380.168
887.711,0,447.483
930.598,0,506.787
920.017,0,382.05
903.173,0,451.247
901.791,0,524.207
913.913,0,339.843
46
-901,0,-300
888.76,0,238.247
904.049,0,281.978
900.862,0,297.569
885.14,0,334.96
841.596,0,350.421
917.961,0,292.944
885.14,0,334.96
841.596,0,350.421
908.182,0,380.277
893.838,0,450.434
930.792,0,506.716
923.688,0,383.447
901.591,0,452.019
902.753,0,525.347
916.151,0,341.3
47
-894,0,-296
881.713,0,244.049
906.736,0,281.175
903.778,0,296.811
880.911,0,332.972
847.012,0,342.753
911.513,0,298.274
879.432,0,340.79
837.798,0,349.108
912.19,0,379.38
891.141,0,448.276
928.676,0,503.965
919.925,0,380.843
898.876,0,449.74
901.033,0,523.027
911.851,0,338.827
48
-890,0,-294.5
886.347,0,241.963
909.416,0,280.61
905.521,0,296.039
888.07,0,332.665
843.656,0,346.072
913.236,0,297.987
886.123,0,340.379
843.656,0,346.072
916.907,0,380.974
899.381,0,450.405
933.985,0,508.376
924.621,0,382.921
899.381,0,450.405
904.999,0,525.678
918.929,0,340.454
49
-885,0,-297.5
888.578,0,243.116
904.159,0,279.72
908.086,0,297.073
883.135,0,331.906
846.53,0,347.486
917.712,0,291.246
888.962,0,341.532
846.53,0,347.486
912.269,0,380.036
895.172,0,449.574
937.859,0,509.23
919.995,0,381.935
902.898,0,451.473
901.254,0,524.81
914.041,0,339.504
50
-886,0,-295.5
886.743,0,241.674
903.978,0,277.231
908.695,0,294.23
885.376,0,329.709
849.539,0,346.631
916.497,0,295.789
883.833,0,337.429
841.736,0,345.072
916.673,0,376.104
902.788,0,445.581
940.344,0,501.255
924.475,0,377.664
902.788,0,445.581
904.507,0,518.177
916.585,0,335.947
51
-891,0,-294.5
889.31,0,238.669
902.735,0,282.813
908.491,0,292.41
883.534,0,326.951
847.067,0,342.297
916.167,0,294.331
889.29,0,336.548
845.146,0,349.973
919.989,0,376.857
902.702,0,445.945
944.912,0,505.448
927.665,0,378.778
902.702,0,445.945
944.912,0,505.448
914.24,0,334.634
52
-886,0,-294.5
884.659,0,237.669
905.737,0,283.438
903.843,0,291.076
886.731,0,327.372
850.495,0,342.707
911.481,0,292.971
884.836,0,335.01
840.962,0,348.451
915.448,0,375.036
906.034,0,445.673
948.132,0,504.765
923.086,0,376.931
906.034,0,445.673
904.258,0,518.205
917.283,0,334.951
53
-888.5,0,-294
889.295,0,238.989
902.72,0,283.133
908.476,0,292.73
891.196,0,329.192
847.052,0,342.617
916.152,0,294.651
889.275,0,336.868
845.131,0,350.293
919.974,0,377.177
902.687,0,446.265
900.753,0,519.194
927.65,0,379.098
902.687,0,446.265
954.494,0,500.013
921.901,0,336.875
54
-886.5,0,-293
887.341,0,238.708
908.588,0,284.519
906.694,0,292.157
889.54,0,328.443
853.135,0,343.736
914.374,0,294.063
887.645,0,336.081
843.56,0,349.469
918.468,0,376.159
901.416,0,444.901
899.724,0,517.454
926.148,0,378.064
909.096,0,446.807
953.384,0,498.333
920.261,0,336.063
55
-886,0,-292
893.659,0,238.792
906.983,0,282.967
905.045,0,290.639
887.681,0,327.061
851.178,0,342.323
920.389,0,294.516
885.743,0,334.733
841.568,0,348.057
924.021,0,377.05
914.249,0,448.037
958.261,0,499.965
924.021,0,377.05
898.905,0,444.16
904.476,0,519.023
918.369,0,334.814
56
-881,0,-287.5
891.219,0,240.852
905.919,0,284.588
911.95,0,294.014
888.006,0,329.264
851.998,0,345.661
919.679,0,295.712
886.309,0,336.993
844.27,0,343.964
925.892,0,378.092
910.616,0,447.652
963.961,0,499.875
925.892,0,378.092
902.888,0,445.955
903.069,0,518.909
918.921,0,336.053
57
-874.5,0,-287
888.031,0,244.627
910.966,0,283.068
909.027,0,290.74
891.664,0,327.162
855.161,0,342.425
916.699,0,292.679
889.725,0,334.834
845.551,0,348.158
928.004,0,377.152
918.231,0,448.138
962.244,0,500.066
928.004,0,377.152
900.949,0,451.933
900.787,0,517.186
922.352,0,334.915
58
-871,0,-284
888.501,0,242.223
909.548,0,281.45
905.002,0,296.519
893.64,0,334.19
849.151,0,345.43
922.344,0,293.53
893.64,0,334.19
849.151,0,345.43
922.221,0,375.69
901.768,0,443.499
903.918,0,518.125
929.755,0,377.963
916.836,0,448.044
968.021,0,496.361
918.515,0,333.474
59
-870.5,0,-284
893.027,0,248.765
907.481,0,285.823
913.011,0,295.622
892.54,0,339.471
847.818,0,351.79
920.675,0,297.756
892.54,0,339.471
847.818,0,351.79
929.986,0,382.933
926.104,0,456.176
971.214,0,501.773
929.986,0,382.933
895.449,0,447.639
899.231,0,523.017
925.33,0,340.344
60
-862,0,-281.5
890.884,0,243.914
913.112,0,283.045
908.887,0,298.384
890.653,0,334.621
853.635,0,349.179
926.339,0,294.94
896.21,0,344.404
845.965,0,347.067
926.108,0,385.647
924.546,0,451.232
977.453,0,498.813
933.778,0,387.76
891.753,0,450.45
903.418,0,527.93
921.332,0,343.072
61
-864,0,-284.5
896.089,0,245.901
910.556,0,282.493
913.994,0,299.751
896.021,0,335.628
851.839,0,348.018
923.661,0,294.237
893.945,0,343.219
851.839,0,348.018
925.669,0,376.373
922.163,0,448.842
974.583,0,495.816
931.184,0,386.04
889.724,0,448.127
903.476,0,517.158
926.384,0,343.934
62
-865.5,0,-284
892.939,0,245.371
914.644,0,291.456
912.794,0,299.194
895.811,0,336.032
859.312,0,351.848
920.532,0,301.043
893.961,0,343.77
851.575,0,349.999
932.99,0,385.816
925.934,0,449.567
978.589,0,503.049
932.99,0,385.816
893.134,0,449.907
899.704,0,525.094
926.761,0,343.429
63
-865,0,-282.5
890.642,0,250.896
912.281,0,289.8
910.123,0,297.368
899.333,0,335.208
852.861,0,354.688
925.259,0,301.685
897.175,0,342.775
852.861,0,354.688
936.107,0,378.428
931.82,0,450.855
983.73,0,498.391
933.949,0,385.996
891.822,0,447.632
895.103,0,522.217
929.604,0,343.84
64
-863,0,-280
901.383,0,247.68
911.256,0,293.005
916.245,0,303.09
893.423,0,345.762
858.182,0,350.646
926.329,0,298.1
900.96,0,348.309
855.634,0,358.182
931.001,0,383.657
933.231,0,451.593
983.335,0,502.119
931.001,0,383.657
893,0,446.392
900.22,0,524.412
926.117,0,348.415
65
-861.5,0,-279.5
898.871,0,250.807
915.418,0,286.98
912.032,0,302.526
894.1,0,347.473
859.62,0,356.247
927.579,0,305.913
901.873,0,349.166
851.847,0,354.554
933.967,0,388.725
935.968,0,454.298
981.916,0,505.016
933.967,0,388.725
895.409,0,453.605
897.41,0,519.178
926.886,0,346.472
66
-864,0,-281
899.88,0,254.566
915.077,0,291.086
918.842,0,308.371
901.42,0,344.753
857.233,0,357.999
928.459,0,302.655
901.42,0,344.753
857.233,0,357.999
939.617,0,387.126
939.343,0,452.362
983.255,0,504.353
939.617,0,387.126
891.391,0,448.323
896.833,0,523.177
934.038,0,344.89
67
-868,0,-281.5
903.323,0,248.693
914.635,0,293.147
919.912,0,302.941
898.823,0,345.895
864.164,0,351.93
927.447,0,305.2
898.823,0,345.895
854.37,0,357.207
937.259,0,382.054
939.536,0,456.649
983.249,0,502.602
937.259,0,382.054
894.324,0,443.096
896.601,0,517.691
931.224,0,347.394
68
-865,0,-280.5
905.591,0,250.861
918.985,0,295.544
924.766,0,305.27
897.422,0,347.842
862.465,0,355.456
932.518,0,307.243
905.175,0,349.815
860.492,0,363.209
945.774,0,384.911
943.524,0,458.633
987.93,0,511.207
936.048,0,390.691
895.034,0,454.548
902.509,0,522.49
938.16,0,349.953
69
-865,0,-279
906.653,0,253.247
921.646,0,289.61
917.717,0,304.845
907.893,0,342.932
863.912,0,355.96
934.916,0,301.157
905.928,0,350.549
863.912,0,355.96
938.121,0,383.225
943.291,0,457.675
988.754,0,501.898
938.121,0,383.225
897.587,0,445.887
895.139,0,518.373
932.71,0,341.209
70
-864,0,-281.5
904.608,0,251.681
920.225,0,288.012
924.19,0,305.247
907.197,0,341.821
863.179,0,355.577
931.877,0,307.108
905.336,0,349.508
863.179,0,355.577
945.875,0,383.735
944.499,0,456.641
989.003,0,508.103
944.014,0,391.422
898.377,0,445.474
897.002,0,518.379
937.945,0,349.265
71
-862,0,-280.5
910.142,0,252.492
924.044,0,289.999
927.161,0,307.614
905.833,0,351.353
870.603,0,357.586
937.107,0,302.221
905.833,0,351.353
860.658,0,362.979
945.02,0,388.019
949.817,0,456.203
992.12,0,510.484
945.02,0,388.019
901.525,0,450.214
904.046,0,526.066
941.063,0,345.12
72
-864,0,-279.5
903.631,0,253.421
926.13,0,292.254
922.142,0,307.749
912.173,0,346.487
868.099,0,359.926
939.373,0,303.923
910.179,0,354.234
868.099,0,359.926
942.289,0,387.28
949.194,0,455.143
992.553,0,507.605
942.289,0,387.28
901.489,0,451.126
898.781,0,524.776
937.022,0,344.621
73
-865,0,-280.5
913.123,0,254.228
926.918,0,291.52
922.478,0,306.892
911.38,0,345.321
874.49,0,359.648
939.814,0,303.571
911.38,0,345.321
866.932,0,357.466
947.848,0,389.161
952.765,0,457.196
994.571,0,510.904
947.848,0,389.161
897.64,0,449.603
900.337,0,525.324
943.831,0,346.366
74
-865,0,-279.5
913.544,0,255.276
928.557,0,291.632
932.254,0,308.829
914.832,0,344.961
870.858,0,358.013
941.833,0,303.171
914.832,0,344.961
870.858,0,358.013
952.7,0,387.198
952.252,0,452.067
995.778,0,503.883
945.082,0,385.238
904.581,0,447.921
902.172,0,520.409
947.266,0,345.185
75
-866,0,-279.5
919.278,0,253.469
934.109,0,290.618
929.939,0,306.065
919.514,0,344.683
874.642,0,357.428
947.471,0,302.511
917.43,0,352.406
874.642,0,357.428
957.516,0,388.086
954.199,0,461.768
997.839,0,514.98
949.792,0,386.001
907.857,0,449.258
904.54,0,522.94
950.409,0,353.022
76
-865,0,-281.5
919.151,0,255.209
934.031,0,292.081
930.043,0,307.576
912.456,0,344.353
876,0,359.753
947.274,0,303.75
920.074,0,346.314
876,0,359.753
950.191,0,387.107
957.095,0,454.97
998.461,0,515.179
950.191,0,387.107
909.391,0,450.953
899.064,0,522.642
944.923,0,344.448
77
-864,0,-281.5
923.122,0,256.335
939.153,0,292.982
927.701,0,306.724
918.538,0,345.66
881.891,0,361.692
952.895,0,304.435
918.538,0,345.66
881.891,0,361.692
957.931,0,387.805
957.013,0,461.556
1002.36,0,513.32
957.931,0,387.805
918.076,0,452.393
901.583,0,522.478
951.52,0,345.203
78
-864,0,-279.5
920.319,0,251.544
935.329,0,288.621
931.234,0,304.088
920.995,0,342.756
883.919,0,357.766
948.748,0,300.45
918.948,0,350.489
883.919,0,357.766
959.206,0,385.976
963.978,0,461.72
1000.14,0,512.674
959.206,0,385.976
917.577,0,449.434
906.882,0,521.084
951.929,0,350.946
79
-866,0,-279.5
921.676,0,250.06
935.455,0,287.357
931.008,0,302.727
919.893,0,341.152
882.997,0,355.463
955.902,0,301.6
925.227,0,351.023
882.997,0,355.463
956.342,0,385.007
959.005,0,460.73
993.231,0,512.27
956.342,0,385.007
913.664,0,447.614
901.214,0,518.964
952.344,0,342.211
80
-865,0,-278.5
923.555,0,250.428
938.584,0,286.777
934.669,0,302.016
924.883,0,340.112
888.534,0,355.141
951.865,0,298.311
924.883,0,340.112
880.915,0,353.184
955.15,0,380.376
960.392,0,454.821
994.365,0,512.28
962.769,0,382.333
922.296,0,445.035
904.681,0,513.608
957.317,0,340.322
81
-866,0,-278.5
927.225,0,245.975
939.739,0,290.106
945.279,0,299.753
925.364,0,343.263
888.828,0,357.831
952.873,0,301.806
925.364,0,343.263
881.234,0,355.777
964.767,0,378.366
961.473,0,450.818
1002.31,0,510.756
964.767,0,378.366
923.503,0,440.55
902.968,0,516.49
957.793,0,343.883
82
-866,0,-278.5
924.887,0,249.971
946.746,0,288.877
942.454,0,304.013
931.723,0,341.854
887.229,0,353.768
959.822,0,300.761
931.723,0,341.854
887.229,0,353.768
963.34,0,375.351
966.857,0,449.94
999.646,0,508.299
963.34,0,375.351
926.656,0,446.717
907.341,0,514.831
956.702,0,340.761
83
-866,0,-277.5
936.23,0,247.075
947.642,0,291.717
952.984,0,301.583
933.802,0,336.842
893.982,0,357.543
960.632,0,303.929
931.496,0,344.363
886.334,0,355.197
970.466,0,381
965.004,0,453.38
1004.7,0,514.925
970.466,0,381
934.41,0,443.997
913.651,0,511.685
964.396,0,346.225
84
-867,0,-278.5
935.096,0,246.536
948.293,0,290.738
946.334,0,298.402
936.537,0,336.725
890.376,0,357.587
961.663,0,302.321
934.577,0,344.39
890.376,0,357.587
967.022,0,377.181
964.717,0,450.081
1004.65,0,517.449
967.022,0,377.181
934.059,0,442.244
906.8,0,516.931
959.531,0,342.604
85
-868,0,-277
930.001,0,247.846
953.187,0,286.27
949.41,0,301.727
932.282,0,338.489
895.876,0,354.162
966.668,0,297.754
930.393,0,346.217
888.191,0,352.284
970.837,0,380.67
969.21,0,453.979
1003.99,0,511.616
970.837,0,380.67
938.47,0,446.467
913.788,0,514.142
963.022,0,346.001
86
-867,0,-277.5
933.637,0,246.368
954.755,0,285.967
950.105,0,301.091
938.481,0,338.9
901.089,0,352.233
967.639,0,298.205
936.156,0,346.461
891.16,0,357.457
967.203,0,380.836
969.092,0,455.906
1000.77,0,515.304
974.807,0,383.174
938.675,0,446.555
917.752,0,514.611
963.619,0,338.351
87
-868,0,-278.5
935.74,0,245.158
955.854,0,291.959
953.741,0,299.629
933.393,0,343.535
896.374,0,358.092
969.08,0,303.855
941.063,0,345.648
896.374,0,358.092
973.072,0,379.222
969.395,0,452.477
1002.74,0,511.174
973.072,0,379.222
946.385,0,446.137
919.698,0,513.053
966.185,0,344.317
88
-869,0,-278.5
941.673,0,249.476
956.176,0,286.363
959.595,0,303.739
941.32,0,339.711
904.298,0,354.038
969.381,0,298.252
941.32,0,339.711
896.634,0,351.904
971.151,0,380.866
969.501,0,446.104
1008.29,0,514.391
978.815,0,383
944.387,0,447.322
917.623,0,513.778
966.434,0,338.492
89
-870,0,-277.5
939.675,0,246.683
953.045,0,290.832
958.787,0,300.434
941.468,0,336.866
904.991,0,352.165
966.46,0,302.363
939.539,0,344.538
895.389,0,357.908
972.112,0,377.201
970.092,0,450.11
1002.62,0,515.392
979.784,0,379.131
947.075,0,444.322
912.437,0,517.186
972.157,0,344.583
90
-870,0,-277.5
943.649,0,250.766
958.065,0,287.754
953.834,0,303.092
943.255,0,341.438
906.403,0,356.029
971.202,0,299.631
943.255,0,341.438
898.777,0,353.925
972.923,0,382.633
969.134,0,455.863
1002.2,0,514.501
980.55,0,384.737
948.371,0,441.882
919.588,0,516.469
975.876,0,342.184
91
-871,0,-277.5
941.587,0,249.201
964.521,0,287.337
960.72,0,302.604
943.585,0,338.873
907.35,0,354.173
970.254,0,296.871
943.585,0,338.873
899.716,0,352.273
974.153,0,378.909
972.318,0,451.413
1004.82,0,516.25
981.787,0,380.809
949.417,0,445.712
917.048,0,510.615
976.02,0,338.84
92
-872,0,-277.5
944.953,0,251.458
959.328,0,288.309
964.827,0,298.052
946.595,0,334.036
907.621,0,356.032
972.448,0,300.174
944.472,0,341.657
907.621,0,356.032
983.833,0,377.253
977.853,0,457.709
1003.23,0,514.047
981.71,0,384.875
957.112,0,443.722
920.648,0,515.689
977.079,0,342.524
93
-873,0,-277.5
944.379,0,249.512
965.772,0,288.534
961.365,0,303.637
950.347,0,341.396
905.977,0,353.033
978.672,0,300.493
950.347,0,341.396
905.977,0,353.033
981.495,0,375.069
974.563,0,454.993
1006.65,0,513.525
981.495,0,375.069
954.111,0,440.831
924.524,0,514.145
975.206,0,340.455
94
-874,0,-276.5
949.788,0,247.664
963.348,0,285.041
966.356,0,302.615
947.473,0,338.744
908.226,0,360.511
973.9,0,304.845
952.749,0,348.646
908.226,0,360.511
976.121,0,380.582
970.798,0,454.088
1002.45,0,513.499
983.665,0,382.812
955.71,0,449.628
920.212,0,514.214
979.917,0,339.992
95
-875,0,-276.5
951.075,0,250.226
967.205,0,286.1
963.757,0,301.451
947.462,0,338.104
911.588,0,354.234
980.832,0,297.224
953.413,0,347.504
911.588,0,354.234
978.943,0,377.426
978.778,0,449.953
1005.09,0,512.301
986.618,0,379.15
955.752,0,444.781
924.885,0,510.412
978.164,0,345
96
-876.5,0,-279
948.87,0,253.843
972.241,0,292.595
968.396,0,308.126
951.018,0,345.031
914.188,0,360.638
985.85,0,304.206
958.783,0,346.954
914.188,0,360.638
982.155,0,385.707
980.382,0,459.442
1015.44,0,517.57
989.92,0,387.629
959.008,0,445.908
924.251,0,519.718
984.002,0,344.956
97
-877.5,0,-279
948.783,0,248.551
970.606,0,287.333
966.366,0,302.484
955.767,0,340.363
919.104,0,354.61
983.637,0,299.148
955.767,0,340.363
911.529,0,352.49
985.165,0,381.265
981.238,0,453.685
1006.4,0,509.739
992.741,0,383.384
960.631,0,439.75
924.281,0,511.267
980.614,0,339.147
98
-878.5,0,-279
952.345,0,254.052
973.789,0,293.903
969.188,0,309.227
959.985,0,339.875
922.434,0,353.658
989.113,0,298.505
957.684,0,347.537
912.471,0,359.019
989.091,0,382.027
983.708,0,455.587
1015.88,0,515.364
996.753,0,384.328
960.722,0,448.684
932.353,0,515.342
982.971,0,346.778
99
-879.5,0,-279
958.938,0,252.598
972.241,0,290.321
967.444,0,305.585
955.453,0,343.745
917.729,0,357.048
992.739,0,305.148
963.085,0,346.144
917.729,0,357.048
984.019,0,386.265
980.096,0,452.118
1011.5,0,512.3
994.05,0,381.031
964.832,0,447.321
925.585,0,518.845
988.379,0,345.707
100
-880.5,0,-279.5
954.405,0,252.703
978.431,0,291.054
967.052,0,304.857
958.099,0,343.842
921.539,0,360.071
992.234,0,302.432
958.099,0,343.842
913.742,0,358.28
989.922,0,383.983
981.604,0,455.947
1015.85,0,521.27
997.719,0,385.774
967.8,0,444.569
934.3,0,518.958
991.078,0,343.208
101
-882.5,0,-278.5
954.938,0,253.38
976.1,0,292.526
973.852,0,300.065
962.612,0,337.758
925.713,0,351.382
991.177,0,297.023
960.364,0,345.297
915.926,0,356.672
991.313,0,379.153
978.619,0,449.248
1010.36,0,507.968
991.313,0,379.153
963.541,0,444.752
928.232,0,508.104
985.228,0,344.502
102
-882.5,0,-279.5
954.438,0,252.775
976.039,0,291.955
971.645,0,307.151
960.658,0,345.139
923.675,0,359.143
989.037,0,303.948
960.658,0,345.139
916.077,0,356.946
992.055,0,378.919
979.877,0,449.496
1017.68,0,518.061
992.055,0,378.919
964.681,0,445.101
929.71,0,509.086
985.649,0,344.134
103
-884,0,-280
955.65,0,252.146
976.823,0,291.852
972.25,0,307.185
960.819,0,345.517
923.644,0,359.476
989.695,0,304.039
960.819,0,345.517
916.065,0,357.215
991.857,0,379.817
986.44,0,453.335
1015.91,0,520.561
999.436,0,382.077
963.702,0,446.555
933.261,0,520.958
985.843,0,344.631
104
-885.5,0,-279.5
963.242,0,248.131
976.831,0,285.3
972.165,0,300.325
960.5,0,337.889
920.608,0,358.45
997.418,0,299.93
965.807,0,347.774
920.608,0,358.45
989.369,0,379.803
983.653,0,452.163
1015.5,0,511.474
997.009,0,382.175
970.706,0,439.905
1023.14,0,513.847
993.394,0,339.866
105
-885.5,0,-278.5
955.584,0,247.306
977.631,0,292.596
966.498,0,306.214
957.849,0,344.585
923.693,0,353.014
991.25,0,303.729
957.849,0,344.585
914.289,0,358.958
989.3,0,383.93
981.406,0,454.727
1017.07,0,511.151
998.704,0,377.986
967.788,0,443.594
927.468,0,515.146
990.275,0,343.83
106
-886.5,0,-278.5
954.676,0,250.724
976.225,0,289.659
971.879,0,304.78
961.012,0,342.583
924.25,0,356.571
989.173,0,301.566
961.012,0,342.583
916.69,0,354.398
992.295,0,376.131
985.683,0,456.083
1018.01,0,514.485
999.855,0,378.304
965.175,0,442.002
928.321,0,513.261
985.867,0,341.542
107
-886.5,0,-278.5
960.39,0,254.455
981.015,0,294.314
978.568,0,301.791
966.334,0,339.173
926.133,0,359.125
996.221,0,299.291
963.887,0,346.649
918.53,0,356.637
994.562,0,381.521
987.746,0,453.785
1018.68,0,513.574
1002.16,0,384.009
967.383,0,438.844
935.311,0,511.12
991.59,0,339.162
108
-887.5,0,-278.5
961.594,0,255.463
975.629,0,292.609
971.14,0,307.777
959.918,0,345.697
922.5,0,359.368
990.972,0,297.15
967.589,0,347.967
922.5,0,359.368
991.54,0,379.8
986.682,0,452.596
1019.24,0,511.721
999.211,0,382.07
971.34,0,448.055
935.798,0,511.77
992.847,0,347.194
109
-889.5,0,-278.5
955.902,0,254.587
978.225,0,293.361
976.169,0,300.998
965.888,0,339.183
929.171,0,353.87
993.499,0,297.473
963.832,0,346.82
919.478,0,359.451
995.849,0,380.013
984.98,0,450.803
1024.05,0,518.657
995.849,0,380.013
969.706,0,446.691
935.926,0,511.313
988.799,0,345.352
110
-889.5,0,-278.5
961.23,0,251.455
982.009,0,291.657
977.154,0,306.902
965.015,0,345.016
927.241,0,358.173
994.827,0,304.135
965.015,0,345.016
917.19,0,363.368
995.845,0,380.023
986.813,0,461.106
1020.41,0,513.786
1003.47,0,382.451
966.372,0,446.2
934.472,0,519.999
990.311,0,344.676
111
-891.5,0,-278.5
956.923,0,253.244
978.624,0,292.664
974.133,0,307.831
962.906,0,345.75
925.487,0,359.416
993.966,0,297.206
962.906,0,345.75
925.487,0,359.416
994.524,0,379.857
989.657,0,452.652
1022.21,0,511.781
1002.2,0,382.128
974.315,0,448.11
938.765,0,511.82
995.835,0,347.251
112
-893.5,0,-277.5
958.161,0,249.08
978.38,0,289.28
973.444,0,304.499
961.102,0,342.548
921.136,0,363.226
990.958,0,301.77
958.634,0,350.158
921.136,0,363.226
998.836,0,380.019
989.2,0,460.996
1022,0,513.686
998.836,0,380.019
969.098,0,446.065
936.892,0,519.722
993.663,0,344.699
113
-894.5,0,-278.5
957.597,0,250.596
978.771,0,290.302
974.078,0,305.408
962.346,0,343.173
924.748,0,356.339
991.704,0,302.601
969.986,0,345.546
924.748,0,356.339
1001.15,0,380.072
995.309,0,452.796
1027.07,0,512.354
1001.15,0,380.072
972.39,0,445.676
943.633,0,511.28
995.252,0,345.113
114
-896.5,0,-278.5
961.911,0,248.297
982.04,0,288.829
976.939,0,303.994
964.186,0,341.907
923.654,0,362.035
994.654,0,301.512
969.219,0,352.04
923.654,0,362.035
1002.03,0,379.957
994.242,0,453.301
1032.02,0,516.649
1002.03,0,379.957
971.494,0,445.65
945.99,0,521.475
997.067,0,344.526
115
-898.5,0,-278.5
956.246,0,246.653
977.174,0,285.926
980.113,0,303.269
961.123,0,338.601
921.851,0,359.529
997.457,0,300.33
966.355,0,348.419
921.851,0,359.529
997.101,0,382.46
993.807,0,447.246
1030.43,0,515.973
1004.63,0,384.753
971.232,0,440.367
940.777,0,513.324
993.517,0,340.248
116
-900.5,0,-278.5
960.155,0,246.62
980.555,0,286.735
975.626,0,301.863
963.304,0,339.685
923.19,0,360.084
993.219,0,299.228
968.404,0,349.713
923.19,0,360.084
1001.3,0,377.163
994.246,0,450.17
1032.41,0,512.806
1008.86,0,379.628
971.553,0,442.777
946.91,0,518.42
996.026,0,341.978
117
-902.5,0,-278.5
960.132,0,250.132
979.873,0,290.294
974.767,0,305.27
964.556,0,335.222
924.393,0,354.963
994.848,0,295.4
969.491,0,345.263
924.393,0,354.963
999.273,0,380.49
1001.31,0,448.052
1035.86,0,518.336
1006.76,0,383.043
976.298,0,447.882
945.836,0,512.72
997.061,0,337.945
118
-905.5,0,-279.5
960.261,0,246.271
980.661,0,286.386
975.732,0,301.514
963.411,0,339.335
923.296,0,359.735
1000.89,0,301.343
970.975,0,341.8
923.296,0,359.735
1001.4,0,376.814
1001.92,0,452.285
1040.08,0,514.921
1008.97,0,379.278
971.66,0,442.428
947.016,0,518.071
996.132,0,341.628
119
-908.5,0,-279.5
961.641,0,245.729
981.278,0,285.681
976.199,0,300.578
963.503,0,337.822
923.551,0,357.459
993.636,0,298.209
970.951,0,340.361
923.551,0,357.459
1000.58,0,375.403
1002.61,0,442.61
1036.97,0,512.526
1008.02,0,377.943
977.722,0,442.441
952.329,0,516.927
995.836,0,340.53
120
-911.5,0,-278.5
964.618,0,247.755
984.69,0,287.763
979.762,0,302.892
967.44,0,340.713
930.117,0,353.655
997.191,0,300.203
967.44,0,340.713
927.653,0,361.219
1004.94,0,378.032
1005.21,0,453.423
1042.8,0,515.873
1004.94,0,378.032
975.28,0,443.672
950.637,0,519.315
992.352,0,340.462
121
-912.5,0,-279.5
964.439,0,250.898
977.633,0,288.116
972.953,0,303.234
971.112,0,335.798
931.682,0,356.727
1000.19,0,295.096
968.772,0,343.357
924.165,0,354.4
999.341,0,377.669
1010.69,0,447.451
1039.42,0,514.327
1006.86,0,379.996
978.283,0,445.702
957.225,0,513.735
996.005,0,335.219
122
-914.5,0,-278.5
967.268,0,245.72
978.608,0,290.701
974.005,0,305.932
972.415,0,338.695
935.049,0,352.336
1001.45,0,297.605
970.114,0,346.311
925.133,0,357.65
1011.2,0,375.35
1013.34,0,450.792
1045.22,0,510.293
1011.2,0,375.35
980.575,0,449.203
959.863,0,517.741
997.563,0,337.984
123
-917.5,0,-278.5
970.028,0,244.903
982.527,0,282.377
985.01,0,299.837
972.379,0,337.102
942.197,0,351.801
1002.6,0,297.491
969.853,0,344.555
932.137,0,356.7
1010.01,0,374.784
1017.41,0,452.077
1047.46,0,512.118
1010.01,0,374.784
979.739,0,439.308
962.012,0,516.393
1005.04,0,339.864
124
-920.5,0,-279.5
961.571,0,245.517
982.396,0,284.863
977.765,0,299.905
966.189,0,337.512
926.843,0,358.336
1002.64,0,299.33
973.71,0,339.827
926.843,0,358.336
1011.89,0,376.282
1023.46,0,445.713
1047.17,0,502.417
1011.89,0,376.282
976.013,0,439.343
960.382,0,516.872
998.59,0,339.251
125
-923.5,0,-279.5
965.61,0,243.35
983.778,0,284.248
978.095,0,299.014
971.273,0,338.772
930.374,0,356.94
1003.09,0,300.155
978.656,0,341.613
930.374,0,356.94
1017.27,0,373.427
1021.24,0,451.242
1051.33,0,505.206
1014.43,0,380.811
981.477,0,444.419
963.29,0,513.71
1003.65,0,342.754
126
-926.5,0,-278.5
965.874,0,251.177
987.153,0,284.521
981.59,0,299.333
975.087,0,339.144
934.337,0,357.642
999.183,0,297.49
975.087,0,339.144
934.337,0,357.642
1021.37,0,373.428
1025.96,0,451.208
1053.7,0,512.333
1018.58,0,380.834
978.738,0,441.924
965.733,0,521.547
1007.49,0,342.865
127
-930.5,0,-279.5
969.925,0,247.401
986.605,0,289.199
980.325,0,303.819
971.936,0,343.508
940.587,0,356.017
1001.22,0,295.479
979.246,0,346.647
930.138,0,360.187
1016.82,0,380.105
1031.4,0,446.973
1063.72,0,512.81
1016.82,0,380.105
981.257,0,442.754
964.479,0,522.131
1007.45,0,341.447
128
-933.5,0,-279.5
970.344,0,250.102
989.534,0,290.271
984.289,0,305.11
971.178,0,342.209
941.052,0,356.602
1004.37,0,295.515
978.598,0,344.832
931.01,0,361.399
1017.87,0,375.405
1033.99,0,447.875
1062.78,0,508.128
1017.87,0,375.405
976.809,0,444.358
968.048,0,516.381
1006.1,0,337.859
129
-938.5,0,-279
968.684,0,250.612
987.152,0,291.652
991.769,0,301.912
974.84,0,346.542
944.061,0,360.393
1009.47,0,300.116
974.84,0,346.542
933.801,0,365.01
1021.27,0,381.169
1035.89,0,454.784
1066.41,0,508.905
1021.27,0,381.169
980.997,0,442.472
977.919,0,517.882
1010.24,0,342.951
130
-942.5,0,-279
970.99,0,252.517
988.62,0,293.924
993.027,0,304.275
975.194,0,348.552
944.139,0,361.774
1010.76,0,302.84
975.194,0,348.552
933.788,0,366.182
1031.26,0,379.709
1037,0,450.634
1070.82,0,515.716
1028.29,0,387.089
979.398,0,444.588
982.167,0,522.892
1010.66,0,345.682
131
-946.5,0,-280
972.33,0,252.845
988.149,0,294.457
988.879,0,312.038
979.937,0,351.156
941.55,0,359.796
1009.69,0,304.129
979.937,0,351.156
938.326,0,366.975
1026.96,0,380.904
1040.29,0,447.276
1071.2,0,512.918
1026.96,0,380.904
980.366,0,446.244
983.287,0,516.571
1015.1,0,349.695
132
-950.5,0,-280
968.83,0,261.239
988.519,0,295.306
989.582,0,312.871
981.379,0,352.151
940.073,0,368.752
1010.23,0,304.571
981.379,0,352.151
932.835,0,365.664
1028.96,0,381.006
1047.68,0,457.442
1075.67,0,512.162
1028.96,0,381.006
983.602,0,447.213
984.762,0,524.711
1016.51,0,350.027
133
-955.5,0,-280.5
969.495,0,258.178
994.336,0,297.354
987.197,0,311.574
983.569,0,354.262
947.962,0,371.993
1004.99,0,311.603
983.569,0,354.262
940.852,0,368.424
1036.88,0,389.928
1047.44,0,457.544
1086.47,0,521.649
1036.88,0,389.928
979.854,0,450.318
986.847,0,525.044
1019.15,0,354.321
134
-959.5,0,-280
967.537,0,265.604
995.556,0,297.71
995.395,0,315.403
984.424,0,354.232
948.876,0,371.603
1013.09,0,315.564
980.821,0,361.277
938.228,0,375.045
1037.18,0,390.102
1054.23,0,461.037
1089.13,0,514.44
1037.18,0,390.102
980.014,0,449.744
993.46,0,527.724
1019.81,0,354.554
135
-964.5,0,-280
973.473,0,263.615
996.287,0,303.429
988.603,0,317.165
983.129,0,359.189
950.999,0,368.267
1010.02,0,311.113
983.129,0,359.189
940.289,0,371.293
1038.07,0,389.924
1056.23,0,454.184
1091.96,0,519.26
1044.94,0,393.766
985.917,0,450.92
993.364,0,518.206
1022.13,0,353.953
136
-965.5,0,-280
977.398,0,266.505
1001.22,0,306.019
993.805,0,319.999
989.242,0,362.367
946.446,0,375.493
1015.2,0,313.437
989.242,0,362.367
939.456,0,371.784
1045.16,0,392.037
1061.14,0,463.22
1102.23,0,520.85
1041.45,0,399.027
987.105,0,450.812
1003.09,0,521.995
1021.34,0,352.523
137
-972.5,0,-280
976.313,0,270.957
993.642,0,306.612
993.45,0,324.383
982.399,0,363.411
950.4,0,373.868
1014.78,0,317.412
982.399,0,363.411
939.734,0,377.354
1045.82,0,395.809
1066.38,0,459.92
1097.62,0,520.546
1045.82,0,395.809
988.485,0,455.865
998.383,0,523.463
1021.45,0,356.553
138
-976.5,0,-281
975.148,0,272.317
998.17,0,312.303
994.321,0,319.217
988.903,0,361.484
952.765,0,377.593
1012,0,320.002
985.054,0,368.398
942.002,0,380.657
1044.21,0,392.277
1069.52,0,460.703
1109.43,0,519.151
1040.36,0,399.191
991.895,0,453.717
1006.43,0,525.208
1024.26,0,363.053
139
-982.5,0,-281
978.397,0,269.836
1001.81,0,309.597
994.244,0,323.499
989.239,0,365.817
953.26,0,382.276
1015.71,0,317.16
989.239,0,365.817
946.309,0,378.495
1044.85,0,396.068
1070.82,0,464.245
1108.13,0,511.568
1044.85,0,396.068
986.179,0,454.234
1012.15,0,522.411
1028.39,0,360.09
140
-985.5,0,-281
978.275,0,272.223
1002.1,0,311.443
994.764,0,325.37
990.363,0,367.52
951.511,0,373.748
1016.02,0,318.775
990.363,0,367.52
940.882,0,377.046
1046.07,0,396.846
1072.82,0,464.288
1110.57,0,510.84
1046.07,0,396.846
988.523,0,455.485
1015.27,0,522.927
1022.25,0,357.626
141
-990.5,0,-282
978.75,0,271.306
1002.29,0,311.28
994.683,0,325.257
989.651,0,367.802
957.28,0,377.362
1016.26,0,318.883
989.651,0,367.802
946.49,0,380.548
1045.56,0,398.216
1071.67,0,466.759
1119.97,0,511.15
1045.56,0,398.216
993.563,0,460.496
1019.67,0,529.039
1029.01,0,362.044
142
-996.5,0,-282
974.07,0,272.759
997.771,0,312.207
990.359,0,326.286
989.463,0,361.777
953.749,0,378.938
1018.66,0,323.204
985.757,0,368.816
943.079,0,382.312
1048.43,0,401.808
1067.98,0,466.041
1116.27,0,509.447
1041.47,0,398.143
990.481,0,461.208
1027.66,0,525.733
1024.73,0,362.36
143
-1001.5,0,-282
979.211,0,267.225
998.471,0,314.384
994.599,0,321.334
989.139,0,363.827
1020.02,0,390.136
1016.24,0,315.179
989.139,0,363.827
941.98,0,383.087
1051.69,0,398.675
1066.28,0,470.555
1118.01,0,508.48
1040.86,0,401.752
995.195,0,467.377
1035.3,0,526.152
1028.55,0,358.465
144
-1006.5,0,-282
976.55,0,268.975
1001.44,0,307.966
994.35,0,322.019
990.84,0,364.317
955.355,0,381.677
1015.64,0,315.13
990.84,0,364.317
948.252,0,378.094
1044.12,0,400.001
1054.84,0,467.098
1115.22,0,506.365
1044.12,0,400.001
1001.59,0,466.685
1033.59,0,526.894
1026.34,0,364.592
145
-1009.5,0,-282
982.063,0,272.654
999.406,0,308.452
992.113,0,322.593
988.022,0,365.239
952.224,0,382.582
1020.62,0,319.391
995.092,0,368.886
945.153,0,378.936
1044.59,0,394.411
1047.12,0,476.28
1110.76,0,509.098
1040.94,0,401.482
1004.48,0,472.188
1039.38,0,525.996
1027.24,0,358.613
146
-1016.5,0,-281
980.385,0,266.209
1002.19,0,311.933
998.737,0,319.053
995.73,0,361.549
953.455,0,376.231
1016.43,0,318.832
992.281,0,368.669
942.886,0,379.901
1042.12,0,392.813
1036.1,0,477.806
1103.63,0,501.73
1045.79,0,403.382
1004.18,0,471.129
1047.34,0,527.201
1023.99,0,357.658
147
-1021.5,0,-282
975.06,0,269.681
1000.25,0,308.018
993.415,0,322.191
993.926,0,357.368
959.004,0,375.468
1014.42,0,314.849
990.51,0,364.455
948.502,0,379.139
1036.7,0,395.45
1034.31,0,472.891
1098.08,0,503.631
1043.79,0,398.866
1009.63,0,469.731
1052.66,0,525.401
1025.69,0,363.944
148
-1028.5,0,-283
973.847,0,271.621
997.941,0,310.897
994.299,0,318.02
997.1,0,364.378
954.515,0,378.544
1015.59,0,310.937
993.458,0,371.501
943.869,0,382.085
1038.84,0,403.694
1030.72,0,471.421
1086.75,0,500.072
1049.49,0,400.152
1009.43,0,478.504
1054.53,0,528.524
1025.4,0,360.877
149
-1034,0,-281.5
985.049,0,265.484
1005.31,0,312.173
997.833,0,326.018
996.969,0,361.309
960.904,0,377.602
1019.39,0,319.772
993.233,0,368.232
950.127,0,380.725
1038.78,0,401.751
1015.5,0,478.578
1082.59,0,505.85
1049.55,0,398.627
1015.5,0,478.578
1064.35,0,522.819
1025.56,0,358.861
150
-1040,0,-282.5
977.529,0,272.345
1004.51,0,310.396
998.082,0,325.047
996.658,0,368.105
954.496,0,384.547
1019.16,0,316.826
993.443,0,375.431
954.496,0,384.547
1030.97,0,409.371
1002.03,0,475.302
1067.96,0,504.236
1052.05,0,401.15
1024.01,0,484.946
1065.64,0,529.428
1025.06,0,363.099
151
-1047,0,-283.5
984.833,0,268.946
999.788,0,311.658
1003.53,0,322.336
989.916,0,369.056
954.412,0,387.481
1021.41,0,322.067
997.125,0,372.526
947.204,0,384.011
1033.44,0,407.761
995,0,469.167
1063.88,0,528.959
1054.79,0,400.284
1023.83,0,483.046
1071.09,0,532.429
1029.16,0,361.31
152
-1053,0,-283.5
984.411,0,267.216
1007.99,0,311.926
1004.82,0,319.129
993.101,0,365.529
961.884,0,377.602
1015.23,0,315.105
993.101,0,365.529
951.479,0,381.626
1030.24,0,399.012
994.547,0,460.664
1047.1,0,518.091
1055.14,0,401.346
1030.77,0,476.56
1079.24,0,523.604
1028.4,0,363.839
153
-1058,0,-284.5
980.66,0,266.07
1004.26,0,310.769
1008.34,0,321.15
996.641,0,367.555
958.184,0,376.467
1018.75,0,317.12
996.641,0,367.555
947.781,0,380.496
1033.8,0,401.02
983.64,0,456.337
1032.13,0,503.359
1058.69,0,403.343
1034.36,0,478.568
1082.85,0,525.59
1027.85,0,355.468
154
-1065,0,-284.5
985.581,0,267.801
1007.6,0,313.736
1004.15,0,320.903
994.048,0,360.191
958.734,0,378.498
1014.77,0,317.189
990.595,0,367.358
948.114,0,382.212
1033.86,0,405.866
977.561,0,449.387
1021.08,0,505.682
1055.1,0,398.439
1042.06,0,480.468
1089.04,0,529.597
1029.62,0,359.671
155
-1072,0,-284.5
985.239,0,266.954
1001.29,0,308.737
1005.31,0,319.183
993.349,0,366.059
954.937,0,375.28
1015.71,0,315.056
990.155,0,373.346
944.536,0,379.407
1030.21,0,399.589
968.616,0,442.081
1003.1,0,500.629
1055.02,0,401.781
1044.7,0,484.122
1092.78,0,531.257
1024.55,0,353.679
156
-1078,0,-284.5
983.964,0,270.65
1003.69,0,304.946
1007.84,0,315.338
989.125,0,358.97
957.949,0,371.426
1007.84,0,315.338
986.005,0,366.242
947.557,0,375.578
1033.79,0,395.353
965.197,0,434.81
986.99,0,504.434
1051.45,0,394.321
1049.34,0,479.521
1105.43,0,529.417
1024.45,0,356.905
157
-1084,0,-285.5
977.358,0,267.037
1003.14,0,305.61
1017.52,0,312.406
997.135,0,355.573
972.552,0,370.36
1010.33,0,309.008
986.543,0,359.369
944.173,0,374.554
1030.11,0,397.544
963.154,0,427.517
982.534,0,498.266
1055.09,0,400.544
1060.48,0,482.284
1111.24,0,523.858
1025.51,0,351.378
158
-1091,0,-285.5
981.632,0,264.195
1006.46,0,302.807
1013.51,0,306.295
999.643,0,352.128
975.064,0,366.325
1006.46,0,302.807
982.04,0,352.21
946.916,0,369.976
1024.47,0,390.74
957.706,0,419.215
968.578,0,486.057
1049.13,0,394.147
1063.57,0,471.534
1109.56,0,520.61
1027.79,0,348.477
159
-1099,0,-285.5
981.455,0,261.529
1001.05,0,295.666
1005.17,0,306.009
986.507,0,349.399
955.479,0,361.762
1005.17,0,306.009
976.164,0,353.52
945.137,0,365.883
1030.91,0,385.637
958.511,0,414.484
962.552,0,484.781
1045.37,0,391.858
1066.99,0,461.144
1119.63,0,518.067
1021.65,0,347.378
160
-1105,0,-284.5
977.617,0,256.034
1004.1,0,293.83
1008.11,0,304.281
1051.49,0,323.609
964.659,0,362.906
1008.11,0,304.281
978.331,0,351.668
939.748,0,360.472
1022.5,0,388.676
952.561,0,409.505
952.488,0,487.458
1040.18,0,387.889
1075.47,0,464.267
1120.42,0,518.957
1024.14,0,346.085
161
-1112,0,-286.5
977.288,0,253.963
1005.02,0,290.864
1009.38,0,301.178
991.502,0,345.186
960.56,0,358.252
1002.04,0,298.199
973.853,0,346.562
939.932,0,366.962
1026.57,0,385.066
957.353,0,408.218
945.208,0,480.189
1041.24,0,391.025
1074.71,0,455.888
1118.49,0,516.396
1019.46,0,339.455
162
-1118,0,-286.5
980.713,0,252.64
1000.75,0,287.018
1012.32,0,300.541
1048.98,0,316.02
1033.5,0,352.678
1004.99,0,297.445
975.985,0,345.67
934.275,0,362.612
1028.44,0,385.099
951.218,0,404.322
942.254,0,486.924
1043.11,0,391.291
1075.85,0,456.951
1119.03,0,518.375
1018.83,0,346.486
163
-1128,0,-286.5
975.415,0,248.133
1003.49,0,285.306
1007.91,0,295.69
1052.38,0,313.755
1029.99,0,347.61
1000.49,0,292.679
972.117,0,341.281
937.901,0,361.742
1025.42,0,380.114
952.573,0,410.651
940.441,0,483.032
1032.83,0,383.125
1074.16,0,451.45
1118.48,0,512.402
1015.17,0,341.589
164
-1134,0,-287
976.806,0,242.562
1001.59,0,287.028
1008.94,0,289.984
1050.03,0,315.141
1027.75,0,349.294
998.604,0,294.45
970.354,0,343.446
936.371,0,364.265
1023.15,0,381.937
950.823,0,413.197
942.997,0,496.282
1030.5,0,384.893
1071.34,0,453.07
1115.18,0,513.825
1016.04,0,335.961
165
-1140,0,-286
974.658,0,241.979
1001.51,0,285.297
1016.51,0,290.624
1051.35,0,311.441
1030.53,0,346.279
998.843,0,292.797
972.699,0,342.637
934.708,0,354.484
1034.88,0,381.607
953.566,0,420.303
944.597,0,493.133
1034.88,0,381.607
1066.07,0,460.253
1122.92,0,514.225
1015.53,0,340.953
166
-1151,0,-287
971.48,0,240.626
998.433,0,278.126
1012.98,0,284.399
1056.61,0,303.217
1030.52,0,343.716
995.296,0,285.398
966.069,0,333.169
931.706,0,352.85
1025.25,0,375.942
953.386,0,422.576
946.975,0,497.438
1032.52,0,379.079
1065.61,0,462.35
1114.38,0,509.259
1015.98,0,337.443
167
-1157,0,-288
970.561,0,241.215
997.891,0,278.441
1012.5,0,284.567
1056.32,0,302.945
1030.64,0,343.705
994.828,0,285.745
966.084,0,333.808
928.858,0,361.138
1025.69,0,375.982
954.302,0,423.338
955.951,0,501.324
1033,0,379.045
1059.62,0,458.916
1116.16,0,508.394
1016.03,0,337.579
168
-1163,0,-287
966.992,0,239.413
993.946,0,276.912
1008.49,0,283.185
1048.99,0,309.276
1029.17,0,335.23
990.809,0,284.185
968.854,0,335.092
924.082,0,358.909
1017.62,0,382.001
953.034,0,431.772
961.169,0,512.906
1035.31,0,381.002
1050.71,0,465.273
1109.89,0,508.046
1011.49,0,336.23
169
-1174,0,-288
969.921,0,234.468
994.095,0,279.276
1008.71,0,285.392
1042.15,0,308.062
1029.79,0,337.58
991.006,0,286.656
958.989,0,342.635
924.716,0,362.98
1018.56,0,384.916
954.235,0,436.043
970.271,0,520.807
1025.87,0,387.974
1034.6,0,469.68
1104.57,0,507.64
1012.09,0,338.844
170
-1177,0,-289
968.842,0,233.764
985.913,0,281.517
1000.89,0,286.671
1043.25,0,309.622
1025.45,0,337.001
983.336,0,289.006
957.808,0,338.852
925.032,0,361.077
1017.48,0,384.512
961.751,0,449.094
978.58,0,521.891
1024.97,0,387.089
1029.15,0,472.287
1098.89,0,513.036
1007.9,0,339.336
171
-1189,0,-288
967.409,0,236.22
987.141,0,276.695
999.6,0,289.406
1039.57,0,320.015
1021.67,0,347.526
989.481,0,294.339
956.279,0,341.835
923.33,0,364.16
1016.23,0,387.748
967.728,0,455.228
992.14,0,530.992
1023.76,0,390.341
1017.82,0,480.904
1093.07,0,506.832
1006.62,0,342.34
172
-1195,0,-289
967.83,0,240.05
987.677,0,280.721
1000.2,0,293.492
1032.82,0,321.637
966.852,0,341.239
992.638,0,290.889
956.685,0,346.2
923.579,0,368.65
1016.96,0,392.322
968.233,0,460.159
1007.93,0,541.501
1027.13,0,387.36
1011.02,0,483.342
1079.1,0,506.77
1009.88,0,339.125
173
-1202,0,-289
968.509,0,244.97
987.818,0,285.649
1000.17,0,298.541
966.256,0,345.227
948.516,0,347.229
992.645,0,295.818
956.038,0,349.952
915.167,0,368.851
1015.66,0,396.796
973.657,0,465.824
1014.97,0,539.734
1025.87,0,392.071
1001.05,0,484.161
1068.75,0,508.663
1009.26,0,343.945
174
-1211.5,0,-289.5
966.043,0,248.659
985.689,0,289.427
998.152,0,302.259
957.015,0,347.201
946.823,0,352.113
990.6,0,299.619
954.375,0,354.753
913.607,0,374.399
1024.61,0,396.259
985.378,0,484.24
1022.4,0,548.032
1024.61,0,396.259
985.378,0,484.24
1060.9,0,510.642
1007.61,0,347.939
175
-1217,0,-290
961.559,0,251.143
987.053,0,295.343
991.568,0,305.655
959.169,0,343.924
932.612,0,367.468
984.132,0,302.705
953.327,0,358.647
911.898,0,376.29
1024.76,0,395.515
992.632,0,476.493
1034.59,0,544.268
1021.84,0,402.877
974.839,0,477.953
1052.12,0,500.099
1006.71,0,354.266
176
-1232,0,-290
964.184,0,258.687
984.48,0,293.155
996.168,0,306.697
981.996,0,361.462
935.84,0,368.216
988.785,0,303.618
949.383,0,356.528
914.914,0,376.824
1024.44,0,405.168
990.571,0,486.388
1042.26,0,507.943
1017.06,0,402.089
961.036,0,474.07
1042.26,0,507.943
1002.92,0,352.853
177
-1236.5,0,-291.5
962.156,0,257.226
980.235,0,298.45
984.755,0,308.756
974.809,0,356.126
933.585,0,374.205
984.755,0,308.756
946.784,0,362.273
905.56,0,380.352
1025.43,0,401.51
1001.02,0,485.945
1053.27,0,549.047
1022.54,0,408.923
949.131,0,465.693
1005.54,0,496.251
1007.35,0,360.286
178
-1242.5,0,-290.5
958.078,0,257.111
982.714,0,301.904
987.028,0,312.331
983.383,0,362.558
937.271,0,369.167
987.028,0,312.331
947.721,0,364.908
905.922,0,381.945
1025.85,0,406.176
1009.93,0,485.776
1061.03,0,550.249
1025.85,0,406.176
943.499,0,458.02
1003.8,0,500.463
1001.21,0,361.383
179
-1250.5,0,-290.5
958.98,0,255.91
982.031,0,301.362
985.982,0,311.902
973.463,0,358.669
934.598,0,367.229
985.982,0,311.902
945.138,0,363.278
902.979,0,379.083
1021.54,0,406.759
1013.63,0,481.851
1069.62,0,551.02
1021.54,0,406.759
933.933,0,445.615
993.211,0,507.539
1001.79,0,354.061
180
-1261,0,-290
952.906,0,257.323
977.287,0,301.904
981.553,0,312.291
970.572,0,359.442
932.16,0,369.363
981.553,0,312.291
945.575,0,357.692
901.064,0,382.319
1012.63,0,402.739
1021.77,0,484.084
1072.36,0,548.155
1012.63,0,402.739
929.711,0,437.287
977.256,0,508.711
995.568,0,361.191
181
-1274,0,-291
956.862,0,257.776
974.305,0,299.534
971.265,0,306.934
967.828,0,357.414
908.23,0,376.177
978.665,0,309.973
942.589,0,355.695
897.791,0,380.538
1010.51,0,400.89
1027.56,0,485.728
1086.36,0,553.123
1010.51,0,400.89
926.994,0,435.775
957.518,0,508.852
993.068,0,359.132
182
-1277,0,-294
830.539,0,253.212
829.61,0,278.369
826.816,0,285.824
853.839,0,304.455
862.222,0,282.092
834.27,0,288.618
937.701,0,352.896
893.912,0,378.989
832.413,0,338.932
833.35,0,381.792
819.378,0,419.063
842.661,0,334.272
924.666,0,433.027
822.172,0,411.609
833.341,0,313.775
183
-1286.5,0,-294.5
838.015,0,249.556
835.354,0,281.267
834.689,0,289.195
857.55,0,299.097
866.722,0,283.899
834.689,0,289.195
924.136,0,352.586
882.93,0,373.078
838.539,0,337.419
835.213,0,377.057
831.221,0,424.623
846.381,0,338.077
835.213,0,377.057
831.887,0,416.696
840.535,0,313.636
184
-1292.5,0,-293.5
850.298,0,256.187
849.113,0,279.707
840.778,0,287.147
872.142,0,296.588
880.873,0,281.308
848.718,0,287.547
925.351,0,346.429
884.466,0,367.949
846.347,0,334.588
844.371,0,373.788
842,0,420.828
854.287,0,334.988
852.311,0,374.188
842.395,0,412.988
847.532,0,311.067
185
-1303.5,0,-293.5
859.796,0,258.004
851.901,0,282.002
851.899,0,290.002
875.562,0,306.007
891.346,0,282.011
851.899,0,290.002
922.884,0,354.019
883.436,0,370.009
851.888,0,338.002
914.977,0,434.017
843.979,0,426
859.777,0,338.004
859.768,0,378.004
843.98,0,418
859.783,0,314.004
186
-1310.5,0,-294.5
864.845,0,257.485
866.015,0,281.103
858.532,0,289.366
882.93,0,303.941
897.506,0,279.543
866.405,0,288.975
916.761,0,349.617
878.178,0,367.312
860.872,0,336.602
862.822,0,375.965
857.29,0,423.591
868.745,0,336.212
862.822,0,375.965
856.9,0,415.719
867.575,0,312.594
187
-1320.5,0,-295.5
932.269,0,242.218
869.787,0,281.309
869.791,0,289.122
893.236,0,304.736
901.037,0,281.295
869.791,0,289.122
908.878,0,343.791
869.827,0,367.247
869.812,0,335.997
869.834,0,382.872
862.039,0,421.938
877.625,0,335.993
869.83,0,375.059
862.039,0,421.938
869.802,0,312.559
188
-1326.5,0,-295.5
921.573,0,249.457
872.696,0,289.184
876.833,0,295.811
902.5,0,307.417
907.479,0,285.888
876.833,0,295.811
909.934,0,348.826
872.662,0,362.887
871.014,0,345.496
874.31,0,380.279
859.408,0,371.162
871.014,0,345.496
874.31,0,380.279
864.353,0,423.336
875.992,0,323.967
189
-1337.5,0,-295.5
922.814,0,244.251
891.52,0,287.848
888.168,0,298.654
916.858,0,301.632
927.289,0,287.099
952.627,0,300.883
907.176,0,351.933
864.702,0,374.293
885.564,0,345.229
886.313,0,380.998
883.71,0,427.573
892.643,0,341.502
890.04,0,388.077
883.71,0,427.573
888.542,0,316.538
190
-1341.5,0,-296.5
921.98,0,244.557
937.436,0,290.001
897.602,0,295.099
917.657,0,305.178
929.985,0,292.535
950.04,0,302.614
900.73,0,353.185
858.595,0,375.966
895.578,0,338.038
893.554,0,380.976
886.655,0,434.023
973.5,0,396.036
893.554,0,380.976
891.531,0,423.915
897.878,0,320.355
191
-1351.5,0,-296.5
917.849,0,242.79
937.74,0,284.096
952.062,0,301.272
998.218,0,321.711
979.114,0,351.166
944.104,0,300.456
898.734,0,350.778
856.552,0,370.013
966.375,0,396.981
934.531,0,472.25
899.521,0,421.54
974.333,0,397.797
926.573,0,471.434
,,
963.198,0,349.534
192
-1362.5,0,-297.5
917.305,0,247.496
937.314,0,288.087
939.744,0,305.81
1002.92,0,318.816
974.904,0,351.546
939.744,0,305.81
888.863,0,356.12
848.272,0,376.13
956.896,0,404.571
905.872,0,480.179
999.345,0,503.476
974.619,0,402.142
928.597,0,487.897
999.345,0,503.476
957.181,0,353.976
193
-1368.5,0,-298.5
912.568,0,243.925
936.233,0,292.091
948.965,0,301.78
1003.22,0,322.959
978.997,0,354.791
937.755,0,303.302
887.788,0,355.755
850.833,0,377.898
951.452,0,404.2
898.163,0,474.23
929.995,0,498.453
973.874,0,401.156
934.839,0,492.086
979.126,0,565.997
950.209,0,352.99
194
-1377.5,0,-299.5
904.484,0,253.335
924.998,0,292.764
954.97,0,302.222
997.563,0,323.901
970.755,0,356.637
920.269,0,307.75
878.875,0,360.6
841.81,0,373.621
949.075,0,399.23
880.473,0,459.973
935.688,0,493.874
964.061,0,403.959
935.688,0,493.874
986.573,0,567.605
945.912,0,357.037
195
-1387.5,0,-300.5
906.901,0,253.725
926.491,0,293.971
956.515,0,304.519
998.941,0,327.764
970.888,0,359.614
918.666,0,316.246
870.384,0,357.671
837.433,0,379.46
955.238,0,404.163
871.716,0,449.891
928.836,0,503.321
962.744,0,406.8
949.064,0,493.745
993.461,0,559.388
945.762,0,359.129
196
-1395.5,0,-300.5
900.021,0,251.164
917.302,0,299.386
955.135,0,312.372
1000.54,0,327.956
985.627,0,297.464
912.107,0,314.519
863.66,0,357.097
830.571,0,379.572
946.668,0,410.964
857.79,0,448.122
912.904,0,509.33
956.832,0,405.994
948.365,0,504.586
1003.48,0,565.795
939.552,0,357.772
197
-1404,0,-302
898.28,0,256.01
918.479,0,296.001
946.1,0,313.421
988.768,0,335.788
996.088,0,288.172
903.533,0,316.098
856.121,0,358.868
826.128,0,374.017
948.981,0,406.077
856.426,0,434.003
889.301,0,511.511
948.981,0,406.077
959.386,0,501.207
1012.26,0,568.615
938.78,0,361.037
198
-1416.5,0,-300.5
981.955,0,262.669
911.064,0,297.538
941.381,0,307.781
999.531,0,310.622
1014.75,0,290.556
895.841,0,317.603
857.815,0,355.173
817.306,0,375.099
989.338,0,340.789
847.492,0,435.714
872.582,0,511.414
981.759,0,338.229
961.114,0,499.311
1016.59,0,560.066
979.276,0,320.584
199
-1427.5,0,-300.5
989.494,0,264.801
908.101,0,292.715
980.022,0,296.079
1011.25,0,313.4
1020.35,0,290.035
891.378,0,307.793
848.831,0,361.315
808.134,0,375.272
985.793,0,343.93
983.572,0,391.408
973.73,0,430.599
993.414,0,352.217
983.572,0,391.408
981.721,0,430.972
986.903,0,320.192
200
-1440.5,0,-301.5
885.694,0,249.46
901.545,0,296.715
989.067,0,296.83
973.102,0,336.17
1028.86,0,289.01
885.622,0,304.566
837.82,0,351.737
805.963,0,375.312
996.961,0,344.074
996.899,0,391.308
988.891,0,430.659
1004.92,0,344.085
996.899,0,391.308
988.891,0,430.659
996.992,0,320.457
201
-1449.5,0,-301.5
885.221,0,244.995
903.108,0,291.709
935.409,0,306.123
976.653,0,343.893
1043.89,0,288.687
884.77,0,306.765
846.999,0,348.009
805.304,0,372.009
1021.18,0,348.269
1011.78,0,386.682
996.277,0,430.114
1010.05,0,347.175
1011.78,0,386.682
1002.39,0,425.096
913.788,0,354.573
202
-1462.5,0,-302.5
1024.79,0,260.761
903.11,0,289.054
935.546,0,303.345
970.668,0,346.123
1049.88,0,291.317
884.561,0,304.283
835.097,0,344.895
1049.88,0,291.317
1015.47,0,350.262
1016.99,0,389.936
1012.33,0,434.686
1026.67,0,351.297
1016.99,0,389.936
1012.33,0,434.686
907.317,0,357.214
203
-1471.5,0,-302.5
1036.2,0,262.341
898.613,0,294.015
936.871,0,303.251
960.664,0,344.685
1061.12,0,292.691
875.307,0,302.988
831.43,0,349.174
1061.12,0,292.691
1027.21,0,351.017
1028.82,0,390.34
1019.34,0,428.608
1038.3,0,352.072
1028.82,0,390.34
1019.34,0,428.608
904.084,0,350.492
204
-1484.5,0,-302.5
1045.1,0,263.409
1041.9,0,297.092
1035.75,0,302.137
951.867,0,350.307
1070.48,0,294.324
871.449,0,302.473
822.294,0,342.831
1070.48,0,294.324
1036.56,0,353.231
1038.43,0,393.097
1034.16,0,438.008
1047.78,0,354.369
1038.43,0,393.097
1034.16,0,438.008
900.839,0,350.799
205
-1492.5,0,-304
1063.94,0,266.495
1049.63,0,298.569
920.884,0,302.657
938.645,0,349.043
1083.88,0,290.775
1044.64,0,292.499
1074.99,0,267.582
1109.24,0,259.787
1061.32,0,349.94
1045.92,0,393.067
1041.58,0,437.281
1050.27,0,348.853
1045.92,0,393.067
1047.65,0,432.298
1052.44,0,326.746
206
-1500.5,0,-304
1066.83,0,263.181
1057.65,0,301.769
1057.65,0,301.769
928.544,0,356.018
1092.21,0,294.096
1057.65,0,301.769
1080.01,0,304.115
1092.21,0,294.096
1058.63,0,352.722
1060.63,0,392.483
1056.53,0,437.254
1069.81,0,353.896
1060.63,0,392.483
1056.53,0,437.254
1060.68,0,330.337
207
-1512.5,0,-304
1073.51,0,264.716
1070.19,0,298.494
1064,0,303.571
1096.67,0,318.15
1103.96,0,301.814
1070.19,0,298.494
845.647,0,327.583
1098.89,0,295.631
1069.73,0,360.974
1071.49,0,400.936
1061.98,0,439.791
1080.99,0,362.081
1071.49,0,400.936
1061.98,0,439.791
1073.05,0,327.196
208
-1524.5,0,-305
1078.91,0,267.618
1081.86,0,296.251
1075.72,0,301.293
1102.17,0,320.983
1115.51,0,299.674
1075.72,0,301.293
1103.23,0,309.758
1109.37,0,304.716
1081.61,0,358.56
1077.35,0,403.461
1074.16,0,437.136
1092.83,0,359.701
1083.49,0,398.418
1074.16,0,437.136
1078.67,0,329.927
209
-1536.5,0,-306
1093.52,0,270.766
1085.18,0,298.159
1084.08,0,309.335
1111.47,0,317.67
1124.85,0,296.415
1090.22,0,304.296
1117.61,0,312.631
1118.71,0,301.454
1090.87,0,355.141
1086.47,0,399.847
1082.08,0,444.554
1102.04,0,356.239
1086.47,0,399.847
1088.22,0,439.515
1088.02,0,326.65
210
-1545.5,0,-305.5
1101.22,0,267.639
1097.7,0,300.877
1091.57,0,305.914
1123.68,0,320.01
1130.99,0,303.894
1097.7,0,300.877
1123.68,0,320.01
1130.99,0,303.894
1102.93,0,357.279
1098.23,0,401.596
1088.58,0,439.871
1114.02,0,358.285
1098.23,0,401.596
1094.71,0,434.834
1100.32,0,329.078
211
-1551.5,0,-306
1112.56,0,271.966
1110.38,0,294.122
1103.21,0,310.194
1135.35,0,324.538
1148.61,0,303.471
1109.29,0,305.2
1136.44,0,313.461
1142.52,0,308.466
1109.93,0,355.595
1111.66,0,394.911
1101.22,0,444.217
1121.01,0,356.683
1111.66,0,394.911
1107.3,0,439.223
1112.11,0,333.439
212
-1555.5,0,-305
1126.78,0,273.165
1118.39,0,300.76
1112.2,0,305.837
1138.69,0,325.492
1158.35,0,299.004
1123.46,0,306.943
1144.87,0,320.416
1152.16,0,304.08
1117.93,0,363.241
1119.69,0,403.202
1115.26,0,448.24
1135.37,0,359.271
1119.69,0,403.202
1115.26,0,448.24
1121.25,0,329.462
213
-1569.5,0,-307.5
1137.86,0,271.732
1129.52,0,298.764
1123.44,0,303.756
1149.32,0,322.878
1162.61,0,301.874
1134.47,0,304.793
1155.4,0,317.886
1162.61,0,301.874
1128.82,0,359.894
1130.38,0,398.983
1125.86,0,443.064
1139.85,0,360.931
1130.38,0,398.983
1125.86,0,443.064
1126.13,0,331.825
214
-1587.5,0,-309.5
1142.84,0,268.636
1139.84,0,302.152
1133.77,0,307.141
1160.15,0,326.884
1172.3,0,316.906
1144.92,0,308.335
1160.15,0,326.884
1172.3,0,316.906
1134.84,0,358.012
1142,0,403.894
1138,0,448.581
1157.15,0,360.4
1142,0,403.894
1138,0,448.581
1142.92,0,330.679
215
-1594.5,0,-309.5
1158.73,0,273.517
1150.34,0,301.113
1149.23,0,312.372
1164.46,0,330.921
1183.01,0,315.692
1155.42,0,307.296
1170.64,0,325.845
1183.01,0,315.692
1149.88,0,363.593
1151.64,0,403.554
1147.21,0,448.592
1161.14,0,364.699
1156.72,0,409.737
1147.21,0,448.592
1158.28,0,335.998
216
-1604.5,0,-309.5
1169.89,0,268.815
1160.81,0,307.32
1154.74,0,312.309
1181.12,0,332.052
1199.35,0,317.085
1165.89,0,313.503
1181.12,0,332.052
1199.35,0,317.085
1166.97,0,364.374
1162.97,0,409.062
1158.97,0,453.749
1178.12,0,365.568
1169.04,0,404.073
1165.04,0,448.761
1163.89,0,335.847
217
-1616.5,0,-311
1179.51,0,273.274
1176.27,0,306.208
1164.21,0,316.107
1185.09,0,329.243
1203.17,0,314.395
1181.22,0,312.237
1207.04,0,331.401
1208.12,0,320.423
1170.87,0,361.098
1177.54,0,406.089
1168.27,0,443.972
1181.85,0,362.177
1177.54,0,406.089
1168.27,0,443.972
1173.03,0,339.142
218
-1622.5,0,-310
1187.32,0,274.442
1184,0,308.22
1171.63,0,318.373
1198.12,0,338.029
1222.85,0,317.723
1189.07,0,314.403
1215.56,0,334.059
1227.93,0,323.906
1178.47,0,364.518
1185.3,0,410.662
1180.87,0,455.7
1194.8,0,371.807
1185.3,0,410.662
1180.87,0,455.7
1186.86,0,336.922
219
-1631.5,0,-311
1197.42,0,276.09
1193.96,0,309.709
1187.78,0,314.785
1202.88,0,333.175
1227.61,0,312.869
1205.18,0,310.762
1219.13,0,340.357
1242.71,0,331.258
1188.21,0,365.74
1194.83,0,411.618
1190.23,0,456.442
1204.46,0,372.923
1194.83,0,411.618
1196.41,0,451.366
1196.7,0,338.251
220
-1641.5,0,-311.5
1213.02,0,279.699
1204.36,0,306.975
1192,0,317.128
1217.96,0,336.144
1242.69,0,315.838
1215.49,0,307.921
1229.09,0,337.09
1251.34,0,338.984
1203.12,0,368.496
1204.35,0,407.817
1199.4,0,452.216
1214.25,0,369.442
1209.29,0,413.84
1199.4,0,452.216
1206.83,0,335.197
221
-1658.5,0,-314
,,
,,
1206.01,0,317.511
1221.24,0,336.06
1221.24,0,336.06
1206.01,0,317.511
1211.08,0,323.694
,,
1218.24,0,369.576
1220.31,0,409.275
,,
1229.39,0,370.77
1220.31,0,409.275
,,
1226.31,0,342.243
222
-1666.5,0,-314
,,
,,
,,
,,
,,
,,
,,
,,
,,
,,
,,
,,
,,
,,
,,
223
-1670.5,0,-314
,,
,,
,,
,,
,,
,,
,,
,,
,,
,,
,,
,,
,,
,,
,,
224
-1675.5,0,-313.5
,,
,,
,,
,,
,,
,,
,,
,,
,,
,,
,,
,,
,,
,,
,,
225
-1690.5,0,-313
,,
,,
,,
,,
,,
,,
,,
,,
,,
,,
,,
,,
,,
,,
,,
226
-1699.5,0,-315.5
,,
,,
,,
,,
,,
,,
,,
,,
,,
,,
,,
,,
,,
,,
,,
227
-1709.5,0,-316
,,
,,
,,
,,
,,
,,
,,
,,
,,
,,
,,
,,
,,
,,
,,
228
-1723.5,0,-315.5
,,
,,
,,
,,
,,
,,
,,
,,
,,
,,
,,
,,
,,
,,
,,
229
-1730.5,0,-317.5
,,
,,
,,
,,
,,
,,
,,
,,
,,
,,
,,
,,
,,
,,
,,
230
-1741.5,0,-318
,,
,,
,,
,,
,,
,,
,,
,,
,,
,,
,,
,,
,,
,,
,,
231
-1755.5,0,-318.5
,,
,,
,,
,,
,,
,,
,,
,,
,,
,,
,,
,,
,,
,,
,,
232
-1760.5,0,-317.5
,,
,,
,,
,,
,,
,,
,,
,,
,,
,,
,,
,,
,,
,,
,,
233
-1771.5,0,-318.5
,,
,,
,,
,,
,,
,,
,,
,,
,,
,,
,,
,,
,,
,,
,,
234
-1780.5,0,-319
,,
705.443,0,267.977
700.552,0,278.179
,,
,,
693.006,0,280.835
652.618,0,286.566
,,
724.873,0,371.392
733.26,0,419.325
,,
707.124,0,369.156
740.806,0,416.67
,,
706.284,0,318.567
235
-1785.5,0,-320
703.813,0,212.733
704.026,0,263.421
726.37,0,265.421
726.37,0,265.421
679.081,0,233.039
691.66,0,273.574
634.606,0,279.727
655.543,0,242.191
710.634,0,359.72
635.031,0,381.102
,,
715.623,0,365.796
730.802,0,434.713
,,
704.238,0,314.108
236
-1796.5,0,-321
687.449,0,221.146
696.883,0,259.564
711.55,0,265.958
,,
663.357,0,236.374
683.266,0,270.782
637.173,0,276.419
663.357,0,236.374
706.326,0,358.023
631.949,0,368.484
658.151,0,448.518
703.184,0,365.23
729.386,0,445.264
775.487,0,499.667
700.033,0,312.397
237
-1806.5,0,-321
682.943,0,222.633
693.606,0,254.549
707.859,0,261.818
711.449,0,237.172
657.973,0,236.375
679.335,0,264.921
632.986,0,267.759
657.973,0,236.375
704.199,0,357.033
625.753,0,369.977
650.635,0,444.447
697.072,0,353.398
725.508,0,438.506
768.25,0,477.957
693.553,0,307.475
238
-1816.5,0,-324
688.335,0,217.964
692.005,0,250.5
706.697,0,260.472
,,
662.62,0,230.556
683.083,0,257.321
625.882,0,265.711
654.749,0,229.505
694.092,0,354.929
620.098,0,369.089
634.259,0,443.083
686.221,0,353.879
715.074,0,437.845
773.843,0,477.734
692.523,0,306.65
239
-1825.5,0,-323
694.524,0,210.721
689.993,0,245.945
702.724,0,258.324
682.495,0,248.561
659.651,0,231.3
677.614,0,258.675
627.394,0,259.376
652.153,0,233.916
686.515,0,356.498
613.802,0,365.048
629.85,0,435.145
686.515,0,356.498
705.179,0,434.092
765.863,0,463.382
685.813,0,306.278
240
-1834.5,0,-325
687.193,0,193.996
689.826,0,241.924
706.133,0,249.04
711.433,0,200.676
657.212,0,227.692
674.836,0,258.772
627.232,0,261.387
657.212,0,227.692
679.663,0,346.639
608.697,0,358.55
621.019,0,437.994
679.663,0,346.639
700.359,0,433.635
765.148,0,454.111
684.964,0,298.276
241
-1845.5,0,-326
684.147,0,189.762
686.512,0,237.703
702.193,0,236.93
708.457,0,204.582
662.596,0,230.873
671.619,0,254.457
624.576,0,256.778
654.362,0,223.27
683.795,0,341.964
605.785,0,353.821
617.96,0,441.328
675.955,0,342.351
695.971,0,429.47
767.717,0,449.961
681.43,0,294.022
242
-1856.5,0,-327
689.619,0,188.722
690.964,0,236.703
699.185,0,244.475
713.834,0,196.046
658.528,0,221.606
675.195,0,245.148
627.214,0,246.493
658.528,0,221.606
677.885,0,341.11
606.137,0,351.125
616.152,0,422.872
669.888,0,341.334
696.121,0,420.63
768.765,0,442.603
684.537,0,292.905
243
-1864.5,0,-327
680.428,0,183.109
686.106,0,238.15
701.021,0,228.665
704.828,0,188.539
660.895,0,224.858
671.191,0,247.636
631.065,0,243.829
660.083,0,216.995
664.388,0,335.751
601.484,0,342.241
609.596,0,420.871
664.388,0,335.751
689.037,0,420.622
761.427,0,429.048
675.247,0,286.951
244
-1875.5,0,-329
690.099,0,183.225
687.1,0,231.23
703.838,0,237.419
706.838,0,189.415
669.535,0,217.179
672.013,0,240.764
631.406,0,237.082
661.579,0,218.015
673.144,0,328.076
593.582,0,336.436
601.843,0,415.051
665.188,0,328.912
690.187,0,413.716
764.272,0,429.776
676.97,0,287.933
245
-1883.5,0,-329
690.31,0,182.634
681.239,0,231.859
703.866,0,220.612
706.147,0,180.352
662.02,0,210.67
666.53,0,241.965
625.811,0,239.846
662.02,0,210.67
661.967,0,322.487
590.703,0,332.756
601.978,0,410.995
661.967,0,322.487
682.287,0,407.409
758.061,0,428.436
672.167,0,281.085
246
-1891.5,0,-330
690.344,0,182.656
682.513,0,224.571
699.765,0,229.14
707.596,0,187.226
688.774,0,174.909
660.562,0,237.085
627.629,0,235.694
654.281,0,206.096
660.581,0,317.736
590.016,0,332.037
596.306,0,403.351
662.151,0,325.483
677.852,0,402.956
746.857,0,421.233
668.412,0,275.821
247
-1901.5,0,-331
680.015,0,176.174
681.959,0,224.217
692.925,0,238.08
704.844,0,179.071
661.641,0,204.23
660.358,0,236.797
626.178,0,227.775
653.903,0,205.844
651.667,0,311.283
589.761,0,324.193
588.809,0,397.065
661.02,0,317.407
671.033,0,404.142
739.394,0,422.185
668.427,0,275.488
248
-1911.5,0,-333
685.147,0,174.118
677.618,0,223.238
693.107,0,220.584
709.706,0,177.882
658.15,0,202.658
663.457,0,233.635
622.081,0,224.78
650.405,0,203.985
644.42,0,308.641
590.21,0,317.928
585.335,0,382.537
653.491,0,315.059
668.085,0,400.246
735.347,0,420.609
662.346,0,273.684
249
-1919.5,0,-333
673.849,0,172.196
670.394,0,222.388
694.243,0,215.419
704.156,0,160.752
720.526,0,101.61
657.478,0,231.338
624.678,0,225.391
656.968,0,203.014
632.667,0,305.89
586.951,0,308.893
579.531,0,380.951
654.534,0,309.855
660.541,0,401.287
708.75,0,415.675
662.464,0,266.121
250
-1927.5,0,-334
676.252,0,167.441
678.86,0,215.492
696.024,0,219.77
705.417,0,152.833
659.974,0,203.491
657.417,0,228.378
624.809,0,227.542
650.531,0,197.491
642.024,0,304.757
586.251,0,309.086
584.58,0,374.301
651.467,0,310.757
662.681,0,397.416
725.339,0,423.973
666.024,0,266.985
251
-1936.5,0,-333.5
677.978,0,163.868
672.263,0,213.575
691.003,0,225.802
701.204,0,158.984
661.265,0,199.719
658.407,0,224.573
618.071,0,224.971
651.895,0,193.606
642.093,0,300.761
584.644,0,296.674
576.071,0,371.234
651.462,0,306.875
652.259,0,387.549
717.848,0,430.345
666.548,0,263.282
252
-1943.5,0,-334.5
677.82,0,167.352
670.984,0,209.403
689.87,0,221.403
699.263,0,154.466
652.098,0,197.403
658.984,0,228.289
616.934,0,221.453
652.098,0,197.403
634.148,0,298.669
584.376,0,293.554
574.983,0,360.491
653.034,0,310.669
654.806,0,391.327
711.464,0,427.328
659.87,0,268.618
253
-1952.5,0,-335.5
670.262,0,167.093
674.109,0,215.053
689.376,0,211.248
693.161,0,161.385
653.103,0,195.83
658.843,0,218.859
618.764,0,220.696
645.47,0,197.733
637.899,0,297.458
586.36,0,285.846
571.135,0,354.866
647.445,0,303.232
651.314,0,383.799
712.42,0,433.793
660.777,0,259.142
254
-1960.5,0,-337.5
673.913,0,163.682
668.044,0,213.371
685.141,0,217.91
687.803,0,152.727
657.089,0,199.481
654.154,0,224.326
621.563,0,222.995
647.738,0,193.339
635.998,0,292.716
586.31,0,286.846
566.55,0,347.49
654.7,0,305.002
647.499,0,387.282
706.812,0,439.632
662.174,0,263.06
255
-1967.5,0,-337.5
672.461,0,157.322
666.824,0,206.774
683.85,0,211.219
686.233,0,146.369
655.87,0,193.002
653.052,0,217.727
614.554,0,225.862
648.171,0,194.629
636.896,0,293.531
585.818,0,280.194
566.409,0,340.599
646.223,0,299.604
647.094,0,379.853
698.607,0,433.314
661.187,0,256.225
256
-1977.5,0,-337.5
665.193,0,156.402
667.754,0,204.467
677.194,0,210.477
686.654,0,143.533
656.601,0,190.731
655.733,0,223.346
615.393,0,224.192
641.15,0,194.159
647.987,0,298.015
587.054,0,279.115
568.154,0,340.048
647.987,0,298.015
641.955,0,380.409
696.01,0,441.363
656.58,0,263.685
257
-1986.5,0,-339.5
664.936,0,158.08
670.664,0,205.222
679.518,0,212.119
687.679,0,147.343
653.91,0,199.285
655.82,0,214.999
616.323,0,219.798
645.056,0,192.387
649.567,0,295.49
590.453,0,270.78
566.493,0,337.476
657.467,0,294.53
643.315,0,375.98
690.45,0,434.038
660.593,0,254.284
258
-1992.5,0,-340
664.271,0,156.277
668.217,0,203.602
676.805,0,210.828
679.473,0,147.067
651.699,0,197.037
653.015,0,212.812
614.023,0,224.006
643.769,0,197.698
651.662,0,292.349
585.592,0,266.089
567.064,0,331.172
652.32,0,300.236
642.38,0,372.546
687.949,0,440.228
656.961,0,260.137
259
-2001.5,0,-340.5
657.76,0,156.185
669.901,0,203.049
678.566,0,210.277
680.973,0,146.162
653.267,0,196.519
654.658,0,212.373
615.506,0,223.795
637.328,0,197.917
653.64,0,292.343
587.104,0,266.226
568.758,0,331.739
654.335,0,300.27
645.349,0,380.938
682.788,0,441.558
658.829,0,259.936
260
-2011.5,0,-340.5
654.138,0,157.837
663.343,0,205.607
671.472,0,213.391
677.664,0,149.201
639.602,0,206.246
655.645,0,213.817
616.506,0,230.877
639.387,0,198.249
657.798,0,293.788
585.712,0,263.717
563.694,0,328.333
650.099,0,301.998
644.339,0,382.182
677.501,0,437.31
656.937,0,261.8
261
-2019.5,0,-339.5
653.811,0,158.963
661.876,0,206.952
677.887,0,214.931
677.952,0,262.931
645.865,0,198.974
653.887,0,214.963
613.908,0,231.017
637.865,0,198.985
669.995,0,294.941
589.952,0,263.049
566.038,0,327.081
653.995,0,294.963
646.103,0,374.974
678.189,0,438.93
661.941,0,254.952
262
-2029.5,0,-340.5
652.889,0,155.323
657.979,0,203.204
673.866,0,204.16
675.767,0,172.558
634.15,0,201.77
649.085,0,218.528
608.419,0,231.939
634.15,0,201.77
660.693,0,290.589
590.631,0,262.585
562.999,0,324.356
652.274,0,298.012
647.52,0,377.018
675.964,0,434.234
663.07,0,251.086
263
-2037.5,0,-342.5
643.402,0,157.359
657.999,0,205.241
673.823,0,205.651
659.431,0,149.856
634.262,0,204.628
649.677,0,220.861
609.707,0,235.663
626.555,0,196.511
655.748,0,292.276
593.268,0,258.99
567.894,0,321.674
655.543,0,300.188
645.789,0,371.194
667.889,0,435.106
656.771,0,252.715
264
-2047.5,0,-342.5
639.921,0,164.809
660.098,0,206.316
675.172,0,215.59
657.08,0,150.431
627.866,0,211.42
642.939,0,220.694
609.317,0,241.567
619.982,0,210.725
660.337,0,293.738
591.463,0,263.83
562.249,0,324.819
651.757,0,300.928
653.386,0,372.582
671.478,0,437.741
655.928,0,253.622
265
-2054.5,0,-343.5
643.443,0,161.908
654.377,0,203.105
669.134,0,212.874
651.508,0,226.676
621.993,0,207.138
644.607,0,217.863
609.355,0,245.466
621.993,0,207.138
659.574,0,291.444
590.773,0,267.125
567.411,0,328.068
658.618,0,299.3
650.013,0,370.013
664.979,0,443.594
655.541,0,259.06
266
-2061.5,0,-344
636.75,0,161.769
647.803,0,202.697
662.523,0,212.35
645.486,0,154.867
623.43,0,207.765
638.15,0,217.417
611.026,0,245.941
623.43,0,207.765
661.172,0,291.454
652.003,0,369.642
569.664,0,328.28
660.255,0,299.273
652.003,0,369.642
660.304,0,434.026
657.022,0,259.262
267
-2071.5,0,-343
631.392,0,165.608
647.689,0,208.521
663.186,0,211.301
634.172,0,150.111
616.694,0,202.961
637.16,0,222.628
608.355,0,249.453
615.304,0,210.71
657.036,0,290.177
588.687,0,269.919
569.819,0,330.519
663.394,0,299.316
652.275,0,361.305
656.653,0,426.075
656.236,0,250.044
268
-2079.5,0,-344
630.13,0,170.324
646.405,0,206.387
661.851,0,209.835
633.578,0,154.878
613.028,0,101.645
642.957,0,221.833
611.17,0,255.277
612.065,0,214.939
658.336,0,298.235
592.276,0,267.276
569.04,0,335.06
666.059,0,299.959
650.546,0,369.466
644.479,0,432.974
659.231,0,257.897
269
-2087.5,0,-345
621.764,0,171.485
644.845,0,209.873
652.529,0,211.787
625.59,0,156.117
612.197,0,209.903
641.018,0,225.241
608.4,0,257.919
610.283,0,217.587
664.129,0,296.277
589.206,0,269.46
573.898,0,330.929
664.129,0,296.277
646.909,0,365.431
646.969,0,430.727
658.329,0,254.032
270
-2094.5,0,-345
615.885,0,167.996
643.475,0,211.157
653.622,0,206.153
613.454,0,150.274
590.867,0,117.261
638.332,0,226.307
610.322,0,259.041
605.459,0,223.596
665.782,0,294.765
587.456,0,276.623
574.457,0,339.798
663.21,0,302.341
650.211,0,365.515
647.359,0,423.686
653.342,0,256.749
271
-2103.5,0,-346
615.376,0,169.946
644.19,0,206.023
651.611,0,208.786
640.559,0,238.469
584.666,0,116.265
638.664,0,220.865
614.666,0,262.626
597.93,0,239.496
653.664,0,294.045
591.536,0,279.362
574.09,0,348.911
668.506,0,299.571
646.402,0,358.936
639.14,0,423.828
649.875,0,258.836
272
-2110.5,0,-346
613.284,0,170.694
640.069,0,214.359
647.595,0,217.071
605.758,0,167.983
578.974,0,124.318
634.645,0,229.412
613.56,0,264.332
599.116,0,233.617
653.294,0,295.655
590.372,0,281.487
581.018,0,354.648
668.347,0,301.079
646.653,0,361.29
632.485,0,424.212
656.615,0,262.838
273
-2117.5,0,-348
613.451,0,170.686
632.086,0,211.429
646.93,0,216.956
598.606,0,165.159
562.364,0,126.311
633.981,0,229.037
609.978,0,270.807
596.001,0,240.25
661.933,0,290.151
589.606,0,280.124
579.579,0,352.451
666.592,0,300.337
644.484,0,359.715
622.375,0,419.093
647.957,0,259.594
274
-2127.5,0,-347
611.248,0,173.37
628.79,0,215.086
643.605,0,221.13
593.411,0,174.734
558.032,0,134.381
630.154,0,232.923
615.046,0,269.96
588.438,0,250.465
656.468,0,295.497
591.166,0,286.138
578.785,0,358.848
663.875,0,298.519
639.702,0,357.778
622.935,0,420.059
653.74,0,259.825
275
-2133.5,0,-349
609.857,0,171.153
627.746,0,212.471
642.548,0,218.328
589.199,0,180.098
550.651,0,147.725
629.29,0,230.201
611.719,0,274.606
587.973,0,248.09
648.723,0,289.249
588.132,0,290.951
586.906,0,358.943
660.596,0,302.506
637.168,0,361.713
613.74,0,420.92
642.707,0,261.189
276
-2140.5,0,-348.5
604.157,0,175.923
623.254,0,216.431
645.606,0,224.46
583.903,0,185.472
552.003,0,157.189
625.352,0,234.008
611.97,0,271.261
584.844,0,253.105
653.997,0,294.77
586.364,0,295.711
587.305,0,363.344
661.448,0,297.446
629.91,0,361.825
601.049,0,418.753
647.125,0,267.065
277
-2147.5,0,-347.5
595.204,0,174.11
621.542,0,211.705
639.909,0,228.51
581.604,0,185.286
541.666,0,158.867
629.514,0,232.495
610.285,0,275.638
584.728,0,255.629
656.633,0,287.677
586.29,0,290.8
579.019,0,365.129
660.619,0,298.072
631.776,0,362.786
598.947,0,417.105
641.471,0,263.681
278
-2153.5,0,-348.5
602.134,0,180.552
618.78,0,216.205
632.663,0,223.619
584.071,0,197.67
542.42,0,175.428
625.249,0,237.503
606.714,0,272.212
582.182,0,268.032
659.014,0,291.219
584.945,0,296.272
586.763,0,359.692
655.307,0,298.161
625.651,0,353.695
595.995,0,409.229
638.661,0,262.507
279
-2161.5,0,-350.5
594.394,0,185.577
620.003,0,224.567
609.064,0,210.413
576.765,0,203.722
533.528,0,182.877
623.735,0,235.248
610.096,0,281.959
577.797,0,275.269
656.808,0,295.598
581.787,0,303.836
586.293,0,368.176
653.334,0,302.804
625.54,0,360.454
587.066,0,421.836
642.137,0,270.763
280
-2167.5,0,-351.5
592.455,0,191.778
620.202,0,224.734
634.316,0,232.27
570.324,0,216.237
527.983,0,193.626
619.722,0,242.616
607.937,0,281.668
572.173,0,280.708
643.221,0,300.51
578.749,0,302.359
580.598,0,366.83
650.278,0,304.279
620.13,0,360.734
579.158,0,420.477
640.413,0,271.803
281
-2174.5,0,-351.5
590.254,0,186.168
615.342,0,224.728
629.53,0,231.692
565.858,0,217.937
523.294,0,197.045
615.516,0,242.31
605.307,0,281.043
577.104,0,284.698
640.777,0,298.453
584.371,0,305.762
581.43,0,365.559
654.965,0,305.417
620.187,0,358.336
574.855,0,414.824
636.97,0,270.338
282
-2180.5,0,-352.5
585.656,0,194.416
613.799,0,225.96
627.854,0,232.955
564.637,0,219.029
522.503,0,215.596
613.831,0,243.513
599.873,0,289.177
571.794,0,292.739
638.509,0,299.637
582.352,0,306.762
575.454,0,373.477
652.565,0,306.633
607.03,0,362.887
572.021,0,415.611
634.947,0,271.559
283
-2187.5,0,-353.5
580.745,0,194.808
607.537,0,227.48
621.282,0,235.05
561.818,0,229.171
519.884,0,223.989
613.712,0,248.796
601.658,0,286.944
569.684,0,296.206
646.679,0,302.784
601.952,0,367.725
575.455,0,415.833
642.893,0,309.656
579.643,0,310.649
569.978,0,376.987
626.759,0,273.897
284
-2194.5,0,-354.5
582.805,0,197.434
605.374,0,237.907
612.264,0,241.867
559.041,0,238.775
587.633,0,236.876
608.304,0,248.758
598.321,0,298.02
565.768,0,306.809
629.842,0,306.972
575.588,0,321.62
561.645,0,377.772
643.622,0,314.893
605.048,0,366.054
566.473,0,417.215
621.053,0,274.42
285
-2199.5,0,-354.5
580.897,0,201.623
599.305,0,236.94
613.659,0,243.761
560.297,0,244.978
517.546,0,242.379
610.226,0,250.986
596.803,0,297.751
572.149,0,312.609
632.688,0,314.802
575.893,0,323.245
559.038,0,377.236
639.865,0,318.212
598.045,0,369.198
556.225,0,420.185
621.457,0,282.894
286
-2206.5,0,-355.5
577.408,0,199.804
599.151,0,245.569
592.042,0,242.142
553.255,0,249.908
507.358,0,254.246
602.81,0,256.154
592.667,0,295.369
564.647,0,317.146
628.212,0,312.504
575.415,0,331.158
554.921,0,391.846
635.321,0,315.931
593.5,0,366.339
551.678,0,416.746
617.236,0,280.75
287
-2212.5,0,-355.5
572.951,0,211.416
591.165,0,246.641
598.293,0,250.027
548.92,0,261.997
513.54,0,262.903
601.989,0,260.64
591.951,0,300.156
560.529,0,329.512
624.16,0,324.316
571.353,0,343.512
550.754,0,386.867
631.288,0,327.702
589.567,0,378.736
544.15,0,419.158
613.074,0,292.478
288
-2221.5,0,-355.5
575.517,0,211.501
593.781,0,246.462
608.017,0,253.267
548.301,0,268.442
509.624,0,276.187
597.497,0,256.982
591.32,0,306.492
570.594,0,331.561
619.79,0,320.1
563.79,0,345.796
547.093,0,399.021
626.908,0,323.502
582.054,0,380.757
544.005,0,423.776
615.761,0,291.943
289
-2222.5,0,-353.5
567.008,0,212.612
583.227,0,254.525
583.227,0,254.525
548.783,0,274.467
507.101,0,291.271
594.52,0,268.142
585.843,0,307.978
562.691,0,341.537
611.611,0,327.872
559.508,0,348.877
537.228,0,400.254
626.086,0,334.15
582.093,0,376.111
534.917,0,425.411
606.684,0,299.576
290
-2236.5,0,-354
574.32,0,215.628
583.649,0,254.16
580.485,0,261.387
553.172,0,283.876
511.202,0,299.947
595.142,0,267.804
590.814,0,317.581
570.829,0,343.278
612.799,0,327.207
564.501,0,357.731
535.024,0,405.109
627.455,0,333.624
580.157,0,381.811
532.86,0,429.997
607.634,0,299.11
291
-2237.5,0,-353
571.287,0,219.522
581.572,0,257.602
578.648,0,264.929
542.048,0,292.792
511.295,0,306.001
593.302,0,270.776
590.413,0,320.586
568.467,0,354.298
609.47,0,336.685
555.292,0,366.028
530.421,0,407.066
616.797,0,339.609
571.425,0,389.454
528.977,0,431.971
596.261,0,305.932
292
-2240.5,0,-351.5
566.965,0,222.53
578.638,0,260.581
580.755,0,278.294
547.791,0,300.598
507.387,0,320.278
590.856,0,273.374
579.666,0,328.809
569.02,0,358.986
599.323,0,344.226
553.597,0,378.995
530.189,0,421.636
606.763,0,346.851
563.153,0,399.332
522.205,0,444.269
595.09,0,308.8
293
-2250.5,0,-350.5
565.213,0,234.527
579.139,0,271.728
584.527,0,281.588
550.478,0,312.997
513.277,0,326.923
584.527,0,281.588
586.358,0,331.799
575.179,0,369.916
597.133,0,351.518
555.461,0,380.691
524.563,0,429.582
604.757,0,353.754
558.612,0,398.173
517.855,0,452.452
590.83,0,316.553
294
-2254,0,-349
557.097,0,239.092
580.776,0,271.33
593.774,0,283.621
549.246,0,320.298
509.351,0,341.661
583.801,0,288.961
585.216,0,339.538
573.633,0,377.824
595.897,0,359.486
551.368,0,396.163
522.154,0,437.473
595.897,0,359.486
556.709,0,406.137
522.862,0,462.762
589.849,0,324.224
295
-2260.5,0,-348
557.447,0,244.144
580.543,0,276.802
593.318,0,289.325
586.209,0,337.465
571.485,0,383.151
575.635,0,292.031
548.137,0,325.195
515.478,0,348.291
594.076,0,365.216
546.441,0,408.7
516.489,0,449.479
594.076,0,365.216
554.055,0,411.154
519.195,0,467.161
588.663,0,329.85
296
-2263.5,0,-349
562.544,0,244.71
576.064,0,281.781
581.332,0,291.62
552.513,0,332.372
520.711,0,355.731
571.493,0,296.888
582.728,0,341.513
569.017,0,386.836
590.98,0,368.745
547.053,0,404.926
515.949,0,453.232
590.98,0,368.745
544.768,0,412.48
528.771,0,465.357
585.013,0,333.959
297
-2272.5,0,-349
555.366,0,252.162
571.388,0,288.221
577.317,0,297.677
551.351,0,340.304
521.22,0,365.783
577.317,0,297.677
574.428,0,345.595
571.539,0,393.512
576.83,0,370.435
541.408,0,418.991
515.442,0,461.618
584.522,0,372.199
541.408,0,418.991
529.063,0,472.837
583.884,0,339.666
298
-2276,0,-350
554.258,0,262.5
567.645,0,301.011
584.389,0,306.734
567.631,0,357.564
521.856,0,372.083
568.759,0,308.933
576.561,0,364.387
566.503,0,406.196
577.675,0,372.309
543.058,0,409.494
540.816,0,450.203
578.79,0,380.231
536.358,0,418.515
527.415,0,468.246
573.217,0,340.621
299
-2282.5,0,-350
552.946,0,264.483
569.597,0,300.241
583.409,0,311.213
558.211,0,354.276
528.546,0,380.274
567.971,0,307.96
573.649,0,357.53
571.609,0,405.472
576.489,0,382.314
541.944,0,431.47
541.53,0,471.693
576.489,0,382.314
534.224,0,429.843
524.464,0,476.159
576.903,0,342.091
300
-2284.5,0,-351
548.85,0,272.986
567.748,0,300.896
581.892,0,311.767
563.228,0,364.351
535.056,0,382.857
572.501,0,317.935
578.918,0,367.486
571.189,0,406.166
567.981,0,381.39
541.472,0,432.408
533.744,0,471.088
567.981,0,381.39
541.472,0,432.408
524.353,0,477.256
574.164,0,350.447
301
-2294,0,-349.5
549.905,0,266.867
567.681,0,302.267
580.451,0,320.651
564.403,0,366.213
536.964,0,385.567
564.92,0,317.91
573.549,0,359.761
573.032,0,408.064
560.261,0,389.679
535.067,0,441.692
520.399,0,479.431
558.881,0,397.501
535.067,0,441.692
528.165,0,480.802
565.783,0,358.391
302
-2298,0,-349.5
553.089,0,273.39
566.512,0,306.277
581.748,0,315.405
561.679,0,369.636
543.423,0,400.107
565.304,0,322.117
578.123,0,362.924
574.498,0,410.443
560.471,0,385.476
532.483,0,439.102
529.462,0,478.702
560.471,0,385.476
532.483,0,439.102
528.858,0,486.621
570.807,0,354.4
303
-2301,0,-350
546.827,0,272.252
568.516,0,305.521
575.398,0,321.895
572.788,0,361.523
554.849,0,392.182
567.472,0,321.373
572.788,0,361.523
577.582,0,409.599
554.849,0,392.182
535.343,0,446.618
532.733,0,486.246
554.849,0,392.182
535.343,0,446.618
532.211,0,494.172
564.862,0,361.001
304
-2301,0,-351
550.358,0,271.37
563.69,0,311.794
579.128,0,320.733
568.514,0,359.556
565.881,0,398.912
571.146,0,320.199
576.496,0,360.09
573.337,0,407.318
558.426,0,390.507
530.794,0,444.005
528.162,0,483.361
558.426,0,390.507
530.794,0,444.005
535.617,0,491.766
568.514,0,359.556
305
-2308,0,-351
547.416,0,270.344
560.493,0,310.765
575.702,0,319.701
573.57,0,351.185
563.034,0,390.006
567.831,0,319.168
573.037,0,359.056
578.243,0,398.943
563.034,0,390.006
543.562,0,444.036
540.897,0,483.391
555.163,0,389.473
527.82,0,442.97
532.493,0,490.728
565.699,0,350.652
306
-2316,0,-351.5
551.809,0,271.114
564.528,0,304.288
570.887,0,320.875
583.606,0,354.049
571.831,0,392.809
562.98,0,320.102
574.925,0,361.182
578.964,0,401.489
564.698,0,384.129
542.695,0,445.835
546.734,0,486.142
556.017,0,391.262
526.882,0,444.288
538.827,0,485.368
567.792,0,352.502
307
-2318,0,-351.5
550.065,0,267.264
562.915,0,307.756
578.074,0,316.778
590.925,0,357.271
572.305,0,395.456
562.339,0,315.624
575.189,0,356.117
572.305,0,395.456
565.014,0,387.011
544.663,0,448.799
550.223,0,480.847
557.146,0,386.434
521.637,0,439.201
534.487,0,479.693
567.899,0,347.672
308
-2321.5,0,-352.5
552.713,0,269.599
565.707,0,302.933
580.905,0,312.368
592.43,0,361.635
581.525,0,392.765
564.238,0,318.866
577.232,0,352.2
573.559,0,392.031
573.559,0,392.031
552.485,0,446.325
556.778,0,486.89
557.627,0,390.561
521.354,0,435.42
541.58,0,477.455
569.266,0,351.465
309
-2330,0,-353.5
553.881,0,263.199
565.419,0,304.085
572.434,0,312.761
591.818,0,354.477
572.807,0,384.197
564.589,0,311.93
576.958,0,344.971
571.976,0,392.042
565.792,0,375.521
559.149,0,438.282
562.013,0,486.183
557.947,0,374.691
520.754,0,426.285
547.153,0,476.677
569.113,0,344.141
310
-2333,0,-352.5
550.286,0,263.348
563.761,0,296.168
570.498,0,312.578
591.842,0,345.961
573.276,0,384.459
562.629,0,312.017
576.104,0,344.837
573.276,0,384.459
565.973,0,375.973
561.447,0,439.367
558.053,0,486.913
558.104,0,375.411
522.669,0,428.634
542.881,0,477.865
568.236,0,344.276
311
-2335,0,-353.5
549.743,0,264.555
562.239,0,297.813
577.215,0,307.368
597.613,0,341.453
576.851,0,387.207
561.413,0,305.714
573.083,0,346.874
576.851,0,387.207
569.776,0,378.48
563.163,0,441.69
566.932,0,482.023
561.875,0,377.653
526.137,0,413.853
544.881,0,463.741
565.181,0,346.048
312
-2338,0,-354.5
550.191,0,257.574
561.465,0,291.267
567.102,0,308.113
601.973,0,345.149
589.65,0,375.498
567.102,0,308.113
578.376,0,341.805
572.803,0,381.135
573.918,0,373.269
565.002,0,436.196
568.41,0,468.774
558.186,0,371.04
521.15,0,405.912
553.793,0,458.679
570.51,0,340.691
313
-2344,0,-353.5
554.922,0,254.447
565.142,0,295.682
571.874,0,304.579
598.805,0,340.163
594.478,0,371.42
564.06,0,303.497
575.362,0,336.918
577.767,0,377.071
571.035,0,368.175
562.381,0,430.69
571.519,0,479.74
563.22,0,367.094
526.554,0,401.838
552.403,0,445.237
567.547,0,335.836
314
-2346,0,-354.5
550.345,0,253.999
562.736,0,287.297
577.681,0,296.899
597.118,0,338.948
593.711,0,370.542
568.931,0,303.946
573.422,0,336.392
577.062,0,376.738
570.867,0,360.088
571.1,0,432.028
546.552,0,437.371
562.116,0,367.135
527.115,0,395.323
553.599,0,446.122
565.524,0,335.541
315
-2352.5,0,-354.5
554.441,0,253.134
565.674,0,286.672
580.354,0,296.805
599.501,0,331.508
594.904,0,362.714
564.524,0,294.473
574.608,0,335.812
577.925,0,368.184
571.16,0,359.217
568.732,0,430.597
551.754,0,436.066
563.245,0,358.051
525.841,0,392.395
551.754,0,436.066
567.842,0,326.845
316
-2355.5,0,-355.5
556.242,0,250.23
568.192,0,283.664
575.121,0,292.5
602.835,0,327.841
598.068,0,367.251
567.239,0,291.546
578.235,0,332.863
573.468,0,372.273
575.375,0,356.509
574.676,0,428.4
575.884,0,484.527
559.611,0,354.602
523.316,0,390.198
550.077,0,433.421
571.307,0,324.028
317
-2357.5,0,-355.5
547.265,0,248.573
564.393,0,284.952
573.942,0,290.712
598.725,0,325.196
592.889,0,367.259
558.633,0,294.501
573.867,0,323.225
568.031,0,365.288
566.136,0,357.634
567.879,0,430.315
550.675,0,426.45
558.481,0,359.528
523.997,0,384.311
548.78,0,418.795
566.212,0,325.12
318
-2360,0,-357.5
550.549,0,251.139
564.816,0,280.07
575.772,0,293.707
599.34,0,328.63
589.012,0,354.879
558.824,0,289.371
574.746,0,325.948
560.082,0,369.146
556.772,0,353.853
529.496,0,375.766
514.831,0,418.963
573.719,0,358.189
571.667,0,422.671
575.606,0,477.851
567.099,0,327.603
319
-2364.5,0,-356.5
549.093,0,244.029
568.483,0,278.597
575.312,0,287.517
602.625,0,323.195
598.248,0,354.433
567.389,0,286.407
577.763,0,327.674
564.369,0,365.611
566.557,0,349.992
530.49,0,376.789
514.907,0,430.345
581.308,0,360.022
581.571,0,415.798
589.756,0,472.684
570.934,0,318.754
320
-2367.5,0,-356.5
552.271,0,244.771
562.462,0,271.475
576.123,0,282.674
599.976,0,320.577
600.733,0,353.31
566.69,0,288.703
575.145,0,323.16
566.469,0,361.923
562.241,0,344.695
532.205,0,370.536
523.529,0,409.299
575.903,0,355.894
579.153,0,413.608
590.101,0,473.046
567.447,0,321.437
321
-2371,0,-356.5
559.233,0,239.817
568.562,0,272.451
582.549,0,280.219
605.866,0,320.621
597.323,0,352.481
564.678,0,279.445
570.122,0,319.072
564.689,0,361.81
586.445,0,355.591
580.237,0,416.2
588.792,0,466.705
575.567,0,358.7
580.237,0,416.2
595.786,0,470.589
577.116,0,322.957
322
-2375,0,-355
553.726,0,243.1
571.365,0,278.699
586.99,0,281.599
604.628,0,317.199
598.829,0,348.449
562.102,0,285.062
571.928,0,319.212
564.679,0,358.275
581.754,0,353.362
579.418,0,409.499
592.707,0,468.537
573.941,0,351.912
579.418,0,409.499
592.707,0,468.537
571.928,0,319.212
323
-2377,0,-356
561.221,0,269.478
570.439,0,284.809
581.481,0,282.344
606.669,0,317.295
596.267,0,348.597
570.439,0,284.809
566.79,0,320.399
563.141,0,355.99
585.225,0,351.061
582.216,0,415.489
592.073,0,459.657
567.429,0,349.236
539.872,0,407.551
598.826,0,463.946
577.832,0,317.935
324
-2380.5,0,-355
567.497,0,269.06
584.137,0,288.069
588.154,0,281.28
603.646,0,317.941
598.482,0,342.384
566.35,0,286.713
568.071,0,315.229
554.875,0,353.251
587.581,0,345.101
587.007,0,408.922
594.467,0,459.164
569.793,0,343.745
587.007,0,408.922
601.352,0,463.237
574.957,0,319.302
325
-2384.5,0,-355
549.54,0,281.349
578.154,0,278.913
578.154,0,278.913
605.813,0,311.833
597.823,0,343.379
567.364,0,282.036
566.408,0,317.392
565.93,0,335.07
587.032,0,346.502
588.876,0,410.28
598.233,0,460.19
569.208,0,345.814
585.598,0,399.535
601.989,0,453.257
577.198,0,314.269
326
-2386.5,0,-355
,,
,,
,,
,,
,,
578.085,0,301.426
,,
,,
583.86,0,347.358
,,
,,
576.596,0,344.155
586.432,0,400.555
603.532,0,460.159
571.678,0,315.954
327
-2389.5,0,-355
,,
,,
581.48,0,281.394
600.927,0,316.001
591.316,0,337.794
582.337,0,299.126
600.927,0,316.001
,,
588.113,0,345.059
587.481,0,405.52
600.52,0,454.656
580.848,0,341.855
580.216,0,402.316
600.52,0,454.656
572.727,0,320.919
328
-2391.5,0,-355
,,
,,
,,
599.131,0,312.276
586.504,0,340.909
,,
599.131,0,312.276
,,
583.347,0,348.068
586.199,0,400.629
,,
586.504,0,340.909
586.199,0,400.629
606.737,0,452.438
,,
329
-2394.5,0,-355
551.543,0,236.609
563.866,0,267.695
578.395,0,274.102
597.982,0,308.391
585.354,0,337.025
557.552,0,282.011
558.503,0,299.532
563.561,0,327.414
574.933,0,340.979
526.935,0,371.115
537.051,0,426.88
567.669,0,337.776
581.893,0,403.902
605.588,0,448.554
569.875,0,313.097
