data/BP_videos/6.MOV
0
,,
,,
,,
,,
,,
,,
,,
,,
,,
,,
,,
,,
,,
,,
,,
,,
1
,,
,,
,,
,,
,,
,,
,,
,,
,,
,,
,,
,,
,,
,,
,,
,,
2
,,
,,
,,
,,
,,
,,
,,
,,
,,
,,
,,
,,
,,
,,
,,
,,
3
,,
,,
,,
,,
,,
,,
,,
,,
,,
,,
,,
,,
,,
,,
,,
,,
4
,,
,,
,,
,,
,,
,,
,,
,,
,,
,,
,,
,,
,,
,,
,,
,,
5
,,
,,
,,
,,
,,
,,
,,
,,
,,
,,
,,
,,
,,
,,
,,
,,
6
,,
,,
,,
,,
,,
,,
,,
,,
,,
,,
,,
,,
,,
,,
,,
,,
7
,,
,,
,,
,,
,,
,,
,,
,,
,,
,,
,,
,,
,,
,,
,,
,,
8
,,
,,
,,
,,
,,
,,
,,
,,
,,
,,
,,
,,
,,
,,
,,
,,
9
,,
,,
,,
,,
,,
,,
,,
,,
,,
,,
,,
,,
,,
,,
,,
,,
10
,,
,,
,,
,,
,,
,,
,,
,,
,,
,,
,,
,,
,,
,,
,,
,,
11
,,
,,
,,
,,
,,
,,
,,
,,
,,
,,
,,
,,
,,
,,
,,
,,
12
,,
,,
,,
,,
,,
,,
,,
,,
,,
,,
,,
,,
,,
,,
,,
,,
13
,,
,,
,,
,,
,,
,,
,,
,,
,,
,,
,,
,,
,,
,,
,,
,,
14
,,
,,
,,
,,
,,
,,
,,
,,
,,
,,
,,
,,
,,
,,
,,
,,
15
,,
,,
,,
,,
,,
,,
,,
,,
,,
,,
,,
,,
,,
,,
,,
,,
16
,,
,,
,,
,,
,,
,,
,,
,,
,,
,,
,,
,,
,,
,,
,,
,,
17
,,
,,
,,
,,
,,
,,
,,
,,
,,
,,
,,
,,
,,
,,
,,
,,
18
,,
,,
,,
,,
,,
,,
,,
,,
,,
,,
,,
,,
,,
,,
,,
,,
19
,,
,,
,,
,,
,,
,,
,,
,,
,,
,,
,,
,,
,,
,,
,,
,,
20
,,
,,
,,
,,
,,
,,
,,
,,
,,
,,
,,
,,
,,
,,
,,
,,
21
,,
,,
,,
,,
,,
,,
,,
,,
,,
,,
,,
,,
,,
,,
,,
,,
22
,,
,,
,,
,,
,,
,,
,,
,,
,,
,,
,,
,,
,,
,,
,,
,,
23
,,
,,
,,
,,
,,
,,
,,
,,
,,
,,
,,
,,
,,
,,
,,
,,
24
,,
,,
,,
,,
,,
,,
,,
,,
,,
,,
,,
,,
,,
,,
,,
,,
25
,,
,,
,,
,,
,,
,,
,,
,,
,,
,,
,,
,,
,,
,,
,,
,,
26
,,
,,
,,
,,
,,
,,
,,
,,
,,
,,
,,
,,
,,
,,
,,
,,
27
,,
,,
,,
,,
,,
,,
,,
,,
,,
,,
,,
,,
,,
,,
,,
,,
28
,,
,,
,,
,,
,,
,,
,,
,,
,,
,,
,,
,,
,,
,,
,,
,,
29
,,
,,
,,
,,
,,
,,
,,
,,
,,
,,
,,
,,
,,
,,
,,
,,
30
,,
,,
,,
,,
,,
,,
,,
,,
,,
,,
,,
,,
,,
,,
,,
,,
31
,,
,,
,,
,,
,,
,,
,,
,,
,,
,,
,,
,,
,,
,,
,,
,,
32
,,
,,
,,
,,
,,
,,
,,
,,
,,
,,
,,
,,
,,
,,
,,
,,
33
,,
,,
,,
,,
,,
,,
,,
,,
,,
,,
,,
,,
,,
,,
,,
,,
34
,,
,,
,,
,,
,,
,,
,,
,,
,,
,,
,,
,,
,,
,,
,,
,,
35
,,
,,
,,
,,
,,
,,
,,
,,
,,
,,
,,
,,
,,
,,
,,
,,
36
,,
,,
,,
,,
,,
,,
,,
,,
,,
,,
,,
,,
,,
,,
,,
,,
37
,,
,,
,,
,,
,,
,,
,,
,,
,,
,,
,,
,,
,,
,,
,,
,,
38
,,
,,
,,
,,
,,
,,
,,
,,
,,
,,
,,
,,
,,
,,
,,
,,
39
,,
,,
,,
,,
,,
,,
,,
,,
,,
,,
,,
,,
,,
,,
,,
,,
40
,,
,,
,,
,,
,,
,,
,,
,,
,,
,,
,,
,,
,,
,,
,,
,,
41
,,
,,
,,
,,
,,
,,
,,
,,
,,
,,
,,
,,
,,
,,
,,
,,
42
,,
,,
,,
,,
,,
,,
,,
,,
,,
,,
,,
,,
,,
,,
,,
,,
43
,,
,,
,,
,,
,,
,,
,,
,,
,,
,,
,,
,,
,,
,,
,,
,,
44
,,
,,
,,
,,
,,
,,
,,
,,
,,
,,
,,
,,
,,
,,
,,
,,
45
,,
,,
,,
,,
,,
,,
,,
,,
,,
,,
,,
,,
,,
,,
,,
,,
46
,,
,,
,,
,,
,,
,,
,,
,,
,,
,,
,,
,,
,,
,,
,,
,,
47
,,
,,
,,
,,
,,
,,
,,
,,
,,
,,
,,
,,
,,
,,
,,
,,
48
,,
,,
,,
,,
,,
,,
,,
,,
,,
,,
,,
,,
,,
,,
,,
,,
49
,,
,,
,,
,,
,,
,,
,,
,,
,,
,,
,,
,,
,,
,,
,,
,,
50
,,
,,
,,
,,
,,
,,
,,
,,
,,
,,
,,
,,
,,
,,
,,
,,
51
,,
,,
,,
,,
,,
,,
,,
,,
,,
,,
,,
,,
,,
,,
,,
,,
52
,,
,,
,,
,,
,,
,,
,,
,,
,,
,,
,,
,,
,,
,,
,,
,,
53
,,
,,
,,
,,
,,
,,
,,
,,
,,
,,
,,
,,
,,
,,
,,
,,
54
,,
,,
,,
,,
,,
,,
,,
,,
,,
,,
,,
,,
,,
,,
,,
,,
55
,,
,,
,,
,,
,,
,,
,,
,,
,,
,,
,,
,,
,,
,,
,,
,,
56
,,
,,
,,
,,
,,
,,
,,
,,
,,
,,
,,
,,
,,
,,
,,
,,
57
,,
,,
,,
,,
,,
,,
,,
,,
,,
,,
,,
,,
,,
,,
,,
,,
58
,,
,,
,,
,,
,,
,,
,,
,,
,,
,,
,,
,,
,,
,,
,,
,,
59
,,
,,
,,
,,
,,
,,
,,
,,
,,
,,
,,
,,
,,
,,
,,
,,
60
,,
,,
,,
,,
,,
,,
,,
,,
,,
,,
,,
,,
,,
,,
,,
,,
61
,,
,,
,,
,,
,,
,,
,,
,,
,,
,,
,,
,,
,,
,,
,,
,,
62
,,
,,
,,
,,
,,
,,
,,
,,
,,
,,
,,
,,
,,
,,
,,
,,
63
,,
,,
,,
,,
,,
,,
,,
,,
,,
,,
,,
,,
,,
,,
,,
,,
64
,,
,,
,,
,,
,,
,,
,,
,,
,,
,,
,,
,,
,,
,,
,,
,,
65
,,
,,
,,
,,
,,
,,
,,
,,
,,
,,
,,
,,
,,
,,
,,
,,
66
,,
,,
,,
,,
,,
,,
,,
,,
,,
,,
,,
,,
,,
,,
,,
,,
67
,,
,,
,,
,,
,,
,,
,,
,,
,,
,,
,,
,,
,,
,,
,,
,,
68
,,
,,
,,
,,
,,
,,
,,
,,
,,
,,
,,
,,
,,
,,
,,
,,
69
,,
,,
,,
,,
,,
,,
,,
,,
,,
,,
,,
,,
,,
,,
,,
,,
70
,,
,,
,,
,,
,,
,,
,,
,,
,,
,,
,,
,,
,,
,,
,,
,,
71
,,
,,
,,
,,
,,
,,
,,
,,
,,
,,
,,
,,
,,
,,
,,
,,
72
,,
,,
,,
,,
,,
,,
,,
,,
,,
,,
,,
,,
,,
,,
,,
,,
73
,,
,,
,,
,,
,,
,,
,,
,,
,,
,,
,,
,,
,,
,,
,,
,,
74
,,
,,
,,
,,
,,
,,
,,
,,
,,
,,
,,
,,
,,
,,
,,
,,
75
,,
,,
,,
,,
,,
,,
,,
,,
,,
,,
,,
,,
,,
,,
,,
,,
76
,,
,,
,,
,,
,,
,,
,,
,,
,,
,,
,,
,,
,,
,,
,,
,,
77
,,
,,
,,
,,
,,
,,
,,
,,
,,
,,
,,
,,
,,
,,
,,
,,
78
,,
,,
,,
,,
,,
,,
,,
,,
,,
,,
,,
,,
,,
,,
,,
,,
79
,,
,,
,,
,,
,,
,,
,,
,,
,,
,,
,,
,,
,,
,,
,,
,,
80
,,
,,
,,
,,
,,
,,
,,
,,
,,
,,
,,
,,
,,
,,
,,
,,
81
,,
,,
,,
,,
,,
,,
,,
,,
,,
,,
,,
,,
,,
,,
,,
,,
82
,,
,,
,,
,,
,,
,,
,,
,,
,,
,,
,,
,,
,,
,,
,,
,,
83
,,
,,
,,
,,
,,
,,
,,
,,
,,
,,
,,
,,
,,
,,
,,
,,
84
,,
,,
,,
,,
,,
,,
,,
,,
,,
,,
,,
,,
,,
,,
,,
,,
85
,,
,,
,,
,,
,,
,,
,,
,,
,,
,,
,,
,,
,,
,,
,,
,,
86
,,
,,
,,
,,
,,
,,
,,
,,
,,
,,
,,
,,
,,
,,
,,
,,
87
,,
,,
,,
,,
,,
,,
,,
,,
,,
,,
,,
,,
,,
,,
,,
,,
88
,,
,,
,,
,,
,,
,,
,,
,,
,,
,,
,,
,,
,,
,,
,,
,,
89
,,
,,
,,
,,
,,
,,
,,
,,
,,
,,
,,
,,
,,
,,
,,
,,
90
,,
,,
,,
,,
,,
,,
,,
,,
,,
,,
,,
,,
,,
,,
,,
,,
91
,,
,,
,,
,,
,,
,,
,,
,,
,,
,,
,,
,,
,,
,,
,,
,,
92
,,
,,
,,
,,
,,
,,
,,
,,
,,
,,
,,
,,
,,
,,
,,
,,
93
,,
,,
,,
,,
,,
,,
,,
,,
,,
,,
,,
,,
,,
,,
,,
,,
94
,,
,,
,,
,,
,,
,,
,,
,,
,,
,,
,,
,,
,,
,,
,,
,,
95
,,
,,
,,
,,
,,
,,
,,
,,
,,
,,
,,
,,
,,
,,
,,
,,
96
,,
,,
,,
,,
,,
,,
,,
,,
,,
,,
,,
,,
,,
,,
,,
,,
97
,,
,,
,,
,,
,,
,,
,,
,,
,,
,,
,,
,,
,,
,,
,,
,,
98
,,
,,
,,
,,
,,
,,
,,
,,
,,
,,
,,
,,
,,
,,
,,
,,
99
,,
,,
,,
,,
,,
,,
,,
,,
,,
,,
,,
,,
,,
,,
,,
,,
100
,,
,,
,,
,,
,,
,,
,,
,,
,,
,,
,,
,,
,,
,,
,,
,,
101
,,
,,
,,
,,
,,
,,
,,
,,
,,
,,
,,
,,
,,
,,
,,
,,
102
,,
,,
,,
,,
,,
,,
,,
,,
,,
,,
,,
,,
,,
,,
,,
,,
103
,,
,,
,,
,,
,,
,,
,,
,,
,,
,,
,,
,,
,,
,,
,,
,,
104
,,
,,
,,
,,
,,
,,
,,
,,
,,
,,
,,
,,
,,
,,
,,
,,
105
,,
,,
,,
,,
,,
,,
,,
,,
,,
,,
,,
,,
,,
,,
,,
,,
106
,,
,,
,,
,,
,,
,,
,,
,,
,,
,,
,,
,,
,,
,,
,,
,,
107
,,
,,
,,
,,
,,
,,
,,
,,
,,
,,
,,
,,
,,
,,
,,
,,
108
,,
,,
,,
,,
,,
,,
,,
,,
,,
,,
,,
,,
,,
,,
,,
,,
109
,,
,,
,,
,,
,,
,,
,,
,,
,,
,,
,,
,,
,,
,,
,,
,,
110
,,
,,
,,
,,
,,
,,
,,
,,
,,
,,
,,
,,
,,
,,
,,
,,
111
,,
,,
,,
,,
,,
,,
,,
,,
,,
,,
,,
,,
,,
,,
,,
,,
112
,,
,,
,,
,,
,,
,,
,,
,,
,,
,,
,,
,,
,,
,,
,,
,,
113
,,
,,
,,
,,
,,
,,
,,
,,
,,
,,
,,
,,
,,
,,
,,
,,
114
,,
,,
,,
,,
,,
,,
,,
,,
,,
,,
,,
,,
,,
,,
,,
,,
115
,,
,,
,,
,,
,,
,,
,,
,,
,,
,,
,,
,,
,,
,,
,,
,,
116
,,
,,
,,
,,
,,
,,
,,
,,
,,
,,
,,
,,
,,
,,
,,
,,
117
,,
,,
,,
,,
,,
,,
,,
,,
,,
,,
,,
,,
,,
,,
,,
,,
118
,,
,,
,,
,,
,,
,,
,,
,,
,,
,,
,,
,,
,,
,,
,,
,,
119
,,
,,
,,
,,
,,
,,
,,
,,
,,
,,
,,
,,
,,
,,
,,
,,
120
,,
,,
,,
,,
,,
,,
,,
,,
,,
,,
,,
,,
,,
,,
,,
,,
121
,,
,,
,,
,,
,,
,,
,,
,,
,,
,,
,,
,,
,,
,,
,,
,,
122
,,
,,
,,
,,
,,
,,
,,
,,
,,
,,
,,
,,
,,
,,
,,
,,
123
,,
,,
,,
,,
,,
,,
,,
,,
,,
,,
,,
,,
,,
,,
,,
,,
124
,,
,,
,,
,,
,,
,,
,,
,,
,,
,,
,,
,,
,,
,,
,,
,,
125
,,
,,
,,
,,
,,
,,
,,
,,
,,
,,
,,
,,
,,
,,
,,
,,
126
,,
,,
,,
,,
,,
,,
,,
,,
,,
,,
,,
,,
,,
,,
,,
,,
127
,,
,,
,,
,,
,,
,,
,,
,,
,,
,,
,,
,,
,,
,,
,,
,,
128
,,
,,
,,
,,
,,
,,
,,
,,
,,
,,
,,
,,
,,
,,
,,
,,
129
,,
,,
,,
,,
,,
,,
,,
,,
,,
,,
,,
,,
,,
,,
,,
,,
130
,,
,,
,,
,,
,,
,,
,,
,,
,,
,,
,,
,,
,,
,,
,,
,,
131
,,
,,
,,
,,
,,
,,
,,
,,
,,
,,
,,
,,
,,
,,
,,
,,
132
,,
,,
,,
,,
,,
,,
,,
,,
,,
,,
,,
,,
,,
,,
,,
,,
133
,,
,,
,,
,,
,,
,,
,,
,,
,,
,,
,,
,,
,,
,,
,,
,,
134
,,
,,
,,
,,
,,
,,
,,
,,
,,
,,
,,
,,
,,
,,
,,
,,
135
,,
,,
,,
,,
,,
,,
,,
,,
,,
,,
,,
,,
,,
,,
,,
,,
136
,,
,,
,,
,,
,,
,,
,,
,,
,,
,,
,,
,,
,,
,,
,,
,,
137
,,
,,
,,
,,
,,
,,
,,
,,
,,
,,
,,
,,
,,
,,
,,
,,
138
,,
,,
,,
,,
,,
,,
,,
,,
,,
,,
,,
,,
,,
,,
,,
,,
139
,,
,,
,,
,,
,,
,,
,,
,,
,,
,,
,,
,,
,,
,,
,,
,,
140
-1006.5,0,-495.5
,,
994.178,0,349.404
1008.8,0,344.083
992.266,0,366.89
977.648,0,372.21
1001.49,0,346.744
977.648,0,372.21
941.104,0,385.511
1037.69,0,400.728
1059.27,0,460.033
1006.99,0,521.04
1040.39,0,408.141
985.402,0,461.735
1009.69,0,528.454
1026.9,0,371.076
141
-1010.5,0,-495
,,
,,
1019.14,0,346.78
1006.19,0,358.972
,,
1011.62,0,344.044
985.719,0,368.427
944.782,0,387.338
1050.66,0,400.516
993.423,0,464.21
1022.23,0,525.41
1043.14,0,397.78
993.423,0,464.21
1022.23,0,525.41
1028.74,0,367.18
142
-1016,0,-495.5
,,
,,
,,
990.044,0,376.167
959.974,0,387.112
997.562,0,373.431
982.527,0,378.903
959.974,0,387.112
1043.93,0,407.26
1065.66,0,466.958
1107.22,0,510.985
1043.93,0,407.26
989.85,0,469.196
1021.81,0,533.621
1022.83,0,372.685
143
-1020,0,-495.5
,,
,,
,,
991.118,0,375.581
961.49,0,386.365
998.525,0,372.885
983.711,0,378.277
961.49,0,386.365
1044.22,0,406.24
1060.91,0,475.144
1109.28,0,515.856
1036.81,0,408.936
990.943,0,467.286
1029.85,0,528.102
1023.42,0,372.154
144
-1028.5,0,-498.5
,,
,,
,,
989.412,0,372.824
950,0,380.647
,,
989.412,0,372.824
950,0,380.647
1044.59,0,404.118
1052.47,0,474.529
,,
1036.71,0,404.118
997.294,0,466.706
1036.71,0,529.294
1028.82,0,372.824
145
-1033.5,0,-499.5
,,
,,
,,
985.588,0,375.879
955,0,383.758
,,
985.588,0,375.879
955,0,383.758
1046.76,0,407.394
1039.12,0,478.303
,,
1039.12,0,407.394
1000.88,0,470.424
1031.47,0,525.576
1023.82,0,375.879
146
-1041.5,0,-500.5
,,
,,
,,
989.588,0,369
959,0,376.939
,,
989.588,0,376.939
959,0,384.879
1043.12,0,400.758
1035.47,0,480.152
1081.35,0,503.97
1035.47,0,408.697
1004.88,0,472.212
1043.12,0,527.788
1027.82,0,376.939
147
-1047.5,0,-499
,,
,,
1001.24,0,370
985.941,0,377.879
963,0,377.879
,,
993.588,0,370
963,0,385.758
1039.47,0,409.394
1024.18,0,472.424
1085.35,0,496.061
1047.12,0,409.394
1001.24,0,472.424
1047.12,0,527.576
1024.18,0,377.879
148
-1053.5,0,-499
,,
,,
,,
988.941,0,373
966,0,381
996.588,0,373
988.941,0,373
966,0,381
1034.82,0,405
1027.18,0,477
1088.35,0,509
1042.47,0,405
1011.88,0,477
1050.12,0,533
1027.18,0,381
149
-1060,0,-498.5
,,
,,
,,
988.25,0,379
,,
,,
988.25,0,379
,,
1026.38,0,402.613
1011.12,0,473.452
1072.12,0,504.935
1041.62,0,402.613
1011.12,0,481.323
1056.88,0,528.548
1026.38,0,379
150
-1069,0,-499.5
,,
,,
,,
993.25,0,381
,,
,,
993.25,0,381
,,
1031.38,0,404.419
1000.88,0,474.677
1061.88,0,498.097
1046.62,0,404.419
1016.12,0,474.677
1061.88,0,529.323
1031.38,0,381
151
-1071,0,-500
,,
,,
,,
999.253,0,373.683
,,
,,
999.253,0,373.683
,,
1027.08,0,408.711
995.9,0,472.07
1059.55,0,520.138
1053.91,0,401.876
1024.56,0,482.501
1066.71,0,522.745
1030.58,0,376.785
152
-1080.5,0,-502
,,
,,
,,
997.851,0,378.568
1003.28,0,363.658
,,
997.851,0,378.568
,,
1028.25,0,406.517
989.499,0,468.395
1035.97,0,519.078
1052.46,0,406.886
1025.33,0,481.435
1067.34,0,522.055
1031.94,0,374.09
153
-1086,0,-501.5
,,
,,
,,
996.738,0,376.464
999.408,0,369.128
,,
996.738,0,376.464
,,
1027.22,0,404.175
984.368,0,455.036
1031.01,0,505.242
1051.39,0,404.663
1031.85,0,480.627
1069.51,0,510.946
1037.9,0,374.832
154
-1094,0,-501.5
,,
,,
,,
999.121,0,371.43
1001.79,0,364.101
,,
999.121,0,371.43
,,
1028.08,0,406.872
979.836,0,447.417
1018.24,0,502.899
1055.59,0,400.284
1041.03,0,486.291
,,
1038.75,0,377.553
155
-1101,0,-502.5
,,
,,
,,
989.875,0,374
,,
,,
989.875,0,374
,,
1029.25,0,405.484
982,0,436.968
1005.62,0,507.806
1052.88,0,405.484
1045,0,484.194
1100.12,0,531.419
1037.12,0,381.871
156
-1110,0,-503.5
,,
,,
,,
987,0,372
,,
,,
987,0,372
,,
1026.38,0,403.484
987,0,419.226
987,0,505.806
1057.88,0,403.484
1050,0,482.194
1105.12,0,529.419
1034.25,0,379.871
157
-1118.5,0,-503
,,
,,
,,
,,
,,
,,
,,
,,
1030.38,0,401
991,0,417
991,0,449
1054,0,401
1061.88,0,489
1109.12,0,529
1030.38,0,377
158
-1126,0,-505.5
,,
,,
,,
1019.88,0,369
,,
,,
1004.62,0,369
,,
1042.75,0,400.226
1058,0,470.484
1111.38,0,525.129
1042.75,0,400.226
1058,0,478.29
1111.38,0,525.129
1035.12,0,376.806
159
-1133.5,0,-505
,,
,,
,,
,,
,,
,,
,,
,,
1042.33,0,402.724
1065.93,0,474.103
,,
1042.33,0,394.793
1065.93,0,474.103
1113.13,0,521.69
1034.47,0,371
160
-1140.5,0,-505
,,
,,
,,
,,
,,
,,
1004,0,374.931
,,
1042.67,0,398.724
1073.6,0,470.103
1112.27,0,525.621
1042.67,0,398.724
1073.6,0,470.103
1112.27,0,525.621
1027.2,0,367
161
-1152.5,0,-508
,,
,,
,,
,,
1004.76,0,389.391
,,
,,
,,
1042.89,0,400.597
1074.59,0,464.31
1121.33,0,522.551
1042.89,0,400.597
1074.59,0,464.31
1121.33,0,522.551
1024.62,0,373.8
162
-1160,0,-509.5
,,
,,
,,
,,
,,
,,
,,
,,
1042.95,0,398.261
1074.65,0,461.975
1121.39,0,520.216
1035.43,0,400.997
1074.65,0,461.975
1121.39,0,520.216
1024.68,0,371.464
163
-1167,0,-510.5
,,
,,
,,
,,
1000.24,0,374.602
,,
,,
,,
1041.25,0,393.727
1073.39,0,458.649
1120.57,0,518.098
1033.73,0,396.463
1076.13,0,466.166
1120.57,0,518.098
1022.79,0,366.393
164
-1176.5,0,-511.5
,,
,,
,,
,,
,,
,,
,,
,,
1036.27,0,389.061
1067.67,0,452.337
1113.86,0,510.232
1031.54,0,399.081
1070.34,0,459.667
1113.86,0,510.232
1020.87,0,369.763
165
-1183.5,0,-513.5
,,
,,
,,
,,
,,
,,
,,
,,
1033.47,0,396
1064.93,0,458.4
1112.13,0,513
1041.33,0,388.2
1064.93,0,458.4
1112.13,0,513
1025.6,0,364.8
166
-1191.5,0,-514.5
,,
1010.75,0,351
,,
1026.5,0,351
,,
1002.88,0,351
995,0,351
,,
1042.25,0,390.032
1058,0,460.29
1113.12,0,507.129
1034.38,0,390.032
1058,0,460.29
1113.12,0,507.129
1026.5,0,358.806
167
-1200,0,-514
,,
1012.54,0,343.177
,,
1027.33,0,348.559
,,
1012.54,0,343.177
1012.54,0,343.177
,,
1038.83,0,385.949
1057.12,0,450.709
953.85,0,504.429
1031.44,0,383.258
1054.45,0,458.038
956.518,0,497.099
1024.66,0,355.888
168
-1207,0,-516
,,
,,
,,
,,
,,
,,
,,
,,
1041.43,0,389.987
1043.06,0,464.645
,,
1033.91,0,392.723
1045.75,0,472.029
1112.35,0,514.678
1023.16,0,363.19
169
-1217,0,-516
,,
,,
,,
,,
,,
,,
,,
,,
1026.16,0,391.534
1038.49,0,472.182
1102.74,0,508.388
1026.16,0,391.534
1038.49,0,472.182
1105.48,0,515.905
1017.95,0,368.982
170
-1227.5,0,-516
,,
,,
,,
1008.93,0,362
,,
,,
,,
,,
1016.67,0,393.724
1032.13,0,473.034
978,0,528.552
1024.4,0,393.724
1032.13,0,473.034
1086.27,0,504.759
1016.67,0,362
171
-1233,0,-516.5
,,
,,
,,
1008.12,0,361
,,
,,
1023.38,0,361
,,
1008.12,0,392.733
970,0,456.2
985.25,0,535.533
1031,0,392.733
1015.75,0,480
1084.38,0,511.733
1015.75,0,361
172
-1241.5,0,-518
,,
,,
,,
1010.75,0,363
,,
,,
1018.38,0,363
,,
1010.75,0,394.733
972.625,0,466.133
1003.12,0,537.533
1026,0,394.733
1010.75,0,482
1071.75,0,505.8
1010.75,0,363
173
-1251,0,-518.5
,,
,,
,,
1006.75,0,368
,,
,,
1014.38,0,368
,,
999.125,0,399.2
976.25,0,469.4
1014.38,0,539.6
1022,0,399.2
991.5,0,485
1060.12,0,500.6
1006.75,0,368
174
-1259,0,-518.5
,,
,,
,,
997.621,0,373.353
,,
,,
,,
,,
1001.3,0,406.068
979.586,0,482.078
1021.48,0,551.964
1023.1,0,398.133
979.586,0,482.078
1064.14,0,510.896
1004.89,0,370.708
175
-1269.5,0,-519
,,
,,
,,
,,
,,
,,
1024,0,374
,,
1024,0,405.429
984,0,468.286
1032,0,546.857
1024,0,405.429
976,0,476.143
1048,0,507.571
1008,0,374
176
-1279.5,0,-522
,,
,,
,,
,,
,,
,,
1018,0,379
,,
1018,0,410.407
994.857,0,481.074
1033.43,0,504.63
1018,0,410.407
964,0,473.222
1033.43,0,504.63
1002.57,0,379
177
-1288.5,0,-522.5
,,
,,
,,
1008.87,0,365.933
,,
,,
981.597,0,373.034
993.395,0,385.841
1026.99,0,406.583
1004.16,0,491.921
1030.49,0,510.019
1019.73,0,403.938
948.763,0,463.244
1001.43,0,499.439
1013.4,0,376.096
178
-1298.5,0,-524
,,
,,
,,
1025.8,0,370
,,
,,
978.6,0,370
994.333,0,394
1025.8,0,410
1010.07,0,490
1057.27,0,554
1017.93,0,410
955,0,450
1010.07,0,514
1010.07,0,378
179
-1306.5,0,-525
,,
,,
,,
976.2,0,370
,,
,,
976.2,0,370
991.667,0,386
1022.6,0,410
1007.13,0,490
1061.27,0,546
1014.87,0,410
953,0,442
983.933,0,506
1007.13,0,378
180
-1312.5,0,-526
,,
,,
,,
1015.93,0,371.931
984.467,0,387.793
,,
968.733,0,364
984.467,0,387.793
1023.8,0,403.655
1015.93,0,490.897
1063.13,0,546.414
1015.93,0,403.655
953,0,435.379
976.6,0,514.69
1000.2,0,371.931
181
-1320.5,0,-527
,,
,,
1004.38,0,360
1004.38,0,367.931
,,
,,
966.25,0,367.931
981.5,0,383.793
1012,0,407.586
1019.62,0,486.897
1065.38,0,542.414
1004.38,0,407.586
951,0,423.448
958.625,0,510.69
996.75,0,367.931
182
-1329,0,-527.5
,,
,,
970.592,0,335.875
962.452,0,358.24
962.452,0,358.24
970.592,0,335.875
962.452,0,358.24
986.625,0,383.923
1013.51,0,402.152
1021.41,0,472.565
,,
1006.11,0,399.459
935.318,0,432.789
940.498,0,510.657
994.765,0,361.559
183
-1339,0,-528.5
,,
983.002,0,338.473
968.202,0,333.086
960.192,0,355.093
967.592,0,357.787
975.602,0,335.78
962.862,0,347.757
,,
1003.98,0,395.954
1019.62,0,468.106
,,
1003.98,0,395.954
933.492,0,428.45
928.993,0,509.887
992.462,0,358.531
184
-1350,0,-529.5
,,
979.802,0,339.607
,,
,,
969.122,0,368.949
965.002,0,334.22
959.662,0,348.891
,,
1000.78,0,397.088
1009.02,0,466.547
,,
993.383,0,394.394
930.293,0,429.583
918.393,0,508.327
989.262,0,359.665
185
-1356.5,0,-530
,,
,,
,,
934,0,344
965.529,0,376
,,
934,0,344
,,
989.176,0,400
1012.82,0,480
1060.12,0,528
997.059,0,400
934,0,432
,,
989.176,0,360
186
-1362,0,-529.5
,,
,,
,,
,,
959.7,0,371.266
958.359,0,328.856
948.258,0,333.564
967.107,0,373.962
991.345,0,399.553
1004.13,0,479.665
,,
991.345,0,399.553
917.939,0,439.911
913.213,0,522.035
982.598,0,354.447
187
-1378.5,0,-534
,,
,,
,,
920,0,345
,,
,,
920,0,345
,,
992,0,400.152
992,0,486.818
1048,0,502.576
992,0,400.152
920,0,447.424
920,0,534.091
984,0,352.879
188
-1388,0,-533.5
,,
,,
,,
914,0,347
,,
,,
954,0,354.879
962,0,378.515
986,0,394.273
970,0,488.818
1042,0,504.576
986,0,394.273
914,0,457.303
922,0,536.091
978,0,354.879
189
-1395,0,-535
,,
,,
,,
908,0,349
,,
,,
908,0,349
,,
988,0,396.273
964,0,482.939
1036,0,506.576
988,0,396.273
916,0,459.303
924,0,545.97
972,0,356.879
190
-1408,0,-539
,,
,,
936.26,0,319.4
936.26,0,319.4
,,
936.26,0,319.4
981.365,0,335.817
980.733,0,360.945
967.15,0,398.264
939.984,0,472.903
890.71,0,421.158
984.902,0,396.273
924.949,0,467.43
945.604,0,551.022
975.932,0,350.745
191
-1420.5,0,-543.5
,,
,,
,,
989.71,0,331.139
975.959,0,361.684
,,
989.71,0,331.139
983.279,0,359.02
957.625,0,402.411
935.596,0,478.537
1005.99,0,512.51
975.001,0,404.601
928.276,0,481.201
948.318,0,559.04
965.903,0,356.831
192
-1434,0,-543.5
,,
,,
,,
928.158,0,344
935.947,0,376
,,
974.895,0,360
974.895,0,376
951.526,0,400
912.579,0,480
990.474,0,504
974.895,0,400
928.158,0,488
967.105,0,568
959.316,0,360
193
-1443.5,0,-546
,,
,,
927.67,0,324.044
917.735,0,328.826
928.646,0,366.391
927.67,0,324.044
978.32,0,342.479
962.987,0,362.093
949.491,0,399.173
898.093,0,472.848
977.685,0,501.817
966.661,0,397.024
934.271,0,486.015
973.262,0,558.995
955.751,0,359.459
194
-1453.5,0,-546.5
,,
,,
,,
906.8,0,341
938.4,0,388.053
,,
977.9,0,348.842
962.1,0,372.368
946.3,0,403.737
891,0,458.632
962.1,0,505.684
962.1,0,403.737
938.4,0,497.842
985.8,0,568.421
954.2,0,356.684
195
-1462,0,-546.5
,,
,,
,,
985.4,0,342
,,
,,
985.4,0,342
962.3,0,366
939.2,0,414
893,0,470
931.5,0,518
962.3,0,414
946.9,0,502
993.1,0,574
946.9,0,358
196
-1471.5,0,-546
,,
935.343,0,336.274
920.308,0,330.802
1003,0,360.9
,,
920.308,0,330.802
970.194,0,357.473
,,
943.524,0,407.359
876.529,0,451.083
915.471,0,507.823
958.559,0,412.832
951.014,0,503.733
992.692,0,552.956
942.169,0,364.299
197
-1480.5,0,-545.5
,,
,,
,,
984.4,0,342
953.6,0,373.568
,,
984.4,0,342
961.3,0,365.676
953.6,0,413.027
953.6,0,499.838
999.8,0,562.973
945.9,0,413.027
953.6,0,499.838
1007.5,0,570.865
938.2,0,365.676
198
-1488.5,0,-546
883,0,324
921.636,0,324
944.818,0,324
983.455,0,339.805
952.545,0,363.512
898.455,0,324
983.455,0,331.902
952.545,0,355.61
944.818,0,410.927
960.273,0,497.854
1014.36,0,561.073
937.091,0,410.927
960.273,0,505.756
1014.36,0,568.976
929.364,0,363.512
199
-1502.5,0,-547
990.156,0,263.778
911.581,0,296.516
942.137,0,307.43
1009.8,0,305.249
1018.53,0,292.153
891.937,0,311.794
854.831,0,353.262
813.361,0,372.905
990.154,0,348.901
846.099,0,423.106
857.009,0,506.046
990.154,0,348.901
985.788,0,383.823
977.056,0,425.292
990.155,0,320.527
200
-1512,0,-546.5
886.561,0,250.35
988.867,0,289.695
988.867,0,297.565
1012.48,0,313.304
1028.21,0,289.694
886.563,0,305.437
839.347,0,352.656
807.869,0,376.265
996.738,0,352.652
988.87,0,392
981.001,0,431.348
1004.61,0,352.652
996.739,0,392
988.871,0,431.348
996.737,0,321.173
201
-1523,0,-548
1011.6,0,266.932
908.083,0,295.274
936.017,0,302.464
973.399,0,344.161
1044.26,0,291.375
884.873,0,305.338
842.56,0,354.016
802.096,0,368.804
1012.63,0,351.967
1004.82,0,391.198
1002.36,0,436.385
1012.63,0,351.967
1004.82,0,391.198
1002.36,0,436.385
1008.52,0,323.416
202
-1531,0,-550
877.115,0,243.218
1010.96,0,291.997
1002.95,0,299.762
962.855,0,346.445
923.228,0,353.828
876.358,0,306.097
828.351,0,352.685
1042.58,0,292.378
1010.29,0,347.016
1009.72,0,394.176
1001.34,0,433.38
1026.11,0,347.207
1017.63,0,394.271
1001.34,0,433.38
1018.48,0,323.532
203
-1540,0,-551
1034.77,0,265.558
900.161,0,295.989
937.995,0,307.385
959.747,0,350.25
926.599,0,345.218
876.386,0,303.684
830.165,0,347.534
1064.57,0,292.688
1027.72,0,349.265
1027.37,0,388.776
1020.66,0,432.972
1034.08,0,344.579
1027.37,0,388.776
1020.66,0,432.972
902.823,0,352.912
204
-1550.5,0,-552.5
1039.42,0,269.672
887.962,0,284.746
1024.93,0,301.812
1057.64,0,315.98
1072.5,0,291.684
864.737,0,301.577
818.659,0,343.084
1072.5,0,291.684
1035.16,0,348.5
1037.4,0,395.569
1023.29,0,435.554
1043.15,0,348.12
922.021,0,495.413
1023.29,0,435.554
1042.03,0,324.585
205
-1559,0,-554
1047.95,0,269.472
1041.3,0,297.177
1036.61,0,307.321
1064.32,0,313.973
1076.42,0,301.101
1051.45,0,301.867
1064.32,0,313.973
1058.1,0,274.161
1038.14,0,357.277
1044.36,0,397.089
1033.02,0,434.939
1052.98,0,351.823
1044.36,0,397.089
1033.02,0,434.939
1044.8,0,329.572
206
-1573,0,-556
1058.75,0,270.806
1059.42,0,294.797
1051.65,0,303.019
1076.09,0,318.337
1091.63,0,301.893
1059.65,0,302.793
917.054,0,354.825
1083.41,0,294.122
1053,0,351
1054.35,0,398.981
1047.7,0,447.187
1068.99,0,350.549
1054.35,0,398.981
1047.48,0,439.19
1060.32,0,326.784
207
-1583,0,-557
1068.3,0,270.382
1067.63,0,294.197
1059.25,0,309.849
1082.84,0,318.457
1099.39,0,295.09
1075.35,0,302.358
1091.22,0,302.805
1091.45,0,294.867
1065.85,0,357.701
1064.73,0,397.391
1055.45,0,444.796
1081.72,0,358.148
1064.73,0,397.391
1055.67,0,436.858
1066.74,0,325.949
208
-1593.5,0,-559
1078.91,0,265.554
1076.96,0,296.766
1068.67,0,304.08
1091.1,0,321.152
1108.17,0,298.72
1076.47,0,304.569
1099.88,0,306.034
1100.86,0,290.429
1073.54,0,351.386
1070.61,0,398.204
1068.17,0,437.218
1089.15,0,352.363
1078.41,0,398.692
1068.17,0,437.218
1075,0,327.977
209
-1604.5,0,-561
1088.19,0,269.135
1087.31,0,300.607
1079.22,0,308.253
1102.6,0,316.785
1118.78,0,301.492
1095.18,0,300.828
1102.82,0,308.917
1111.13,0,293.403
1085.76,0,355.682
1084.43,0,402.889
1075.46,0,442.007
1093.63,0,355.903
1084.43,0,402.889
1075.46,0,442.007
1086.42,0,332.078
210
-1616,0,-562
1099.52,0,268.01
1098.97,0,300.005
1090.83,0,307.866
1114.55,0,324.278
1130.96,0,300.559
1098.83,0,308.004
1122.41,0,332.415
1130.96,0,300.559
1098,0,355.997
1097.17,0,403.99
1088.48,0,443.845
1106,0,356.135
1097.17,0,403.99
1088.48,0,443.845
1098.42,0,332.001
211
-1627,0,-563.5
1108.57,0,269.28
1107.69,0,300.734
1099.6,0,308.376
1130.61,0,324.989
1139.14,0,301.619
1115.33,0,308.819
1130.39,0,332.852
1139.14,0,301.619
1106.14,0,355.779
1104.81,0,402.96
1095.84,0,442.057
1114,0,356
1104.81,0,402.96
1095.84,0,442.057
1106.8,0,332.188
212
-1637,0,-565
1123.45,0,272.081
1114.9,0,303.937
1106.76,0,311.798
1138.48,0,328.349
1154.89,0,304.629
1122.76,0,312.075
1130.48,0,328.21
1146.89,0,304.491
1113.93,0,359.929
1121.1,0,408.06
1112.41,0,447.916
1129.93,0,360.206
1121.1,0,408.06
1112.41,0,447.916
1122.34,0,336.071
213
-1648,0,-566.5
1130.55,0,275.075
1130.96,0,299.071
1115.24,0,315.345
1147.51,0,330.79
1163.1,0,306.517
1131.24,0,315.069
1155.37,0,322.653
1163.1,0,306.517
1124.07,0,363.2
1124.9,0,411.193
1117.59,0,451.325
1140.07,0,362.923
1132.76,0,403.056
1125.59,0,451.187
1131.65,0,339.065
214
-1658.5,0,-568
1146.59,0,273.082
1138.04,0,304.939
1129.9,0,312.799
1153.62,0,329.212
1169.89,0,313.491
1145.9,0,313.076
1161.76,0,321.351
1169.89,0,313.491
1137.07,0,360.93
1136.24,0,408.923
1135.55,0,448.917
1145.07,0,361.069
1144.24,0,409.061
1135.55,0,448.917
1137.48,0,336.934
215
-1670.5,0,-569
1152.66,0,275.954
1146.32,0,300.4
1139.47,0,316.861
1164.02,0,331.352
1179.21,0,322.382
1154.67,0,307.892
1171.36,0,322.875
1178.71,0,314.398
1142.48,0,364.767
1153.34,0,412.18
1140.15,0,453.087
1158.18,0,363.781
1153.34,0,412.18
1140.15,0,453.087
1148.82,0,340.321
216
-1681.5,0,-571.5
1159.71,0,279.929
1160.35,0,303.92
1144.84,0,312.332
1169.05,0,335.702
1192.21,0,319.085
1168.42,0,311.71
1184.56,0,327.29
1191.99,0,311.088
1154.18,0,368.106
1163.09,0,407.884
1148.64,0,456.282
1169.89,0,367.691
1163.09,0,407.884
1148.43,0,448.285
1161.4,0,343.906
217
-1694,0,-574.5
1178.43,0,277.189
1169.58,0,308.967
1161.38,0,316.753
1184.95,0,333.381
1201.36,0,317.809
1185.37,0,317.387
1200.94,0,333.803
1209.15,0,326.017
1168.11,0,364.948
1174.84,0,413.142
1165.78,0,452.917
1184.1,0,365.37
1174.84,0,413.142
1165.78,0,452.917
1176.74,0,341.167
218
-1705,0,-576.5
1181.82,0,279.744
1182.44,0,303.322
1166.86,0,319.463
1191.27,0,334.548
1214.85,0,318.196
1190.65,0,310.97
1215.26,0,333.915
1223.05,0,325.844
1176.11,0,366.407
1185.35,0,413.352
1178.39,0,452.86
1192.1,0,365.985
1185.35,0,413.352
1178.39,0,452.86
1183.48,0,342.618
219
-1716,0,-578.5
1195.65,0,277.74
1194.82,0,309.178
1178.85,0,316.621
1202.08,0,332.964
1226.14,0,317.869
1202.5,0,317.245
1217.85,0,333.38
1226.14,0,317.869
1185.28,0,371.844
1192.13,0,411.349
1183,0,458.297
1201.05,0,372.26
1192.13,0,411.349
1183.21,0,450.438
1193.99,0,340.615
220
-1727,0,-580.5
1205.95,0,276.945
1206.79,0,308.934
1191.09,0,317.352
1207.64,0,340.923
1231.08,0,324.299
1214.96,0,316.722
1223.34,0,332.506
1239.04,0,324.089
1200.52,0,373.122
1201.58,0,413.108
1194.89,0,461.301
1216.43,0,372.702
1201.58,0,413.108
1194.68,0,453.304
1207.85,0,348.92
221
-1737,0,-582.5
1218.47,0,279.301
1217.65,0,310.49
1201.45,0,317.865
1224.82,0,341.891
1241.23,0,326.718
1225.44,0,318.499
1233.02,0,334.304
1241.23,0,326.718
1208,0,372.657
1214.97,0,411.855
1213.74,0,458.639
1224,0,373.08
1214.97,0,411.855
1213.94,0,450.841
1216.82,0,341.679
222
-1747.5,0,-584.5
1231.18,0,280.244
1224.28,0,311.637
1209.04,0,319.842
1225.1,0,342.826
1247.86,0,326.62
1232.21,0,319.23
1240.55,0,342.418
1247.86,0,326.62
1218.2,0,374.219
1219.23,0,413.206
1220.47,0,459.989
1233.65,0,373.811
1226.96,0,413.002
1220.26,0,452.192
1225.1,0,342.826
223
-1759.5,0,-586.5
1242.95,0,279.946
1236.75,0,311.542
1221.32,0,320.219
1238.5,0,342.693
1261.44,0,325.783
1253.07,0,318.44
1254.38,0,341.803
1269.38,0,325.338
1232.31,0,374.289
1234.49,0,413.228
1229.17,0,460.399
1248.18,0,373.399
1234.49,0,413.228
1228.73,0,452.611
1238.94,0,350.481
224
-1770.5,0,-588.5
1253.3,0,280.345
1246.2,0,311.762
1230.43,0,320.019
1255.09,0,342.719
1270.86,0,334.463
1262.42,0,319.099
1270.86,0,334.463
1262.86,0,334.693
1240,0,374.367
1241.12,0,413.35
1242.46,0,460.131
1255.99,0,373.907
1249.11,0,413.12
1242.24,0,452.334
1247.32,0,350.746
225
,,
,,
,,
,,
,,
,,
,,
,,
,,
,,
,,
,,
,,
,,
,,
,,
226
,,
,,
,,
,,
,,
,,
,,
,,
,,
,,
,,
,,
,,
,,
,,
,,
227
,,
,,
,,
,,
,,
,,
,,
,,
,,
,,
,,
,,
,,
,,
,,
,,
228
,,
,,
,,
,,
,,
,,
,,
,,
,,
,,
,,
,,
,,
,,
,,
,,
229
,,
,,
,,
,,
,,
,,
,,
,,
,,
,,
,,
,,
,,
,,
,,
,,
230
,,
,,
,,
,,
,,
,,
,,
,,
,,
,,
,,
,,
,,
,,
,,
,,
231
,,
,,
,,
,,
,,
,,
,,
,,
,,
,,
,,
,,
,,
,,
,,
,,
232
,,
,,
,,
,,
,,
,,
,,
,,
,,
,,
,,
,,
,,
,,
,,
,,
233
,,
,,
,,
,,
,,
,,
,,
,,
,,
,,
,,
,,
,,
,,
,,
,,
234
,,
,,
,,
,,
,,
,,
,,
,,
,,
,,
,,
,,
,,
,,
,,
,,
235
,,
,,
,,
,,
,,
,,
,,
,,
,,
,,
,,
,,
,,
,,
,,
,,
236
,,
,,
,,
,,
,,
,,
,,
,,
,,
,,
,,
,,
,,
,,
,,
,,
237
,,
,,
,,
,,
,,
,,
,,
,,
,,
,,
,,
,,
,,
,,
,,
,,
238
,,
,,
,,
,,
,,
,,
,,
,,
,,
,,
,,
,,
,,
,,
,,
,,
239
,,
,,
,,
,,
,,
,,
,,
,,
,,
,,
,,
,,
,,
,,
,,
,,
240
,,
,,
,,
,,
,,
,,
,,
,,
,,
,,
,,
,,
,,
,,
,,
,,
241
,,
,,
,,
,,
,,
,,
,,
,,
,,
,,
,,
,,
,,
,,
,,
,,
242
,,
,,
,,
,,
,,
,,
,,
,,
,,
,,
,,
,,
,,
,,
,,
,,
243
,,
,,
,,
,,
,,
,,
,,
,,
,,
,,
,,
,,
,,
,,
,,
,,
244
,,
,,
,,
,,
,,
,,
,,
,,
,,
,,
,,
,,
,,
,,
,,
,,
245
,,
,,
,,
,,
,,
,,
,,
,,
,,
,,
,,
,,
,,
,,
,,
,,
246
,,
,,
,,
,,
,,
,,
,,
,,
,,
,,
,,
,,
,,
,,
,,
,,
247
,,
,,
,,
,,
,,
,,
,,
,,
,,
,,
,,
,,
,,
,,
,,
,,
248
,,
,,
,,
,,
,,
,,
,,
,,
,,
,,
,,
,,
,,
,,
,,
,,
249
,,
,,
,,
,,
,,
,,
,,
,,
,,
,,
,,
,,
,,
,,
,,
,,
250
,,
,,
,,
,,
,,
,,
,,
,,
,,
,,
,,
,,
,,
,,
,,
,,
251
,,
,,
,,
,,
,,
,,
,,
,,
,,
,,
,,
,,
,,
,,
,,
,,
252
,,
,,
,,
,,
,,
,,
,,
,,
,,
,,
,,
,,
,,
,,
,,
,,
253
,,
,,
,,
,,
,,
,,
,,
,,
,,
,,
,,
,,
,,
,,
,,
,,
254
,,
,,
,,
,,
,,
,,
,,
,,
,,
,,
,,
,,
,,
,,
,,
,,
255
,,
,,
,,
,,
,,
,,
,,
,,
,,
,,
,,
,,
,,
,,
,,
,,
256
,,
,,
,,
,,
,,
,,
,,
,,
,,
,,
,,
,,
,,
,,
,,
,,
257
,,
,,
,,
,,
,,
,,
,,
,,
,,
,,
,,
,,
,,
,,
,,
,,
258
,,
,,
,,
,,
,,
,,
,,
,,
,,
,,
,,
,,
,,
,,
,,
,,
259
,,
,,
,,
,,
,,
,,
,,
,,
,,
,,
,,
,,
,,
,,
,,
,,
260
,,
,,
,,
,,
,,
,,
,,
,,
,,
,,
,,
,,
,,
,,
,,
,,
261
,,
,,
,,
,,
,,
,,
,,
,,
,,
,,
,,
,,
,,
,,
,,
,,
262
,,
,,
,,
,,
,,
,,
,,
,,
,,
,,
,,
,,
,,
,,
,,
,,
263
,,
,,
,,
,,
,,
,,
,,
,,
,,
,,
,,
,,
,,
,,
,,
,,
264
,,
,,
,,
,,
,,
,,
,,
,,
,,
,,
,,
,,
,,
,,
,,
,,
265
,,
,,
,,
,,
,,
,,
,,
,,
,,
,,
,,
,,
,,
,,
,,
,,
266
,,
,,
,,
,,
,,
,,
,,
,,
,,
,,
,,
,,
,,
,,
,,
,,
267
,,
,,
,,
,,
,,
,,
,,
,,
,,
,,
,,
,,
,,
,,
,,
,,
268
,,
,,
,,
,,
,,
,,
,,
,,
,,
,,
,,
,,
,,
,,
,,
,,
269
,,
,,
,,
,,
,,
,,
,,
,,
,,
,,
,,
,,
,,
,,
,,
,,
270
,,
,,
,,
,,
,,
,,
,,
,,
,,
,,
,,
,,
,,
,,
,,
,,
271
,,
,,
,,
,,
,,
,,
,,
,,
,,
,,
,,
,,
,,
,,
,,
,,
272
,,
,,
,,
,,
,,
,,
,,
,,
,,
,,
,,
,,
,,
,,
,,
,,
273
,,
,,
,,
,,
,,
,,
,,
,,
,,
,,
,,
,,
,,
,,
,,
,,
274
,,
,,
,,
,,
,,
,,
,,
,,
,,
,,
,,
,,
,,
,,
,,
,,
275
,,
,,
,,
,,
,,
,,
,,
,,
,,
,,
,,
,,
,,
,,
,,
,,
276
,,
,,
,,
,,
,,
,,
,,
,,
,,
,,
,,
,,
,,
,,
,,
,,
277
,,
,,
,,
,,
,,
,,
,,
,,
,,
,,
,,
,,
,,
,,
,,
,,
278
,,
,,
,,
,,
,,
,,
,,
,,
,,
,,
,,
,,
,,
,,
,,
,,
279
,,
,,
,,
,,
,,
,,
,,
,,
,,
,,
,,
,,
,,
,,
,,
,,
280
,,
,,
,,
,,
,,
,,
,,
,,
,,
,,
,,
,,
,,
,,
,,
,,
281
,,
,,
,,
,,
,,
,,
,,
,,
,,
,,
,,
,,
,,
,,
,,
,,
282
,,
,,
,,
,,
,,
,,
,,
,,
,,
,,
,,
,,
,,
,,
,,
,,
283
,,
,,
,,
,,
,,
,,
,,
,,
,,
,,
,,
,,
,,
,,
,,
,,
284
,,
,,
,,
,,
,,
,,
,,
,,
,,
,,
,,
,,
,,
,,
,,
,,
285
,,
,,
,,
,,
,,
,,
,,
,,
,,
,,
,,
,,
,,
,,
,,
,,
286
,,
,,
,,
,,
,,
,,
,,
,,
,,
,,
,,
,,
,,
,,
,,
,,
287
,,
,,
,,
,,
,,
,,
,,
,,
,,
,,
,,
,,
,,
,,
,,
,,
288
,,
,,
,,
,,
,,
,,
,,
,,
,,
,,
,,
,,
,,
,,
,,
,,
289
,,
,,
,,
,,
,,
,,
,,
,,
,,
,,
,,
,,
,,
,,
,,
,,
290
,,
,,
,,
,,
,,
,,
,,
,,
,,
,,
,,
,,
,,
,,
,,
,,
291
,,
,,
,,
,,
,,
,,
,,
,,
,,
,,
,,
,,
,,
,,
,,
,,
292
,,
,,
,,
,,
,,
,,
,,
,,
,,
,,
,,
,,
,,
,,
,,
,,
293
,,
,,
,,
,,
,,
,,
,,
,,
,,
,,
,,
,,
,,
,,
,,
,,
294
,,
,,
,,
,,
,,
,,
,,
,,
,,
,,
,,
,,
,,
,,
,,
,,
295
,,
,,
,,
,,
,,
,,
,,
,,
,,
,,
,,
,,
,,
,,
,,
,,
296
,,
,,
,,
,,
,,
,,
,,
,,
,,
,,
,,
,,
,,
,,
,,
,,
297
,,
,,
,,
,,
,,
,,
,,
,,
,,
,,
,,
,,
,,
,,
,,
,,
298
,,
,,
,,
,,
,,
,,
,,
,,
,,
,,
,,
,,
,,
,,
,,
,,
299
,,
,,
,,
,,
,,
,,
,,
,,
,,
,,
,,
,,
,,
,,
,,
,,
300
,,
,,
,,
,,
,,
,,
,,
,,
,,
,,
,,
,,
,,
,,
,,
,,
301
,,
,,
,,
,,
,,
,,
,,
,,
,,
,,
,,
,,
,,
,,
,,
,,
302
,,
,,
,,
,,
,,
,,
,,
,,
,,
,,
,,
,,
,,
,,
,,
,,
303
,,
,,
,,
,,
,,
,,
,,
,,
,,
,,
,,
,,
,,
,,
,,
,,
304
,,
,,
,,
,,
,,
,,
,,
,,
,,
,,
,,
,,
,,
,,
,,
,,
305
,,
,,
,,
,,
,,
,,
,,
,,
,,
,,
,,
,,
,,
,,
,,
,,
306
,,
,,
,,
,,
,,
,,
,,
,,
,,
,,
,,
,,
,,
,,
,,
,,
307
,,
,,
,,
,,
,,
,,
,,
,,
,,
,,
,,
,,
,,
,,
,,
,,
308
,,
,,
,,
,,
,,
,,
,,
,,
,,
,,
,,
,,
,,
,,
,,
,,
309
,,
,,
,,
,,
,,
,,
,,
,,
,,
,,
,,
,,
,,
,,
,,
,,
310
,,
,,
,,
,,
,,
,,
,,
,,
,,
,,
,,
,,
,,
,,
,,
,,
311
,,
,,
,,
,,
,,
,,
,,
,,
,,
,,
,,
,,
,,
,,
,,
,,
312
,,
,,
,,
,,
,,
,,
,,
,,
,,
,,
,,
,,
,,
,,
,,
,,
313
,,
,,
,,
,,
,,
,,
,,
,,
,,
,,
,,
,,
,,
,,
,,
,,
314
,,
,,
,,
,,
,,
,,
,,
,,
,,
,,
,,
,,
,,
,,
,,
,,
315
,,
,,
,,
,,
,,
,,
,,
,,
,,
,,
,,
,,
,,
,,
,,
,,
316
,,
,,
,,
,,
,,
,,
,,
,,
,,
,,
,,
,,
,,
,,
,,
,,
317
,,
,,
,,
,,
,,
,,
,,
,,
,,
,,
,,
,,
,,
,,
,,
,,
318
,,
,,
,,
,,
,,
,,
,,
,,
,,
,,
,,
,,
,,
,,
,,
,,
319
,,
,,
,,
,,
,,
,,
,,
,,
,,
,,
,,
,,
,,
,,
,,
,,
320
,,
,,
,,
,,
,,
,,
,,
,,
,,
,,
,,
,,
,,
,,
,,
,,
321
,,
,,
,,
,,
,,
,,
,,
,,
,,
,,
,,
,,
,,
,,
,,
,,
322
,,
,,
,,
,,
,,
,,
,,
,,
,,
,,
,,
,,
,,
,,
,,
,,
323
,,
,,
,,
,,
,,
,,
,,
,,
,,
,,
,,
,,
,,
,,
,,
,,
324
,,
,,
,,
,,
,,
,,
,,
,,
,,
,,
,,
,,
,,
,,
,,
,,
325
,,
,,
,,
,,
,,
,,
,,
,,
,,
,,
,,
,,
,,
,,
,,
,,
326
,,
,,
,,
,,
,,
,,
,,
,,
,,
,,
,,
,,
,,
,,
,,
,,
327
,,
,,
,,
,,
,,
,,
,,
,,
,,
,,
,,
,,
,,
,,
,,
,,
328
,,
,,
,,
,,
,,
,,
,,
,,
,,
,,
,,
,,
,,
,,
,,
,,
329
,,
,,
,,
,,
,,
,,
,,
,,
,,
,,
,,
,,
,,
,,
,,
,,
