data/BP_videos/4.MOV
0
-854,0,-351
822.4,0,223
838.2,0,255
830.3,0,271
822.4,0,303
790.8,0,319
846.1,0,271
822.4,0,311
782.9,0,319
854,0,343
846.1,0,415
885.6,0,463
854,0,351
822.4,0,407
822.4,0,479
846.1,0,311
1
-854,0,-350
823.001,0,216.484
836.221,0,260.64
834.269,0,268.3
824.508,0,306.6
788.013,0,321.772
851.541,0,264.544
824.508,0,306.6
780.353,0,319.82
855,0,347
847.044,0,410.232
892.855,0,454.536
855,0,347
824.064,0,404.375
831.427,0,471.511
849.44,0,304.796
2
-853,0,-350
821.278,0,224.092
836.687,0,260.229
834.816,0,267.86
825.462,0,306.016
789.324,0,321.426
851.949,0,263.971
825.462,0,306.016
781.693,0,319.555
856.133,0,345.895
848.797,0,408.815
894.731,0,452.437
856.133,0,345.895
825.904,0,403.203
826.198,0,467.994
850.226,0,303.998
3
-853,0,-349
821.314,0,223.419
843.275,0,262.988
841.074,0,270.679
830.069,0,309.135
792.701,0,323.405
848.765,0,272.88
830.069,0,309.135
785.01,0,321.204
861.922,0,343.214
849.805,0,414.637
894.84,0,460.808
859.722,0,350.905
826.731,0,408.034
832.197,0,476.167
855.344,0,308.047
4
-853,0,-348
830.589,0,222.403
843.885,0,259.645
839.101,0,274.614
829.535,0,304.551
799.499,0,319.699
856.734,0,272
834.764,0,314.47
791.879,0,317.264
858.071,0,346.664
854.18,0,411.408
900.348,0,450.907
858.071,0,346.664
823.698,0,401.668
835.047,0,471.283
852.396,0,311.856
5
-853,0,-347
824.911,0,221.308
841.233,0,257.292
837.82,0,272.723
829.288,0,311.303
795.011,0,319.91
854.959,0,268.42
829.288,0,311.303
795.011,0,319.91
862.748,0,342.984
855.106,0,414.134
902.292,0,456.943
861.042,0,350.7
824.242,0,407.308
833.738,0,474.156
854.142,0,308.707
6
-853,0,-347
828.244,0,224.209
842.223,0,261.687
845.375,0,279.295
836.331,0,309.991
798.853,0,323.969
855.31,0,273.882
834.071,0,317.665
791.179,0,321.708
865.658,0,351.991
862.919,0,417.903
907.592,0,464.425
865.658,0,351.991
824.549,0,406.599
829.484,0,474.773
859.353,0,316.773
7
-853,0,-346
832.071,0,230.34
848.36,0,260.117
843.864,0,275.472
832.624,0,313.86
805.095,0,322.472
861.467,0,272.29
840.302,0,316.108
795.17,0,327.902
864.269,0,348.133
861.641,0,414.05
906.392,0,460.497
864.269,0,348.133
830.93,0,405.059
835.979,0,473.224
857.905,0,312.926
8
-854,0,-345
827.624,0,227.928
849.644,0,266.514
847.573,0,274.09
837.219,0,311.968
800.704,0,326.412
857.22,0,268.585
837.219,0,311.968
793.128,0,324.342
868.886,0,345.05
867.471,0,409.797
902.571,0,460.1
861.31,0,342.979
827.521,0,407.019
835.753,0,466.261
862.017,0,310.605
9
-857,0,-344.5
835.051,0,222.566
847.823,0,259.699
850.471,0,277.06
840.821,0,306.955
801.275,0,327.2
860.358,0,271.998
838.408,0,314.429
793.801,0,324.788
868.54,0,348.914
864.186,0,413.53
906.853,0,460.314
861.066,0,346.501
826.817,0,401.467
829.938,0,468.496
863.242,0,314.193
10
-851,0,-345
836.077,0,224.637
851.733,0,260.65
848.1,0,275.931
839.017,0,314.135
804.821,0,322.15
865.198,0,271.923
839.017,0,314.135
797.181,0,320.333
871.771,0,346.139
872.521,0,410.898
909.282,0,460
869.955,0,353.78
826.676,0,399.999
835.067,0,466.574
863.756,0,311.943
11
-851,0,-344
837.75,0,224.279
851.893,0,261.415
855.182,0,278.932
836.916,0,315.375
802.366,0,322.39
864.889,0,273.325
844.483,0,317.475
802.366,0,322.39
868.334,0,349.003
873.919,0,416.973
908.626,0,468.119
868.334,0,349.003
828.514,0,404.37
834.099,0,472.34
861.758,0,313.968
12
-851,0,-342.5
839.708,0,223.755
855.205,0,260.101
851.441,0,275.451
842.031,0,313.827
807.567,0,321.649
868.673,0,271.541
842.031,0,313.827
807.567,0,321.649
874.76,0,346.262
875.054,0,411.427
911.694,0,461.094
872.878,0,353.937
836.679,0,402.016
835.09,0,474.856
866.938,0,311.798
13
-851,0,-341.5
840.907,0,222.901
855.556,0,259.597
859.066,0,276.916
841.138,0,313.002
814.13,0,322.081
868.755,0,271.346
848.767,0,315.062
806.501,0,320.022
873.105,0,346.189
879.514,0,413.402
914.991,0,463.907
873.105,0,346.189
841.368,0,403.104
838.089,0,475.887
873.714,0,313.612
14
-851,0,-340.5
841.886,0,226.366
856.738,0,263.318
852.695,0,278.799
844.609,0,309.76
815.607,0,326.991
870.008,0,275.052
850.234,0,319.497
807.961,0,324.994
874.753,0,350.706
873.874,0,416.622
909.642,0,467.305
874.753,0,350.706
835.644,0,406.638
834.764,0,472.555
867.547,0,315.751
15
-851,0,-338
847.303,0,224.084
862.428,0,260.777
858.389,0,276.057
848.292,0,314.257
821.049,0,323.404
875.877,0,272.506
856.026,0,316.302
813.315,0,321.36
880.905,0,347.4
880.217,0,412.609
916.526,0,463.076
880.905,0,347.4
849.28,0,404.431
838.838,0,475.236
873.514,0,312.751
16
-850,0,-337
852.241,0,227.467
867.087,0,264.274
865.009,0,271.898
854.622,0,310.021
817.515,0,324.481
880.447,0,276.105
854.622,0,310.021
817.515,0,324.481
877.186,0,348.931
883.722,0,416.236
919.646,0,466.978
884.905,0,351.034
845.129,0,405.721
843.946,0,470.923
877.778,0,316.33
17
-850,0,-336
850.641,0,224.894
866.485,0,261.09
862.868,0,276.476
855.633,0,307.247
819.437,0,323.09
880.062,0,272.4
853.825,0,314.939
811.744,0,321.282
886.862,0,347.06
887.779,0,412.219
915.391,0,467.418
879.17,0,345.252
849.316,0,403.176
840.731,0,474.219
878.711,0,312.672
18
-851,0,-334
854.314,0,228.511
869.065,0,265.167
867.027,0,272.802
856.835,0,310.977
820.179,0,325.728
884.335,0,269.244
856.835,0,310.977
812.544,0,323.69
888.894,0,344.074
885.819,0,416.866
921.437,0,467.271
886.856,0,351.709
857.317,0,401.077
838.971,0,469.792
881.778,0,309.457
19
-854,0,-333.5
852.592,0,227.126
866.719,0,263.933
872.141,0,273.666
853.887,0,309.578
824.789,0,326.024
881.84,0,268.184
861.448,0,311.703
817.229,0,323.898
885.274,0,343.028
883.285,0,408.139
915.816,0,466.537
885.274,0,343.028
853.043,0,399.637
841.355,0,470.23
878.707,0,308.347
20
-857,0,-334.5
858.007,0,225.225
872.106,0,262.042
869.961,0,269.648
859.238,0,307.677
830.127,0,324.101
885.079,0,273.911
859.238,0,307.677
822.568,0,321.969
888.454,0,348.758
886.414,0,413.868
921.044,0,464.685
888.454,0,348.758
856.179,0,405.342
846.58,0,468.32
884.059,0,306.466
21
-852,0,-336
859.68,0,224.67
875.135,0,261.035
863.68,0,274.489
863.788,0,307.072
827.424,0,322.526
888.589,0,272.49
861.897,0,314.745
819.751,0,320.635
886.916,0,345.327
887.133,0,410.492
921.824,0,467.875
894.588,0,347.218
864.114,0,404.819
847.095,0,473.874
886.807,0,312.745
22
-856,0,-334
860.869,0,226.797
876.061,0,263.103
874.117,0,270.712
864.395,0,308.758
827.937,0,323.76
891.374,0,267.015
864.395,0,308.758
827.937,0,323.76
887.244,0,347.02
887.003,0,411.806
921.276,0,469.2
894.9,0,348.976
864.033,0,405.937
848.479,0,466.811
889.309,0,307.018
23
-857,0,-332.5
860.519,0,223.135
875.785,0,259.314
871.987,0,274.556
864.391,0,305.038
835.832,0,322.203
889.127,0,270.733
870.112,0,314.558
828.211,0,320.304
894.897,0,345.016
887.325,0,407.88
921.655,0,464.997
894.897,0,345.016
864.464,0,402.182
847.372,0,470.768
887.252,0,310.735
24
-859,0,-333.5
861.313,0,225.117
875.549,0,261.976
873.404,0,269.581
870.283,0,309.755
833.425,0,323.991
888.615,0,273.872
870.283,0,309.755
825.819,0,321.846
892.125,0,348.759
890.174,0,413.895
925.082,0,464.795
901.876,0,343.298
869.502,0,399.853
850.195,0,468.304
887.64,0,306.44
25
-858,0,-333.5
870.222,0,226.884
884.012,0,263.912
879.538,0,279.07
870.59,0,309.387
841.141,0,325.413
899.17,0,268.386
870.59,0,309.387
833.562,0,323.176
891.958,0,348.652
896.8,0,415.996
923.511,0,465.077
901.775,0,343.31
876.299,0,401.706
848.587,0,467.682
895.564,0,308.519
26
-859,0,-335
865.373,0,222.038
881.507,0,257.839
878.078,0,273.167
878.884,0,305.539
843.083,0,321.673
895.121,0,268.932
869.505,0,311.488
835.419,0,319.958
902.682,0,343.054
894.914,0,413.746
922.948,0,468.305
902.682,0,343.054
873.636,0,400.938
850.54,0,468.201
894.212,0,308.968
27
-860,0,-334
871.614,0,220.985
884.874,0,257.947
880.247,0,272.957
878.497,0,305.291
839.221,0,326.056
897.571,0,270.079
876.183,0,312.796
831.716,0,323.743
899.262,0,344.567
895.762,0,409.235
926.91,0,468.148
899.262,0,344.567
880.752,0,404.607
852.422,0,469.839
893.507,0,309.919
28
-863,0,-332.5
874.923,0,221.8
883.445,0,256.098
879.995,0,271.521
880.805,0,304.094
843.057,0,328.04
897.144,0,267.26
879.08,0,311.805
835.345,0,326.314
904.751,0,341.842
896.936,0,412.974
925.143,0,467.871
904.751,0,341.842
883.237,0,401.811
859.998,0,469.492
896.229,0,307.544
29
-864,0,-333.5
874.374,0,222.815
889.665,0,259.587
885.806,0,275.115
876.16,0,313.935
841.625,0,321.84
903.074,0,271.163
876.16,0,313.935
841.625,0,321.84
901.05,0,344.849
900.954,0,410.772
925.796,0,474.647
908.719,0,346.755
885.616,0,406.96
860.584,0,474.93
901.097,0,311.888
30
-861,0,-335
873.853,0,226.647
889.442,0,263.484
885.59,0,279.014
877.885,0,310.072
841.048,0,325.661
903.045,0,275.101
885.65,0,311.998
841.048,0,325.661
901.239,0,348.836
885.829,0,410.953
862.654,0,471.144
909.003,0,350.762
901.358,0,414.805
928.624,0,471.024
903.105,0,308.086
31
-863,0,-334
876.468,0,221.781
891.856,0,258.704
887.918,0,274.211
878.075,0,312.981
848.907,0,330.337
905.395,0,270.395
885.829,0,314.95
841.153,0,328.369
910.939,0,346.087
895.189,0,408.119
927.932,0,474.209
918.693,0,348.055
895.189,0,408.119
927.932,0,474.209
903.305,0,311.133
32
-869,0,-333.5
880.31,0,228.545
895.951,0,257.982
891.352,0,273.009
879.855,0,310.574
842.903,0,323.916
908.678,0,270.095
887.368,0,312.874
842.903,0,323.916
910.522,0,344.611
892.125,0,404.716
863.917,0,470.035
910.522,0,344.611
899.638,0,407.016
930.92,0,465.891
904.693,0,309.96
33
-864,0,-335.5
883.419,0,226.81
898.399,0,263.372
894.418,0,278.667
886.456,0,309.258
849.893,0,324.238
911.704,0,275.001
886.456,0,309.258
849.893,0,324.238
909.084,0,347.811
893.159,0,408.991
861.939,0,466.191
916.731,0,349.801
900.806,0,410.982
934.748,0,468.811
909.398,0,315.229
34
-869,0,-333
885.251,0,224.831
900.867,0,261.126
897.154,0,276.488
889.727,0,307.213
853.432,0,322.83
914.373,0,272.52
887.871,0,314.894
853.432,0,322.83
913.026,0,345.365
905.853,0,408.671
933.119,0,464.042
920.707,0,347.222
898.172,0,406.815
866.099,0,472.232
912.771,0,312.783
35
-871,0,-332.5
887.46,0,227.855
902.44,0,264.417
898.459,0,279.712
890.496,0,310.303
853.934,0,325.283
915.745,0,276.046
890.496,0,310.303
853.934,0,325.283
913.124,0,348.856
897.2,0,410.036
865.98,0,467.236
920.772,0,350.846
904.847,0,412.027
931.142,0,467.866
913.439,0,316.274
36
-872,0,-333.5
881.714,0,223.619
897.235,0,259.69
893.544,0,274.958
893.797,0,307.338
857.726,0,322.859
918.291,0,272.86
891.952,0,314.972
850.093,0,321.014
916.952,0,345.254
902.19,0,406.325
936.921,0,463.199
924.586,0,347.1
902.19,0,406.325
935.076,0,470.833
909.065,0,311.029
37
-869,0,-334
890.701,0,225.988
903.552,0,263.259
898.753,0,278.318
889.156,0,308.436
859.509,0,323.87
916.119,0,275.558
894.24,0,318.349
852.027,0,321.486
909.491,0,348.091
900.178,0,403.181
871.102,0,468.561
926.856,0,345.331
900.178,0,403.181
938.163,0,465.049
914.004,0,308.06
38
-875,0,-332.5
888.299,0,224.333
904.6,0,260.861
901.05,0,276.462
892.174,0,315.465
863.447,0,333.541
918.426,0,272.211
899.975,0,317.24
857.422,0,323.965
916.276,0,353.767
903.85,0,408.371
874.048,0,467.226
924.077,0,355.543
903.85,0,408.371
938.227,0,473.626
917.351,0,312.989
39
-877,0,-334
891.947,0,228.53
907.323,0,264.833
903.568,0,280.185
896.057,0,310.89
867.538,0,328.32
920.703,0,276.241
896.057,0,310.89
859.909,0,326.454
919.062,0,349.058
911.67,0,412.334
938.548,0,467.72
926.691,0,350.924
905.919,0,402.791
873.763,0,468.145
918.943,0,316.488
40
-880,0,-333
896.015,0,225.139
903.484,0,259.458
907.219,0,276.617
899.467,0,307.061
861.271,0,329.752
924.379,0,272.883
897.529,0,314.671
863.209,0,322.141
922.158,0,345.256
914.264,0,408.08
940.69,0,463.435
929.768,0,347.194
906.653,0,406.142
875.927,0,463.152
922.299,0,312.875
41
-881,0,-332.5
899.462,0,224.832
907.311,0,259.737
911.235,0,277.19
903.552,0,308.254
893.865,0,314.099
928.688,0,273.265
901.631,0,316.02
857.039,0,329.714
925.012,0,354.767
911.567,0,409.129
944.717,0,475.015
934.699,0,348.922
911.567,0,409.129
878.748,0,475.181
919.084,0,312.095
42
-880,0,-333
893.718,0,224.938
909.275,0,261.163
913.235,0,278.362
896.401,0,314.961
862.171,0,323.021
922.712,0,272.504
904.039,0,316.789
862.171,0,323.021
921.436,0,345.329
914.361,0,408.64
941.516,0,463.892
929.074,0,347.156
906.723,0,406.812
876.734,0,464.64
921.154,0,312.759
43
-887,0,-331.5
900.178,0,223.472
915.354,0,260.482
911.328,0,275.967
911.019,0,308.95
893.521,0,312.667
928.827,0,272.25
909.006,0,316.693
864.254,0,329.856
924.182,0,353.702
917.834,0,409.914
950.199,0,476.19
933.938,0,347.973
910.091,0,407.901
884.232,0,475.571
926.504,0,312.976
44
-885,0,-332
898.616,0,225.14
914.745,0,261.21
911.25,0,276.623
902.512,0,315.157
866.442,0,331.287
928.411,0,272.412
902.512,0,315.157
868.19,0,323.58
928.097,0,345.268
921.822,0,408.67
948.123,0,471.355
935.803,0,347.016
914.116,0,406.922
882.974,0,472.788
927.38,0,312.693
45
-892,0,-331.5
904.507,0,227.364
919.25,0,264.213
915.052,0,279.45
906.657,0,309.925
875.123,0,334.025
932.576,0,276.081
914.369,0,312.049
869.509,0,324.282
929.112,0,348.898
920.034,0,411.972
953.717,0,470.432
936.825,0,351.023
920.034,0,411.972
887.818,0,468.671
929.795,0,316.299
46
-889,0,-333
902.539,0,224.956
918.342,0,261.075
914.767,0,276.47
907.619,0,307.261
869.87,0,330.948
931.855,0,272.325
905.832,0,314.959
871.657,0,323.25
931.072,0,345.156
924.425,0,408.514
950.167,0,471.278
938.722,0,346.932
916.775,0,406.738
885.391,0,472.465
930.57,0,312.589
47
-896,0,-332
907.307,0,228.532
922.051,0,265.19
920.01,0,272.825
909.81,0,310.998
880.786,0,327.781
935.279,0,276.905
909.81,0,310.998
873.151,0,325.741
932.188,0,349.696
925.541,0,405.178
949.433,0,468.821
941.862,0,344.102
917.907,0,403.138
884.276,0,467.769
934.754,0,309.483
48
-898,0,-332
906.801,0,228.708
922.003,0,264.914
920.091,0,272.532
920.058,0,304.913
902.911,0,308.706
937.238,0,268.739
910.529,0,310.618
874.322,0,325.82
933.348,0,348.737
919.961,0,402.057
887.515,0,466.788
942.878,0,343.032
927.579,0,403.97
959.895,0,468.765
935.293,0,308.738
49
-901,0,-331
905.532,0,225.885
928.337,0,264.496
916.553,0,277.606
916.172,0,310.021
886.903,0,326.587
941.767,0,276.214
916.172,0,310.021
879.174,0,324.522
938.977,0,348.632
932.513,0,403.809
956.965,0,467.247
946.706,0,350.697
922.757,0,409.331
891.079,0,465.9
941.386,0,308.629
50
-904,0,-332
905.284,0,229.576
928.996,0,261.79
924.378,0,277.109
912.834,0,315.407
882.929,0,331.46
942.006,0,274.067
920.494,0,317.716
875.27,0,329.151
944.206,0,349.93
925.736,0,411.207
899.606,0,470.175
944.206,0,349.93
933.396,0,413.515
965.501,0,473.326
938.122,0,314.674
51
-904,0,-332
907.777,0,226.119
928.001,0,265.676
925.584,0,273.149
913.501,0,310.512
883.833,0,325.68
942.946,0,270.509
920.974,0,312.928
876.361,0,323.263
943.614,0,345.013
924.281,0,404.794
895.059,0,469.63
951.087,0,347.429
931.754,0,407.21
962.089,0,466.546
938.336,0,310.289
52
-911,0,-332
911.248,0,220.829
931.254,0,260.496
926.338,0,275.415
916.507,0,305.251
884.298,0,327.715
943.714,0,272.871
921.508,0,315.168
876.839,0,325.257
943.972,0,347.377
934.227,0,402.049
961.777,0,469.01
953.889,0,342.376
924.31,0,407.05
897.188,0,464.266
941.342,0,305.166
53
-913,0,-331
917.553,0,224.393
931.049,0,261.528
926.455,0,276.651
917.268,0,306.896
885.396,0,330.25
943.875,0,273.683
922.532,0,316.754
877.835,0,327.953
945.887,0,348.626
937.37,0,403.851
966.659,0,470.562
955.745,0,343.361
927.511,0,409.116
901.575,0,467.309
942.249,0,306.225
54
-916,0,-331
916.565,0,224.135
930.989,0,261.256
926.767,0,276.689
925.947,0,309.64
887.014,0,332.166
944.123,0,273.143
923.836,0,317.357
879.391,0,330.081
947.993,0,348.846
931.107,0,410.579
906.598,0,470.226
955.616,0,350.931
931.107,0,410.579
971.799,0,471.473
941.191,0,313.81
55
-918,0,-331
919.539,0,221.384
934.119,0,258.297
929.855,0,273.515
929.029,0,306.111
889.686,0,327.914
947.394,0,270.223
926.896,0,313.721
889.686,0,327.914
951.312,0,345.183
941.957,0,408.216
975.382,0,466.824
959.015,0,347.342
934.254,0,406.058
907.359,0,472.383
952.138,0,312.587
56
-922,0,-331
921.954,0,224.721
936.361,0,261.702
932.025,0,276.9
931.047,0,309.492
893.771,0,323.511
949.58,0,273.69
931.047,0,309.492
886.078,0,321.316
955.316,0,341.068
951.191,0,413.851
976.649,0,470.42
963.009,0,343.263
937.973,0,401.862
910.769,0,468.061
948.601,0,306.282
57
-925,0,-330
918.716,0,222.804
939.185,0,262.856
926.819,0,275.722
924.688,0,308.615
894.839,0,324.334
954.252,0,267.63
932.221,0,311.001
887.306,0,321.947
955.106,0,343.428
950.843,0,409.212
981.547,0,469.291
955.106,0,343.428
935.777,0,404.439
906.498,0,470.69
949.704,0,308.149
58
-928,0,-330
919.289,0,227.97
942.446,0,260.024
930.303,0,273.073
928.582,0,305.979
896.773,0,329.807
955.18,0,272.222
926.272,0,313.638
889.251,0,327.537
956.951,0,347.962
953.511,0,413.773
984.781,0,473.343
956.951,0,347.962
938.467,0,409.234
912.459,0,468.237
951.149,0,312.787
59
-932,0,-331
925.137,0,221.988
938.043,0,259.578
933.252,0,274.844
931.165,0,307.729
901.488,0,323.568
950.641,0,271.917
931.165,0,307.729
891.596,0,328.848
961.461,0,342.392
954.892,0,415.794
985.496,0,475.709
961.461,0,342.392
934.798,0,401.102
913.236,0,469.797
956.051,0,307.155
60
-934,0,-330
926.502,0,223.69
940.128,0,260.629
935.59,0,275.673
934.08,0,308.046
904.569,0,323.763
955.264,0,265.195
934.08,0,308.046
897.001,0,321.48
965.112,0,342.028
962.092,0,406.773
986.316,0,463.322
965.112,0,342.028
939.389,0,399.923
918.965,0,467.624
959.053,0,307.373
61
-936,0,-329
924.804,0,224.171
945.301,0,264.518
942.819,0,272.123
938.018,0,312.632
900.152,0,325.523
960.512,0,269.481
938.018,0,312.632
900.152,0,325.523
960.995,0,345.374
963.961,0,413.661
994.705,0,474.182
971.082,0,340.25
943.626,0,398.612
918.812,0,474.666
955.71,0,309.989
62
-938,0,-329
927.323,0,218.924
946.63,0,259.108
941.439,0,274.042
938.481,0,306.488
908.431,0,321.149
961.473,0,264.267
938.481,0,306.488
898.414,0,326.037
967.804,0,341.785
969.308,0,409.256
998.268,0,469.533
967.804,0,341.785
947.043,0,401.518
923.688,0,468.718
955.919,0,304.18
63
-944,0,-329
935.985,0,222.125
948.885,0,259.667
943.937,0,274.682
941.641,0,307.217
911.425,0,322.229
964.081,0,264.674
941.641,0,307.217
901.353,0,327.234
972.211,0,342.257
975.216,0,409.83
998.365,0,467.393
972.211,0,342.257
952.421,0,402.319
930.158,0,469.889
966.909,0,307.219
64
-947,0,-329
935.494,0,223.003
949.07,0,260.122
944.505,0,275.259
942.945,0,307.813
905.826,0,321.389
964.206,0,264.687
942.945,0,307.813
898.257,0,319.107
973.939,0,341.929
970.818,0,407.038
1002.53,0,466.14
973.939,0,341.929
948.113,0,400.192
927.574,0,468.305
960.363,0,304.81
65
-950,0,-329
932.632,0,220.656
952.869,0,260.229
940.559,0,272.764
938.368,0,305.086
908.689,0,320.264
967.822,0,265.062
945.845,0,307.503
901.213,0,317.847
968.499,0,339.599
971.593,0,406.659
1001.95,0,466.017
975.975,0,342.015
949.164,0,399.408
934.889,0,469.111
963.214,0,304.86
66
-955,0,-330
931.645,0,218.204
951.654,0,257.892
946.735,0,272.816
944.358,0,305.124
914.592,0,320.132
966.579,0,262.811
944.358,0,305.124
904.67,0,325.134
974.29,0,339.81
976.998,0,406.887
1007.01,0,466.418
974.29,0,339.81
954.612,0,399.507
932.474,0,466.667
969.204,0,305.042
67
-955,0,-330.5
935.366,0,217.763
954.74,0,258.064
949.508,0,272.982
946.504,0,305.436
906.203,0,324.81
969.659,0,263.295
946.504,0,305.436
906.203,0,324.81
975.953,0,340.893
980.02,0,400.957
1006.47,0,468.868
975.953,0,340.893
955.026,0,400.569
938.943,0,470.319
964.039,0,303.208
68
-958,0,-328.5
932.969,0,223.932
955.485,0,256.624
950.476,0,271.82
947.966,0,304.686
915.426,0,327.653
967.996,0,269.171
945.461,0,312.284
907.918,0,325.179
977.989,0,339.853
980.476,0,408.06
1010.49,0,468.495
977.989,0,339.853
947.942,0,405.759
942.921,0,471.491
972.993,0,304.512
69
-961,0,-327.5
941.894,0,222.643
955.681,0,253.437
957.415,0,271.071
943.106,0,307.913
919.607,0,324.227
967.734,0,266.598
950.564,0,310.81
912.149,0,321.33
982.127,0,340.028
991.924,0,403.193
1019.5,0,464.781
982.127,0,340.028
956.371,0,406.345
948.392,0,471.086
971.202,0,301.865
70
-965,0,-326
933.678,0,222.062
955.9,0,254.747
950.774,0,269.703
945.437,0,309.654
915.315,0,324.399
968.293,0,267.351
945.437,0,309.654
907.838,0,321.836
985.178,0,339.987
994.585,0,410.061
1016.6,0,467.742
985.178,0,339.987
954.634,0,404.724
949.086,0,469.672
972.996,0,302.388
71
-969,0,-328
934.969,0,223.22
954.689,0,258.021
955.617,0,275.886
950.141,0,308.413
915.34,0,328.133
976.683,0,267.627
950.141,0,308.413
908.009,0,324.931
987.726,0,342.286
1001.97,0,409.614
1026.75,0,472.813
987.726,0,342.286
951.579,0,405.067
947.959,0,473.323
975.337,0,310.687
72
-972,0,-329.5
939.88,0,218.686
955.889,0,260.169
949.52,0,274.542
951.156,0,309.657
920.043,0,321.664
970.262,0,266.538
951.156,0,309.657
909.672,0,325.667
991.091,0,335.95
1001.55,0,409.364
1028.75,0,464.403
987.907,0,343.137
955.246,0,397.445
948.147,0,471.677
979.085,0,304.837
73
-975,0,-328.5
944.194,0,221.036
961.51,0,262.135
955.54,0,276.678
950.913,0,308.766
917.028,0,328.843
976.139,0,268.141
950.913,0,308.766
909.713,0,325.84
988.829,0,341.328
1004.5,0,407.243
1033.46,0,461.619
988.829,0,341.328
954.646,0,403.768
952.707,0,470.949
978.827,0,303.233
74
-980,0,-327.5
938.422,0,225.995
959.696,0,259.042
954.227,0,273.781
947.924,0,313.363
917.612,0,327.268
971.701,0,271.88
955.294,0,316.097
910.243,0,324.533
996.776,0,339.874
1004.38,0,409.768
1034.92,0,463.022
994.042,0,347.243
957.427,0,400.73
957.659,0,467.89
975.502,0,306.827
75
-984,0,-326
941.377,0,226.475
966.903,0,265.519
959.924,0,279.917
953.164,0,312.202
924.808,0,334.018
981.3,0,272.499
960.363,0,315.692
917.61,0,330.529
1000.07,0,343.828
1011.63,0,411.667
1044.58,0,472.088
996.577,0,351.026
961.462,0,405.127
962.341,0,476.676
981.74,0,308.273
76
-988,0,-327.5
942.698,0,226.188
968.422,0,264.363
961.725,0,278.587
955.486,0,310.402
931.134,0,325.001
982.729,0,271.1
959.292,0,320.881
920.632,0,328.744
1002.21,0,341.09
1014.55,0,407.712
1047.88,0,466.847
998.866,0,348.201
957.773,0,398.359
966.756,0,472.093
987.45,0,316.762
77
-992,0,-326
942.134,0,230.108
967.312,0,268.646
960.414,0,282.772
964.277,0,310.901
929.166,0,328.746
981.523,0,275.585
960.828,0,317.965
918.612,0,332.34
1000.01,0,345.845
1021.95,0,409.042
1047.33,0,465.175
1007.12,0,349.314
961.864,0,405.946
966.141,0,469.267
989.042,0,314.246
78
-995,0,-327.5
948.844,0,232.69
965.779,0,268.157
958.494,0,282.088
957.855,0,317.235
932.997,0,330.847
979.71,0,275.442
964.821,0,320.878
922.388,0,334.17
1002.97,0,349.698
1022.91,0,413.347
1057.1,0,466.707
1002.97,0,349.698
956.258,0,405.103
972.554,0,475.717
986.037,0,314.232
79
-1002,0,-326
950.492,0,234.17
965.593,0,276.414
962.235,0,283.675
963.068,0,319.318
928.23,0,338.461
983.22,0,275.754
959.709,0,326.579
917.737,0,342.421
999.155,0,353.641
1021.81,0,417.007
1054.95,0,476.412
1006.29,0,356.941
958.016,0,405.127
970.176,0,472.453
987.829,0,321.958
80
-1005,0,-327.5
950.011,0,240.719
969.661,0,275.025
963.399,0,289.546
958.136,0,321.72
923.83,0,341.37
984.182,0,281.287
965.397,0,324.851
923.83,0,341.37
1005.83,0,350.897
1030.61,0,413.247
1058.52,0,468.336
1013.09,0,354.028
963.13,0,409.981
977.516,0,476.461
993.441,0,319.722
81
-1010,0,-325.5
955.98,0,239.604
972.958,0,275.821
965.443,0,289.947
964.539,0,325.712
928.321,0,342.691
987.083,0,283.336
964.539,0,325.712
921.258,0,338.934
1010.22,0,359.077
1033.81,0,416.935
1068.22,0,471.488
1010.22,0,359.077
962.278,0,415.127
982.11,0,480.047
993.242,0,322.859
82
-1013,0,-325.5
955.526,0,237.75
971.435,0,280.116
968.128,0,287.4
969.468,0,323.152
934.386,0,342.369
986.004,0,286.73
966.161,0,330.437
927.102,0,339.062
1017.15,0,353.587
1037.71,0,424.42
1075.47,0,476.708
1013.84,0,360.871
962.228,0,416.51
989.398,0,472.774
994.629,0,325.789
83
-1017,0,-325.5
954.79,0,241.009
972.249,0,276.314
965.155,0,290.448
965.017,0,325.767
933.3,0,336.388
986.299,0,283.367
965.017,0,325.767
922.727,0,339.929
1014.19,0,350.451
1035.06,0,414.009
1070.05,0,466.96
1010.65,0,357.518
964.671,0,414.065
989.086,0,470.556
993.186,0,322.213
84
-1022,0,-325.5
954.058,0,241.64
971.658,0,277.56
964.387,0,291.813
964.099,0,327.589
938.941,0,341.698
985.91,0,284.831
971.226,0,331.224
928.179,0,345.189
1021.11,0,356.67
1042.06,0,421.24
1081.04,0,468.065
1010.35,0,360.162
970.506,0,420.664
995.088,0,478.107
999.875,0,327.877
85
-1028,0,-325.5
953.041,0,242.028
970.13,0,278.194
966.394,0,285.269
972.672,0,324.773
936.506,0,341.861
995.088,0,282.328
968.936,0,331.847
929.432,0,338.125
1018.45,0,357.999
1038.48,0,422.859
1080.53,0,463.159
1018.45,0,357.999
970.682,0,414.193
1001.52,0,475.716
1001.37,0,321.833
86
-1034,0,-324.5
958.794,0,240.631
974.544,0,277.069
966.683,0,291.005
964.732,0,326.644
935.241,0,346.749
992.244,0,277.868
971.617,0,330.528
928.356,0,342.866
1012.93,0,353.829
1037.54,0,422.821
1077.88,0,463.941
1012.93,0,353.829
973.624,0,423.508
1006.1,0,478.565
997.178,0,317.391
87
-1038,0,-325.5
955.364,0,238.152
973.658,0,273.187
966.838,0,287.45
967.459,0,322.796
932.424,0,341.09
987.921,0,280.008
974.59,0,326.206
932.424,0,341.09
1013.97,0,353.799
1036.29,0,417.048
1079.39,0,455.183
1013.97,0,353.799
976.144,0,414.57
1009.01,0,474.099
995.674,0,318.764
88
-1045,0,-325.5
958.59,0,237.564
975.969,0,272.796
968.866,0,286.813
968.677,0,321.951
933.445,0,339.331
989.986,0,279.899
975.685,0,325.503
933.445,0,339.331
1014.19,0,353.821
1024.37,0,420.639
1076.88,0,456.061
1014.19,0,353.821
982.221,0,416.898
1017.08,0,469.794
996.806,0,318.588
89
-1050,0,-324.5
956.964,0,231.577
979.244,0,277.703
968.576,0,281.469
976.422,0,320.692
948.182,0,342.658
997.13,0,277.388
972.97,0,327.909
930.296,0,342.972
1020.04,0,359.286
1024.75,0,423.612
1079.03,0,458.44
1020.04,0,359.286
981.76,0,420.789
1025.69,0,477.269
1001.52,0,323.828
90
-1057,0,-325.5
963.556,0,234.756
981.297,0,269.808
974.338,0,283.898
974.51,0,319.036
946.503,0,340.256
995.387,0,276.767
974.51,0,319.036
939.458,0,336.776
1020.34,0,350.436
1017.21,0,427.757
1077.05,0,448.547
1020.34,0,350.436
985.55,0,420.884
1027.99,0,476.898
1002.6,0,315.384
91
-1061,0,-324.5
958.652,0,230.586
979.816,0,276.624
976.291,0,283.805
976.296,0,319.455
948.088,0,341.256
997.448,0,276.367
972.77,0,326.637
930.456,0,341.512
1011.56,0,354.592
1011.57,0,425.893
1068,0,453.592
1018.62,0,358.055
986.889,0,422.687
1029.21,0,479.112
1000.98,0,322.661
92
-1067,0,-325
961.356,0,236.793
980.318,0,271.297
973.844,0,285.721
975.233,0,321.002
940.78,0,340.196
994.654,0,277.732
975.233,0,321.002
933.612,0,336.978
1011.77,0,354.73
1007.38,0,422.075
1061.48,0,455.027
1022.17,0,350.736
996.971,0,426.069
1037.44,0,470.227
1003.21,0,316.231
93
-1073,0,-323.5
967.047,0,234
982.06,0,276.692
978.6,0,283.905
979.186,0,319.677
950.92,0,341.61
999.946,0,276.399
975.726,0,326.891
933.034,0,341.903
1015.55,0,354.863
998.832,0,426.701
1049.32,0,450.921
1029.97,0,361.783
998.832,0,426.701
1038.94,0,472.56
1004.29,0,322.844
94
-1079,0,-325.5
966.056,0,232.049
981.816,0,274.177
978.545,0,281.478
979.882,0,317.143
945.162,0,336.65
996.239,0,280.64
976.611,0,324.443
934.679,0,340.719
1006.13,0,355.202
983.893,0,424.138
1048.8,0,453.222
1031.03,0,357.596
998.316,0,430.601
1046.19,0,478.356
1004.79,0,319.537
95
-1085,0,-325
964.363,0,231.324
981.087,0,272.504
978.03,0,279.742
980.278,0,314.809
953.573,0,337.646
995.563,0,278.618
977.221,0,322.047
936.04,0,338.77
1007.3,0,351.808
979.782,0,416.95
1035.75,0,466.178
1032.07,0,353.741
1008.73,0,429.179
1053.29,0,465.054
1005.05,0,316.742
96
-1090,0,-323
965.782,0,234.802
984.955,0,269.908
978.323,0,284.469
979.62,0,320.222
944.514,0,339.395
999.516,0,276.54
976.304,0,327.502
937.234,0,336.079
1016.67,0,354.679
972.264,0,413.57
1020.56,0,461.94
1034.55,0,354.031
1015.95,0,433.467
1060.28,0,471.24
1008.09,0,315.61
97
-1095,0,-323
965.823,0,235.746
983.7,0,271.529
987.274,0,282.263
976.527,0,321.614
951.479,0,335.917
998.008,0,278.689
976.527,0,321.614
940.744,0,339.491
1012.29,0,357.403
969.343,0,407.477
1008.68,0,454
1030.18,0,357.409
1019.42,0,432.537
1069.5,0,475.487
1005.15,0,318.046
98
-1102,0,-322
960.475,0,232.143
986.614,0,270.107
990.531,0,280.577
974.148,0,316.546
949.931,0,331.573
993.808,0,273.383
970.872,0,323.739
939.461,0,335.491
1017.95,0,353.869
962.964,0,398.312
993.019,0,446.747
1035.61,0,353.228
1020.51,0,424.525
1068.23,0,472.319
1009.48,0,315.264
99
-1107,0,-323
959.193,0,232.401
986.629,0,265.616
989.815,0,276.472
977.663,0,315.412
952.117,0,328.806
993.65,0,269.451
973.828,0,322.433
941.261,0,331.992
1012.12,0,352.462
957.193,0,386.271
987.167,0,448.219
1030,0,353.11
1034.42,0,428.452
1075.9,0,469.337
1006.4,0,312.874
100
-1113,0,-323
960.488,0,226.5
984.666,0,265.438
991.657,0,269.031
980.684,0,307.58
948.932,0,317.776
991.657,0,269.031
970.1,0,310.979
934.755,0,328.166
1011.85,0,350.111
951.747,0,381.087
972.138,0,444.591
1029.43,0,350.306
1035.64,0,424.2
1084.39,0,466.926
1008.84,0,304.376
101
-1120,0,-322
962.712,0,227.188
988.19,0,266.264
995.384,0,269.762
977.892,0,305.735
977.892,0,305.735
988.19,0,266.264
974.394,0,312.929
931.622,0,327.714
1010.56,0,348.309
950.103,0,381.179
965.085,0,441.838
1028.45,0,348.111
1043.63,0,426.658
1090.69,0,476.228
1010.17,0,312.534
102
-1124,0,-322
964.633,0,224.933
983.192,0,259.853
997.512,0,266.573
980.711,0,302.372
977.351,0,309.532
990.352,0,263.213
966.831,0,313.332
935.271,0,324.731
1006.43,0,340.653
947.11,0,373.971
952.228,0,437.53
1020.75,0,347.373
1043.55,0,410.493
1087.39,0,466.013
1005.55,0,305.293
103
-1130,0,-321.5
967.688,0,215.865
985.117,0,257.629
992.516,0,260.671
1029.51,0,275.88
1006.9,0,309.834
985.117,0,257.629
963.823,0,309.422
932.5,0,322.494
1002.13,0,342.472
946.887,0,371.657
947.79,0,432.577
1019.97,0,341.157
1050.47,0,414.244
1097.5,0,468.176
1002.55,0,299.393
104
-1136,0,-319
957.21,0,214.797
986.884,0,250.115
991.789,0,260.17
1029.19,0,273.048
1008.83,0,307.873
984.309,0,257.595
961.376,0,299.9
931.209,0,314.614
1006.01,0,340.369
940.772,0,359.741
940.033,0,434.789
1016.07,0,335.464
1050.4,0,405.854
1097.36,0,463.858
1003.93,0,297.817
105
-1143,0,-317
962.262,0,210.511
981.647,0,244.753
992.916,0,258.268
1028.97,0,274.03
988.422,0,307.836
978.495,0,251.963
959.58,0,295.226
925.339,0,314.611
1003.75,0,331.715
941.571,0,356.063
934.83,0,430.416
1018.17,0,338.02
1052.88,0,396.14
1087.59,0,454.26
1001.94,0,296.568
106
-1150,0,-316
961.322,0,208.069
979.476,0,248.983
994.291,0,254.785
1031.33,0,269.29
1012.44,0,295.7
979.476,0,248.983
962.259,0,292.95
928.557,0,313.558
1005.5,0,335.239
943.841,0,361.801
935.7,0,426.224
1015.78,0,330.812
1050.42,0,395.085
1095.33,0,454.931
997.629,0,289.898
107
-1156,0,-313
958.385,0,200.413
976.108,0,241.25
990.748,0,247.028
1031.78,0,271.683
977.843,0,301.157
980.539,0,251.459
955.883,0,292.49
925.255,0,305.782
1001.34,0,327.354
937.2,0,361.259
933.157,0,435.806
1015.98,0,333.133
1049.89,0,397.277
1096.89,0,449.671
998.262,0,292.296
108
-1163,0,-314
956.554,0,200.523
974.639,0,241.47
989.397,0,247.185
1030.81,0,271.711
1014.86,0,290.99
982.018,0,244.328
954.635,0,293.123
921.068,0,314.066
1000.57,0,327.885
936.295,0,362.392
932.713,0,437.376
1007.95,0,330.743
1049.84,0,397.878
1097.44,0,450.256
989.867,0,289.796
109
-1169,0,-313
954.349,0,197.737
980.599,0,241.401
988.06,0,244.165
1030.06,0,268.209
1011.55,0,295.289
977.835,0,248.862
953.791,0,290.864
920.352,0,312.417
997.727,0,332.594
941.075,0,371.002
938.583,0,446.444
1015.41,0,330.661
1040.83,0,399.472
1089.47,0,451.427
996.624,0,289.761
110
-1175,0,-314
954.99,0,195.214
972.885,0,235.994
987.554,0,241.715
1028.7,0,266.212
1009.92,0,292.688
970.025,0,243.328
952.861,0,287.333
919.417,0,308.089
995.62,0,329.36
936.064,0,373.731
942.517,0,443.847
1013.15,0,327.747
1037.13,0,396.249
1084.36,0,448.471
987.92,0,284.107
111
-1183,0,-313
956.652,0,195.202
975.242,0,235.669
990.006,0,241.139
1024.18,0,262.194
1005.86,0,288.988
972.507,0,243.051
956.1,0,287.344
923.015,0,308.669
999.571,0,328.633
938.049,0,381.399
945.7,0,451.394
1006.95,0,331.367
1029.37,0,406.832
1082.96,0,443.473
991.097,0,283.518
112
-1190,0,-313
956.153,0,194.601
975.831,0,235.08
980.75,0,245.2
1023.27,0,268.32
1005.35,0,295.799
973.231,0,242.6
950.11,0,285.118
914.551,0,314.916
992.347,0,333.397
948.987,0,385.754
958.265,0,456.312
1009.99,0,331.078
1016.66,0,409.155
1079.14,0,447.596
990.309,0,290.599
113
-1196,0,-313
948.331,0,201.945
968.688,0,242.088
991.375,0,249.507
1019.15,0,266.963
1001.7,0,294.739
968.688,0,242.088
951.375,0,295.024
911.232,0,315.38
996.891,0,335.024
944.382,0,393.192
962.407,0,466.057
1006.93,0,329.935
1012.44,0,415.452
1075.56,0,452.836
986.571,0,289.792
114
-1203,0,-313
947.943,0,199.057
972.46,0,243.523
979.78,0,246.528
1020.68,0,271.916
1001.28,0,298.354
972.46,0,243.523
943.992,0,292.043
917.266,0,315.476
996.513,0,330.801
951.66,0,398.398
974.435,0,467.95
1003.83,0,333.806
1002.9,0,419.431
1068.79,0,446.472
986.636,0,292.345
115
-1209.5,0,-312.5
947.677,0,198.496
965.594,0,239.516
980.329,0,245.292
1011.39,0,274.466
994.062,0,318.669
970.074,0,249.771
942.492,0,298.454
908.838,0,319.26
1005.91,0,331.812
952.041,0,404.189
986.285,0,468.607
995.654,0,336.292
988.877,0,418.628
1055.18,0,444.618
987.991,0,290.792
116
-1221,0,-313
942.399,0,203.056
965.034,0,243.396
980.575,0,251.732
948.139,0,290.732
916.09,0,313.827
964.841,0,251.349
940.079,0,298.494
908.029,0,321.589
986.315,0,339.408
960.973,0,410.413
990.894,0,474.804
1002.05,0,339.791
976.514,0,418.749
1046.74,0,444.33
987.282,0,299.642
117
-1226,0,-313
951.148,0,204.258
969.619,0,245.297
974.236,0,255.556
964.749,0,303.009
933.97,0,316.862
966.798,0,252.735
939.612,0,301.984
906.012,0,323.276
993.479,0,339.43
972.707,0,416.637
1000.41,0,478.194
1000.92,0,342.251
972.707,0,416.637
1039.65,0,442.026
985.268,0,293.774
118
-1232,0,-312
941.618,0,202.575
968.847,0,244.974
973.79,0,254.946
966.162,0,302.203
928.79,0,314.517
966.333,0,252.431
941.276,0,302.117
911.362,0,316.946
1003.36,0,339.659
973.276,0,404.259
1007.88,0,474.059
1003.36,0,339.659
953.334,0,414.145
1020.45,0,436.773
983.59,0,299.774
119
-1240,0,-312
947.35,0,209.909
966.356,0,244.363
977.475,0,258.001
965.259,0,304.285
923.631,0,320.06
970.3,0,254.77
940.502,0,301.765
906.048,0,320.771
1009.02,0,341.259
976.705,0,413.012
1016.53,0,439.578
998.616,0,345.202
944.772,0,407.26
1016.53,0,439.578
986.074,0,296.398
120
-1247,0,-313
945.418,0,211.782
965.523,0,246.362
977.136,0,259.968
965.782,0,307.287
916.469,0,321.152
969.77,0,256.848
940.562,0,305.293
905.982,0,325.399
1000.62,0,348.108
987.271,0,420.646
1037.97,0,485.56
1000.62,0,348.108
943.073,0,401.925
988.398,0,438.499
983.635,0,306.161
121
-1254,0,-311
941.584,0,208.068
966.371,0,252.245
970.735,0,262.547
960.252,0,309.513
914.681,0,316.665
970.735,0,262.547
935.285,0,307.938
904.379,0,321.029
1005.64,0,344.963
993.586,0,416.896
1037.4,0,477.314
998.31,0,341.994
927.591,0,390.173
984.678,0,438.895
988.189,0,303.755
122
-1266,0,-312
936.4,0,209.84
962.719,0,247.429
966.701,0,257.822
961.843,0,307.356
905.898,0,316.872
966.701,0,257.822
937.076,0,304.926
895.506,0,320.853
998.555,0,340.962
998.455,0,418.469
1043.13,0,472.861
998.555,0,340.962
929.789,0,379.227
974.464,0,433.619
982.628,0,299.392
123
-1270.5,0,-311.5
942.548,0,207.236
957.666,0,249.238
961.446,0,259.738
958.892,0,302.073
909.657,0,313.57
971.967,0,256.017
934.07,0,299.015
899.136,0,317.291
991.682,0,343.743
1000.47,0,417.579
1054.71,0,469.417
995.053,0,336.632
925.184,0,373.184
955.012,0,439.576
976.564,0,301.74
124
-1283,0,-312
938.372,0,205.512
956.737,0,246.603
961.328,0,256.876
951.715,0,304.31
913.464,0,315.242
971.601,0,252.285
926.578,0,303.219
892.918,0,324.425
990.626,0,336.219
1002.22,0,417.312
1057.74,0,472.608
990.626,0,336.219
918.716,0,368.357
943.422,0,437.427
979.693,0,297.968
125
-1287,0,-312
941.506,0,203.11
951.683,0,241.275
956.055,0,251.546
948.674,0,291.215
907.682,0,308.923
963.365,0,254.469
928.178,0,300.069
887.186,0,317.778
991.029,0,333.72
1004.07,0,407.126
1058.11,0,462.824
988.09,0,341.069
911.983,0,361.787
932.337,0,438.115
973.542,0,292.633
126
-1295,0,-311
940.739,0,197.39
952.428,0,235.198
954.547,0,252.769
948.665,0,292.697
900.737,0,309.172
964.665,0,247.984
923.642,0,292.149
890.619,0,313.957
982.711,0,338.506
1008.76,0,406.671
1057.71,0,457.813
982.711,0,338.506
914.545,0,364.551
920.353,0,442.287
973.688,0,293.245
127
-1303,0,-311
934.21,0,196.541
947.821,0,233.62
950.854,0,251.037
939.572,0,288.969
928.217,0,244.304
960.656,0,245.695
922.224,0,292.067
883.016,0,313.435
975.82,0,332.78
1003.04,0,406.938
1054.38,0,455.238
975.82,0,332.78
907.205,0,370.175
909.534,0,445.186
964.465,0,288.115
128
-1312,0,-313
930.68,0,189.583
949.461,0,236.475
947.162,0,244.004
943.234,0,283.961
896.187,0,302.518
957.031,0,238.787
918.225,0,284.555
876.449,0,312.952
977.155,0,335.478
989.038,0,404.958
1050.27,0,448.352
977.155,0,335.478
908.07,0,371.998
902.514,0,444.383
965.943,0,290.897
129
-1318,0,-312
924.486,0,190.583
945.043,0,230.359
950.182,0,240.303
920.685,0,280.747
888.451,0,303.706
950.182,0,240.303
918.282,0,288.289
878.507,0,308.845
971.407,0,330.132
987.494,0,410.017
1043.02,0,444.319
978.949,0,332.534
906.94,0,376.05
900.402,0,448.728
960.795,0,285.217
130
-1327,0,-312
923.487,0,188.055
939.533,0,227.362
947.543,0,243.08
915.849,0,282.549
884.103,0,306.273
947.516,0,235.208
907.919,0,290.448
868.19,0,306.327
971.704,0,329.595
971.969,0,408.318
1035.7,0,431.72
971.704,0,329.595
908.211,0,377.043
908.424,0,440.022
963.615,0,290.26
131
-1336.5,0,-311.5
918.689,0,188.911
938.335,0,228.858
943.247,0,238.845
938.008,0,278.629
898.06,0,298.275
953.233,0,233.934
910.585,0,285.914
870.638,0,305.561
970.015,0,331.101
959.537,0,410.668
1026.58,0,433.506
970.015,0,331.101
909.93,0,385.455
909.439,0,460.111
960.355,0,286.242
132
-1345,0,-310
921.878,0,185.782
941.006,0,226.519
943.086,0,244.186
929.581,0,281.6
888.844,0,300.728
945.787,0,236.703
909.212,0,291.164
868.476,0,310.291
963.674,0,327.739
948.927,0,415.454
1018.98,0,432.281
971.157,0,330.44
914.214,0,394.465
919.835,0,472.617
954.731,0,282.221
133
-1356,0,-312
909.84,0,190.135
930.255,0,229.833
935.359,0,239.758
905.98,0,280.24
891.291,0,300.482
945.255,0,234.6
903.584,0,287.782
863.998,0,308.415
956.395,0,329.472
939.932,0,407.27
1007.43,0,428.718
963.895,0,331.855
917.432,0,400.12
935.761,0,472.368
953.377,0,286.998
134
-1362,0,-312
915.637,0,190.881
934.933,0,231.407
939.757,0,241.539
933.914,0,281.471
895.949,0,293.095
939.757,0,241.539
898.616,0,285.645
865.475,0,307.401
958.034,0,332.129
931.365,0,406.63
993.96,0,420.632
968.192,0,327.361
923.874,0,403.949
947.485,0,479.639
948.896,0,286.834
135
-1373,0,-313
913.708,0,187.364
930.77,0,234.796
935.672,0,244.792
898.045,0,281.846
872.96,0,306.548
938.219,0,237.343
895.498,0,289.295
855.515,0,308.904
947.45,0,332.016
907.084,0,401.412
981.574,0,426.88
964.895,0,329.66
929.431,0,409.053
956.298,0,476.476
945.286,0,289.677
136
-1380,0,-313
908.827,0,192.105
930.315,0,231.659
935.687,0,241.548
904.618,0,290.443
874.952,0,306.559
935.687,0,241.548
887.099,0,293.556
857.433,0,309.672
948.996,0,336.772
895.892,0,404.042
969.936,0,434.255
966.515,0,333.659
934.043,0,415.333
971.647,0,484.553
947.286,0,286.474
137
-1388.5,0,-313.5
902.42,0,194.966
922.139,0,235.174
944.612,0,242.858
989.558,0,258.224
969.261,0,293.118
927.069,0,245.227
884.108,0,297.471
846.46,0,309.699
946.404,0,335.503
885.899,0,390.116
933.214,0,423.025
961.386,0,340.625
940.705,0,425.586
980.336,0,480.969
944.227,0,292.926
138
-1396.5,0,-313.5
905.757,0,194.301
924.836,0,234.818
937.055,0,247.626
981.751,0,263.704
989.2,0,266.384
919.476,0,249.716
878.371,0,293.823
847.984,0,308.132
947.505,0,335.518
873.922,0,376.355
930.248,0,430.27
962.404,0,340.878
943.056,0,418.051
986.573,0,484.184
946.005,0,292.912
139
-1410.5,0,-313.5
897.268,0,199.126
924.765,0,242.346
947.474,0,250.11
985.323,0,263.05
967.401,0,290.741
922.177,0,249.916
871.193,0,300.122
840.72,0,315.067
941.715,0,341.142
870.61,0,376.014
918.228,0,434.568
959.443,0,338.748
948.702,0,419.623
1001.3,0,488.334
942.104,0,290.547
140
-1422.5,0,-313.5
894.278,0,193.401
920.091,0,237.04
942.308,0,245.451
986.74,0,262.272
957.912,0,293.692
914.484,0,251.851
872.643,0,295.279
834.611,0,306.281
943.894,0,330.719
862.222,0,367.535
897.239,0,431.592
951.3,0,333.523
952.886,0,418.792
1005.52,0,481.051
932.892,0,292.687
141
-1431.5,0,-315
896.776,0,193.435
915.28,0,234.486
945.149,0,245.967
979.645,0,267.711
953.344,0,291.541
909.597,0,249.272
867.304,0,292.41
826.069,0,310.501
946.604,0,331.375
859.507,0,357.293
884.421,0,426.263
943.763,0,338.768
962.994,0,422.523
1018.83,0,477.926
935.568,0,293.194
142
-1440.5,0,-315
888.548,0,189.631
908.28,0,229.854
938.257,0,240.099
978.101,0,270.456
945.372,0,292.75
903.157,0,244.842
862.744,0,289.619
822.521,0,309.351
940.06,0,332.783
849.748,0,352.135
864.167,0,432.392
930.004,0,337.716
961.974,0,415.6
1016.62,0,476.125
930.384,0,287.627
143
-1452.5,0,-315
893.639,0,186.712
904.338,0,232.116
934.823,0,241.848
975.684,0,271.687
935.468,0,292.44
891.852,0,244.926
851.959,0,290.975
821.797,0,306.54
930.925,0,332.978
847.738,0,356.81
848.707,0,432.698
928.492,0,340.6
972.432,0,413.41
1018.8,0,478.599
920.226,0,287.574
144
-1463.5,0,-316
881.718,0,188.543
902.829,0,233.979
936.102,0,246.141
964.188,0,282.811
932.705,0,286.391
887.982,0,243.639
845.23,0,288.362
806.771,0,300.707
930.203,0,334.511
837.542,0,360.99
829.853,0,433.617
914.461,0,336.3
962.763,0,410.535
1018.04,0,476.004
916.963,0,288.18
145
-1472.5,0,-316.5
882.109,0,184.77
903.875,0,231.141
933.12,0,246.397
966.403,0,279.08
931.55,0,287.159
884.579,0,242.959
842.248,0,282.151
805.526,0,298.009
929.981,0,327.921
839.11,0,363.675
828.193,0,443.33
920.333,0,333.83
959.827,0,409.145
1010.84,0,470.772
914.124,0,291.199
146
-1481.5,0,-317.5
884.266,0,181.63
898.139,0,226.103
927.231,0,241.323
958.455,0,281.739
925.624,0,282.076
878.92,0,237.94
834.872,0,284.948
798.302,0,300.842
922.147,0,330.607
837.528,0,376.092
820.702,0,446.099
904.797,0,334.665
944.024,0,409.916
1013.95,0,459.633
908.274,0,286.134
147
-1490.5,0,-317.5
878.73,0,181.204
892.581,0,225.269
923.39,0,232.673
943.091,0,286.291
797.046,0,283.779
873.474,0,236.971
831.558,0,275.779
795.195,0,291.481
908.878,0,326.951
832.45,0,373.76
821.641,0,452.633
901.175,0,325.1
936.579,0,415.081
1009.9,0,448.997
902.729,0,284.738
148
-1505.5,0,-318.5
869.726,0,181.377
886.075,0,224.999
915.974,0,238.559
932.323,0,282.182
794.893,0,281.62
875.385,0,239.32
827.65,0,279.437
784.202,0,295.94
900.252,0,325.143
832.565,0,386.03
819.702,0,456.872
898.823,0,333.015
923.69,0,418.838
1006.98,0,450.224
899.566,0,284.365
149
-1511.5,0,-318.5
868.745,0,181.522
884.279,0,225.26
913.915,0,239.362
921.646,0,281.525
784.276,0,278.161
865.524,0,237.716
824.864,0,278.232
781.126,0,293.766
896.591,0,325.192
835.602,0,385.966
827.656,0,465.568
896.591,0,325.192
910.479,0,417.32
994.733,0,442.446
896.663,0,284.603
150
-1523.5,0,-318.5
865.657,0,181.392
881.526,0,225.004
911.266,0,238.876
911.508,0,279.459
781.944,0,278.669
862.869,0,237.603
814.714,0,276.913
780.43,0,286.483
885.279,0,331.127
832.58,0,393.878
842.391,0,468.745
893.093,0,332.641
899.875,0,423.136
978.012,0,438.281
894.366,0,284.244
151
-1533.5,0,-318
863.034,0,177.457
879.331,0,228.588
901.807,0,240.199
809.921,0,258.222
774.597,0,276.991
861.052,0,241.925
815.353,0,275.266
773.362,0,284.895
886.978,0,335.047
836.337,0,400.004
855.595,0,483.987
886.978,0,335.047
881.289,0,423.227
968.233,0,436.82
886.489,0,286.388
152
-1538.5,0,-318
860.766,0,183.923
870.526,0,225.659
892.937,0,237.115
888.154,0,268.59
774.403,0,275.458
852.397,0,239.005
799.205,0,271.176
765.339,0,282.131
878.589,0,331.541
835.158,0,405.447
863.742,0,482.245
878.589,0,331.541
864.242,0,425.967
944.126,0,430.055
876.699,0,291.001
153
-1553.5,0,-320
855.14,0,183.475
865.219,0,232.794
895.872,0,244.512
884.154,0,275.165
860.718,0,336.471
848.462,0,238.787
796.28,0,272.572
754.863,0,283.605
876.522,0,338.379
842.322,0,422.437
875.152,0,482.52
876.522,0,338.379
842.322,0,422.437
921.34,0,431.977
874.344,0,290.014
154
-1561.5,0,-320
845.894,0,185.113
855.938,0,231.8
874.768,0,244.031
850.499,0,281.818
862.217,0,336.286
851.544,0,249.028
791.288,0,270.132
752.582,0,278.459
871.632,0,342.401
838.576,0,414.643
878.54,0,487.458
871.632,0,342.401
823.094,0,417.974
901.135,0,441.891
869.329,0,294.049
155
-1569.5,0,-320
842.633,0,196
859.366,0,241.438
868.705,0,247.772
843.177,0,285
861.389,0,338.258
852.984,0,250.745
783.716,0,271.942
744.412,0,279.373
870.728,0,344.592
843.254,0,414.588
889.483,0,486.85
870.728,0,344.592
810.332,0,412.713
889.951,0,446.26
861.856,0,297.668
156
-1576.5,0,-320
832.721,0,199.764
847.003,0,237.753
865.283,0,250.892
866.425,0,307.16
849.288,0,350.289
841.719,0,254.747
780.166,0,272.885
739.607,0,271.457
872.852,0,346.433
854.286,0,430.122
895.987,0,487.818
864.997,0,347.719
794.162,0,407.7
858.142,0,453.686
857.285,0,300.59
157
-1588.5,0,-319.5
834.47,0,192.631
842.221,0,240.001
860.434,0,253.233
844.742,0,304.44
843.387,0,345.193
836.991,0,257.07
774.475,0,267.299
734.111,0,265.798
868.122,0,349.252
849.784,0,433.317
907.006,0,488.805
852.493,0,351.81
780.809,0,404.072
838.031,0,459.559
852.557,0,303.161
158
-1593.5,0,-320
823.067,0,197.723
839.76,0,243.168
858.358,0,255.852
808.477,0,249.083
801.084,0,209.98
649.108,0,263.015
664.321,0,300.64
730.271,0,263.87
858.983,0,344.837
859.607,0,433.821
918.36,0,487.514
851.162,0,346.315
772.528,0,401.684
817.119,0,466.155
851.589,0,305.733
159
-1608.5,0,-321.5
819.476,0,192.555
832.488,0,244.247
846.216,0,255.365
799.979,0,245.356
800.695,0,204.782
658.869,0,263.686
764.101,0,262.028
677.902,0,324.828
850.806,0,345.964
857.081,0,428.781
631.202,0,428.762
843.1,0,344.296
767.976,0,393.201
663.711,0,427.653
843.816,0,303.721
160
-1611.5,0,-321
811.276,0,195.477
827.725,0,238.884
834.149,0,248.13
787.14,0,239.664
794.195,0,200.49
670.399,0,259.085
680.425,0,293.245
718.819,0,259.715
840.722,0,346.38
859.362,0,422.536
639.358,0,431.449
657.701,0,329.597
664.904,0,379.428
672.108,0,429.258
647.675,0,295.436
161
-1626.5,0,-322.5
644.942,0,218.391
650.357,0,250.761
631.642,0,267.594
619.283,0,299.023
617.4,0,334.571
674.488,0,266.298
679.903,0,298.668
692.616,0,327.86
639.294,0,325.036
858.354,0,429.323
640.944,0,428.503
667.544,0,330.097
672.018,0,380.241
745.706,0,469.699
822.097,0,306.199
162
-1629.5,0,-322.5
658.363,0,222.221
806.166,0,244.236
634.705,0,267.077
625.571,0,305.609
630.959,0,337.817
684.598,0,262.626
693.148,0,302.095
706.382,0,253.139
645.482,0,331.492
649.933,0,381.384
654.384,0,431.277
670.428,0,329.266
747.844,0,407.851
689.754,0,433.15
657.778,0,300.221
163
-1641,0,-321
662.851,0,220.907
668.341,0,253.229
646.688,0,262.659
637.743,0,301.268
636.015,0,336.734
692.307,0,268.827
697.797,0,301.149
710.504,0,330.328
660.845,0,334.598
658.254,0,387.797
659.703,0,430.557
685.675,0,332.463
690.301,0,382.518
694.927,0,432.574
803.469,0,307.198
164
-1644,0,-321
670.869,0,219.344
792.803,0,243.403
650.528,0,271.07
645.531,0,298.967
643.671,0,334.071
700.046,0,266.652
705.393,0,298.617
700.975,0,249.1
661.223,0,335.001
665.641,0,384.518
666.921,0,426.828
685.982,0,332.792
738.058,0,412.995
705.163,0,435.894
793.153,0,303.265
165
-1658.5,0,-324.5
682.344,0,215.394
683.354,0,257.784
657.151,0,277.762
757.763,0,208.247
657.098,0,337.748
704.295,0,265.797
732.57,0,270.615
725.182,0,333.795
671.767,0,331.359
675.913,0,380.951
680.059,0,430.542
700.043,0,336.178
734.537,0,415.382
715.669,0,432.166
684.364,0,300.175
166
-1670,0,-324
764.939,0,205.136
783.746,0,248.319
672.3,0,271.168
757.651,0,208.31
763.845,0,162.802
779.591,0,258.69
715.012,0,269.69
695.186,0,244.076
682.797,0,335.093
783.969,0,428.026
680.831,0,430.133
707.798,0,332.767
734.987,0,415.11
723.544,0,428.655
783.82,0,308.221
167
-1672,0,-324
754.546,0,210.819
768.358,0,254.793
769.021,0,265.953
732.285,0,307.332
739.522,0,334.898
769.021,0,265.953
707.976,0,275.18
689.579,0,248.277
774.327,0,355.227
727.757,0,419.588
731.737,0,486.544
774.327,0,355.227
692.29,0,388.1
689.695,0,438.648
771.674,0,310.59
168
-1686.5,0,-329
755.573,0,208.374
711.346,0,259.572
690.481,0,270.855
681.03,0,303.249
682.34,0,338.919
761.343,0,268.916
701.241,0,274.131
689.171,0,235.185
700.056,0,338.434
702.021,0,391.94
707.136,0,434.647
728.532,0,341.226
728.002,0,423.364
737.577,0,490.944
709.506,0,306.04
169
-1698.5,0,-328.5
714.535,0,229.561
754.432,0,253.461
698.122,0,265.72
692.471,0,305.154
686.82,0,344.588
751.28,0,264.26
691.165,0,269.482
679.097,0,230.534
711.497,0,340.34
713.456,0,393.848
806.512,0,416.288
765.308,0,356.716
725.525,0,432.796
711.61,0,440.319
717.148,0,300.906
170
-1702.5,0,-329.5
742.004,0,210.14
746.783,0,252.217
750.521,0,259.129
748.957,0,206.38
763.996,0,117.859
750.521,0,259.129
683.682,0,268.473
671.95,0,230.156
756.863,0,353.954
705.494,0,408.527
755.731,0,434.956
756.863,0,353.954
723.659,0,425.501
746.082,0,466.97
752.084,0,311.877
171
-1711.5,0,-330.5
730.868,0,199.358
739.457,0,248.701
760.986,0,255.056
744.868,0,191.788
747.044,0,145.622
736.222,0,259.448
675.93,0,265.056
671.106,0,222.675
756.634,0,347.388
694.167,0,399.161
762.517,0,425.188
756.634,0,347.388
730.754,0,433.365
757.106,0,482.101
751.81,0,305.007
172
-1719.5,0,-330.5
724.124,0,197.468
739.76,0,243.035
761.795,0,267.135
773.664,0,305.736
781.765,0,337.37
729.593,0,257.536
669.525,0,263.005
664.623,0,220.637
757.098,0,341.704
680.464,0,383.142
767.469,0,444.141
739.397,0,342.272
731.5,0,427.575
761.637,0,483.309
745.229,0,303.104
173
-1726.5,0,-330.5
716.583,0,194.742
732.215,0,240.3
749.912,0,239.732
737.479,0,183.443
739.543,0,137.317
718.285,0,247.832
668.96,0,256.5
667.826,0,221.106
756.515,0,335.182
669.165,0,373.413
777.616,0,440.797
738.818,0,335.75
737.888,0,417.269
735.777,0,130.352
740.882,0,289.624
174
-1735.5,0,-331.5
717.521,0,192.271
729.51,0,231.262
744.157,0,241.531
731.595,0,184.661
736.913,0,127.217
719.241,0,245.909
662.371,0,258.471
668.261,0,218.907
732.949,0,338.538
662.004,0,358.71
713.557,0,403.591
732.949,0,338.538
749.889,0,420.324
790.026,0,444.094
735.034,0,291.937
175
-1742,0,-330
763.614,0,225.406
771.797,0,257.359
750.686,0,268.775
740.99,0,301.301
735.258,0,122.508
797.287,0,270.86
656.911,0,246.724
666.607,0,214.197
763.82,0,343.524
656.544,0,346.963
704.865,0,402.687
788.737,0,339.146
790.456,0,392.784
799.213,0,442.617
773.516,0,310.997
176
-1748,0,-331
771.204,0,229.028
714.59,0,223.787
751.527,0,275.522
745.721,0,314.515
743.101,0,342.822
700.718,0,231.287
805.522,0,309.07
820.523,0,336.812
760.722,0,342.257
640.557,0,335.526
681.245,0,394.196
789.03,0,344.878
797.66,0,393.992
806.29,0,443.106
777.214,0,306.449
177
-1760.5,0,-335.5
780.666,0,229.23
788.849,0,261.184
760.701,0,276.404
754.81,0,315.968
752.151,0,344.69
814.339,0,274.685
648.473,0,237.047
830.706,0,338.592
777.068,0,340.311
778.787,0,393.95
667.706,0,390.351
805.789,0,342.97
807.509,0,396.608
733.858,0,109.026
714.1,0,274.319
178
-1772.5,0,-335
792.574,0,225.726
706.642,0,209.546
772.286,0,271.501
760.632,0,310.15
757.614,0,341.672
820.324,0,268.148
832.313,0,309.06
837.93,0,333.456
782.011,0,336.055
784.61,0,391.974
787.963,0,440.012
813.533,0,339.073
816.887,0,387.111
827.367,0,443.785
709.241,0,265.465
179
-1780.5,0,-334.5
798.576,0,222.828
802.705,0,263.187
777.427,0,276.753
774.394,0,308.434
770.602,0,348.036
825.707,0,273.383
838.515,0,306.58
665.448,0,194.096
795.122,0,342.39
630.312,0,310.625
647.248,0,384.183
818.883,0,344.665
727.209,0,383.846
834.302,0,434.064
706.903,0,262.008
180
-1790.5,0,-335
805.833,0,224.291
704.916,0,198.727
784.795,0,277.935
781.777,0,309.45
778.76,0,340.966
833.577,0,266.703
845.563,0,307.606
666.276,0,187.077
802.396,0,343.229
622.691,0,310.121
631.66,0,382.539
826.787,0,337.613
719.082,0,382.958
841.372,0,434.422
814.047,0,304.589
181
-1795.5,0,-334
815.405,0,227.615
820.267,0,259.892
795.116,0,273.39
783.463,0,312.039
788.326,0,344.316
843.154,0,270.036
641.276,0,218.897
860.76,0,335.345
804.841,0,337.944
617.215,0,304.074
618.305,0,375.755
836.364,0,340.962
839.717,0,389
850.951,0,437.793
823.621,0,307.931
182
-1807.5,0,-335
819.751,0,226.351
823.86,0,266.928
806.491,0,281.338
795.519,0,312.434
792.47,0,344.288
854.786,0,277.925
636.78,0,216.87
872.453,0,343.909
816.236,0,346.564
612.548,0,302.952
613.608,0,375.383
840.765,0,340.875
701.514,0,375.763
752.394,0,428.854
827.97,0,307.504
183
-1814.5,0,-336
829.246,0,229.932
834.133,0,262.375
808.853,0,275.942
805.061,0,315.548
802.027,0,347.233
857.138,0,272.571
869.947,0,305.773
874.835,0,338.216
826.549,0,341.587
614.951,0,297.347
600.204,0,367.879
850.313,0,343.862
696.018,0,369.059
738.994,0,421.137
837.504,0,310.661
184
-1823.5,0,-337
833.61,0,228.037
838.445,0,260.133
813.435,0,273.555
809.683,0,312.738
806.682,0,344.084
861.204,0,270.221
873.876,0,303.067
886.548,0,335.914
830.942,0,338.498
606.684,0,285.394
591.345,0,363.009
854.451,0,340.749
865.623,0,389.269
728.651,0,415.696
841.78,0,307.903
185
-1829.5,0,-337
842.014,0,230.843
846.859,0,263.282
821.705,0,276.862
817.913,0,316.468
814.88,0,348.153
869.737,0,273.467
630.043,0,202.555
648.834,0,172.378
839.275,0,342.495
606.701,0,280.258
583.359,0,357.962
862.911,0,344.758
678.664,0,359.093
712.749,0,418.313
850.187,0,311.564
186
-1840.5,0,-338.5
691.658,0,130.47
687.131,0,177.754
830.139,0,278.928
827.121,0,310.45
824.103,0,341.973
878.675,0,275.622
629.122,0,196.059
656.031,0,166.824
847.994,0,344.26
597.687,0,272.578
582.178,0,350.621
872.639,0,338.667
670.532,0,351.128
706.412,0,60.307
859.73,0,305.619
187
-1843.5,0,-338.5
861.703,0,228.144
865.854,0,268.724
840.439,0,282.364
837.389,0,314.218
834.339,0,346.073
888.983,0,278.975
631.522,0,198.069
659.225,0,160.539
858.23,0,348.36
592.043,0,274.655
577.217,0,345.565
882.883,0,342.684
664.816,0,353.952
709.717,0,52.8606
677.016,0,226.535
188
-1852.5,0,-339.5
869.882,0,232.878
874.796,0,265.495
849.38,0,279.134
837.605,0,318.19
834.555,0,350.044
897.924,0,275.746
632.5,0,194.077
652.239,0,155.784
859.208,0,344.368
593.021,0,270.663
570.232,0,340.81
891.062,0,347.418
650.63,0,340.471
668.421,0,406.467
878.185,0,314.039
189
-1861.5,0,-340.5
878.782,0,229.91
883.739,0,262.076
858.345,0,275.49
846.623,0,313.982
843.616,0,345.386
666.772,0,177.92
625.451,0,189.809
652.348,0,160.693
867.507,0,347.673
586.831,0,257.417
572.854,0,319.462
892.149,0,342.11
643.775,0,334.175
645.725,0,397.745
670.977,0,217.937
190
-1869.5,0,-341.5
684.651,0,115.352
887.67,0,261.252
862.279,0,274.629
858.53,0,313.789
855.531,0,345.118
670.689,0,177.246
629.371,0,189.098
649.047,0,151.462
880.171,0,339.573
591.518,0,248.705
560.878,0,316.907
663.19,0,255.567
632.55,0,323.769
633.765,0,395.02
891.134,0,309.007
191
-1876.5,0,-342.5
891.702,0,229.091
895.834,0,269.48
870.538,0,283.056
859.577,0,314.001
856.541,0,345.705
672.809,0,176.139
623.735,0,187.438
650.549,0,158.01
880.319,0,347.981
585.96,0,247.81
555.353,0,316.868
904.097,0,350.258
626.687,0,323.698
612.69,0,386.347
891.281,0,317.036
192
-1883.5,0,-342.5
888.39,0,228.714
672.951,0,160.649
876.035,0,274.97
864.429,0,313.39
861.429,0,344.728
923.915,0,271.647
622.821,0,187.475
642.281,0,149.807
884.994,0,346.985
586.15,0,239.309
556.584,0,299.729
656.095,0,253.912
618.674,0,313.58
596.213,0,382.587
896.599,0,308.564
193
-1891.5,0,-343.5
905.349,0,231.685
910.31,0,263.804
884.919,0,277.195
873.202,0,315.628
878.164,0,347.747
670.194,0,169.615
620.161,0,188.558
639.841,0,150.887
902.805,0,342.195
583.804,0,232.543
553.908,0,292.969
654.725,0,247.244
608.903,0,306.145
586.971,0,367.333
666.442,0,208.811
194
-1898.5,0,-344.5
909.346,0,232.378
914.231,0,264.562
889.045,0,278.008
877.39,0,316.537
874.381,0,347.965
660.508,0,168.909
618.783,0,188.701
638.331,0,150.928
898.815,0,342.375
909.336,0,398.885
904.823,0,446.027
645.092,0,246.722
600.357,0,297.942
570.658,0,358.53
917.611,0,312.459
195
-1906.5,0,-345.5
918.317,0,234.058
915.3,0,265.563
897.998,0,279.803
886.33,0,318.428
883.313,0,349.933
661.479,0,169.725
619.73,0,189.573
639.295,0,151.704
907.759,0,344.325
576.474,0,225.174
546.749,0,285.916
646.041,0,247.731
594.133,0,290.452
556.511,0,350.438
918.673,0,313.576
196
-1911.5,0,-345.5
926.928,0,236.358
931.856,0,268.835
906.447,0,282.405
894.687,0,321.286
891.651,0,353.001
667.926,0,171.554
617.867,0,190.765
637.59,0,152.647
916.301,0,347.36
574.253,0,226.596
545.049,0,279.809
645.167,0,241.387
584.108,0,291.55
546.94,0,344.001
656.926,0,202.506
197
-1919.5,0,-344.5
929.122,0,234.807
934.004,0,267.075
908.798,0,280.561
897.127,0,319.194
902.01,0,351.461
664.315,0,169.704
614.656,0,188.799
634.226,0,150.923
926.462,0,345.852
572.142,0,216.529
924.556,0,449.02
641.728,0,239.091
574.008,0,280.307
537.885,0,324.549
653.399,0,200.459
198
-1925,0,-345
935.826,0,236.099
940.734,0,268.443
915.425,0,281.957
911.645,0,321.437
908.621,0,353.022
661.969,0,170.037
612.106,0,189.168
631.751,0,151.207
933.174,0,347.404
570.176,0,209.059
532.398,0,269.19
639.3,0,239.583
572.061,0,272.987
536.551,0,309.43
651.013,0,200.862
199
-1933.5,0,-345.5
941.594,0,238.427
946.477,0,271.04
921.153,0,284.689
917.341,0,324.507
914.291,0,356.361
659.82,0,171.266
609.935,0,190.599
629.613,0,152.3
938.852,0,350.676
567.982,0,210.692
530.913,0,263.399
637.092,0,241.419
570.578,0,267.197
526.339,0,311.181
648.837,0,202.361
200
-1941,0,-346
664.8,0,106.7
954.589,0,269.644
929.189,0,283.118
925.417,0,322.521
922.399,0,354.044
658.764,0,169.745
616.682,0,189.575
636.382,0,151.696
947.044,0,348.45
567.392,0,200.761
530.256,0,252.876
628.082,0,238.383
570.074,0,256.688
526.483,0,292.279
647.782,0,200.505
201
-1948,0,-347
954.943,0,237.018
959.813,0,269.169
934.682,0,282.606
923.049,0,321.098
920.043,0,352.496
659.422,0,169.117
609.913,0,188.141
629.422,0,150.402
944.422,0,346.909
561.156,0,199.315
532.268,0,251.999
621.907,0,228.896
563.771,0,255.015
513.51,0,281.888
640.665,0,199.006
202
-1953,0,-347
959.42,0,240.495
964.254,0,273.039
939.098,0,286.67
936.054,0,318.46
932.25,0,358.196
655.972,0,171.342
614.298,0,191.412
625.981,0,152.43
948.767,0,351.757
558.389,0,194.079
529.428,0,247.447
618.372,0,231.903
560.941,0,250.465
510.628,0,277.728
645.05,0,202.377
203
-1960,0,-349
657.793,0,106.422
661.2,0,154.482
952.938,0,285.836
941.983,0,316.609
938.21,0,356.026
659.69,0,170.248
609.812,0,189.339
620.767,0,158.566
962.771,0,350.422
561.444,0,192.664
525.174,0,236.925
613.974,0,229.516
556.916,0,239.964
506.283,0,266.938
641.555,0,192.379
204
-1967,0,-349
654.424,0,106.397
657.777,0,154.451
955.354,0,286.364
944.453,0,317.143
941.434,0,348.676
656.267,0,170.218
606.713,0,189.34
618.368,0,150.678
965.079,0,350.94
558.667,0,192.695
522.611,0,236.977
610.82,0,229.511
554.893,0,232.112
495.947,0,266.246
638.24,0,192.358
205
-1973,0,-349
656.906,0,106.58
660.349,0,154.555
969.098,0,287.347
958.121,0,318.06
955.108,0,349.535
658.842,0,170.292
608.801,0,189.324
620.531,0,150.743
971.788,0,343.191
561.019,0,184.749
524.645,0,228.912
612.997,0,229.43
556.499,0,231.962
497.74,0,258.1
640.655,0,192.374
206
-1980,0,-350
653.85,0,106.968
657.223,0,155.128
971.749,0,288.888
960.812,0,319.732
957.786,0,351.334
655.71,0,170.929
605.217,0,197.986
616.911,0,159.241
611.616,0,214.544
558.507,0,185.541
514.412,0,229.156
602.192,0,229.587
546.813,0,224.285
487.653,0,258.485
629.707,0,192.358
207
-1986,0,-350
656.051,0,107.03
651.485,0,154.72
650.724,0,162.668
640.937,0,97.5618
629.627,0,48.3522
649.202,0,178.564
607.231,0,198.609
618.974,0,159.628
604.948,0,222.454
552.428,0,185.341
516.872,0,222.043
596.249,0,229.642
540.685,0,224.323
490.015,0,251.556
623.106,0,200.129
208
-1992,0,-350
649.741,0,106.02
653.086,0,154.049
644.46,0,161.174
642.623,0,97.3869
616.417,0,39.2177
650.823,0,177.686
601.33,0,196.802
612.973,0,158.16
599.066,0,220.44
547.736,0,175.768
511.723,0,220.029
591.195,0,219.686
543.21,0,223.043
485.845,0,241.405
625.699,0,191.184
209
-1999,0,-351
647.671,0,106.73
643.148,0,153.969
642.394,0,161.842
632.707,0,97.3521
613.654,0,47.8563
648.746,0,178.34
599.332,0,197.445
610.959,0,158.832
598.578,0,205.318
545.828,0,176.432
502.011,0,219.908
597.07,0,221.064
534.2,0,215.045
484.032,0,242.023
623.662,0,191.829
210
-2003,0,-352
647.717,0,110.798
651.888,0,151.18
659.851,0,151.942
632.549,0,101.35
613.21,0,51.5198
649.612,0,174.951
606.759,0,202.834
610.552,0,163.215
598.796,0,202.071
544.568,0,180.887
508.92,0,217.456
597.278,0,217.919
541.533,0,212.582
482.754,0,238.94
624.204,0,188.511
211
-2008,0,-353
645.705,0,113.686
642.178,0,159.946
638.615,0,152.832
620.788,0,99.4695
599.41,0,56.7844
642.189,0,177.737
603.067,0,206.229
603.044,0,170.647
588.839,0,213.355
535.441,0,177.808
478.552,0,241.894
592.402,0,220.469
535.465,0,213.39
478.552,0,241.894
620.847,0,188.426
212
-2016,0,-354
638.268,0,114.325
641.832,0,156.756
634.763,0,160.296
617.047,0,107.266
592.262,0,57.7773
641.844,0,174.436
595.896,0,206.291
602.942,0,167.39
588.826,0,209.832
535.761,0,174.506
479.225,0,238.194
592.367,0,216.902
528.714,0,213.408
479.225,0,238.194
613.565,0,188.599
213
-2020,0,-355
640.284,0,107.227
636.737,0,153.739
643.89,0,150.157
615.243,0,110.821
600.972,0,171.651
640.331,0,178.781
600.996,0,207.428
600.972,0,171.651
586.689,0,214.593
533,0,178.852
479.37,0,232.553
590.272,0,221.746
533.024,0,214.629
479.37,0,232.553
618.872,0,189.528
214
-2029,0,-355
638.726,0,108.172
633.823,0,154.026
633.823,0,154.026
610.442,0,103.953
583.2,0,64.3953
636.643,0,178.849
600.117,0,213.33
597.818,0,170.838
579.034,0,205.748
530.189,0,176.278
471.54,0,238.515
592.916,0,216.692
529.148,0,211.616
478.741,0,235.153
615.04,0,188.936
215
-2034,0,-356
628.136,0,110.482
632.189,0,153.039
628.569,0,145.966
603.44,0,114.197
581.716,0,71.7585
636.027,0,177.855
601.118,0,213.577
593.66,0,181.689
579.827,0,206.623
530.003,0,178.569
470.615,0,235.749
594.093,0,217.173
530.436,0,214.054
477.64,0,232.153
614.952,0,188.643
216
-2041,0,-356
630.936,0,110.222
631.158,0,153.303
628.149,0,145.891
608.699,0,119.251
577.211,0,62.9612
640.187,0,175.54
604.741,0,215.834
592.703,0,186.185
583.897,0,207.028
528.779,0,177.601
474.105,0,234.336
597.329,0,218.843
525.992,0,213.27
474.105,0,234.336
610.537,0,187.578
217
-2049,0,-356
625.271,0,115.675
632.548,0,155.79
629.624,0,148.344
592.986,0,119.755
568.105,0,77.9564
633.978,0,181.012
598.706,0,220.642
594.353,0,187.974
582.595,0,201.184
523.936,0,181.24
469.567,0,236.962
591.366,0,223.524
520.949,0,216.79
469.567,0,236.962
611.957,0,189.657
218
-2056,0,-358
620.835,0,112.794
628.019,0,152.339
625.116,0,145.011
591.521,0,124.404
566.777,0,83.3358
629.398,0,177.227
604.365,0,221.054
589.853,0,184.411
581.001,0,204.873
529.846,0,182.743
468.171,0,241.083
586.806,0,219.53
516.568,0,213.437
468.171,0,241.083
607.412,0,185.935
219
-2061,0,-359
617.682,0,114.12
623.971,0,153.513
621.246,0,146.18
588.347,0,125.018
557.332,0,86.4649
624.811,0,178.239
599.04,0,221.197
588.142,0,191.862
576.199,0,204.645
518.574,0,184.324
470.802,0,235.456
581.648,0,219.313
522.138,0,216.384
470.802,0,235.456
602.81,0,186.413
220
-2066,0,-358
613.652,0,108.943
623.734,0,155.795
620.832,0,148.47
587.252,0,127.873
558.096,0,97.0495
622.211,0,173.347
600.091,0,224.479
588.486,0,195.178
576.737,0,208.306
518.28,0,189.087
463.958,0,244.499
582.54,0,222.956
512.333,0,216.865
463.958,0,244.499
603.137,0,189.376
221
-2072,0,-358
612.275,0,110.533
616.734,0,150.459
624.24,0,148.066
577.135,0,130.005
550.156,0,97.259
623.913,0,172.978
605.853,0,220.084
581.267,0,194.844
568.647,0,207.137
521.542,0,189.077
465.949,0,248.148
580.94,0,219.757
513.708,0,216.382
465.949,0,248.148
596.28,0,190.058
222
-2079,0,-359
613.84,0,105.809
615.097,0,155.661
612.401,0,148.258
581.932,0,134.2
553.531,0,102.618
623.185,0,177.87
606.826,0,225.754
581.121,0,201.575
566.201,0,207.009
518.116,0,190.981
471.917,0,249.732
579.054,0,219.098
513.981,0,226.027
471.917,0,249.732
596.041,0,196.141
223
-2084,0,-359
602.957,0,114.144
609.843,0,154.026
606.995,0,146.615
571.881,0,143.097
540.085,0,104.284
618.386,0,176.259
603.208,0,224.619
579.956,0,208.038
562.399,0,206.279
517.083,0,198.177
462.285,0,253.257
570.943,0,228.512
510.918,0,226.063
472.487,0,257.842
591.817,0,194.975
224
-2090,0,-359.5
604.617,0,110.753
610.246,0,150.531
600.2,0,145.71
575.289,0,146.114
537.316,0,109.352
613.262,0,182.876
604.024,0,227.878
571.275,0,205.983
563.842,0,208.595
511.407,0,201.969
457.57,0,262.646
569.067,0,223.461
504.377,0,229.493
457.57,0,262.646
583.529,0,193.325
225
-2095,0,-358.5
600.825,0,113.912
599.446,0,156.021
596.78,0,148.666
564.693,0,151.976
536.651,0,120.532
607.445,0,178.086
601.377,0,230.216
568.647,0,208.794
558.625,0,204.105
509.162,0,205.393
456.297,0,266.165
573.979,0,223.505
502.45,0,232.791
456.297,0,266.165
588.046,0,193.44
226
-2101,0,-359
594.195,0,112.568
599.619,0,152.393
589.594,0,147.517
567.244,0,155.241
532.02,0,125.716
609.917,0,182.193
600.441,0,227.167
570.367,0,212.541
560.342,0,207.665
510.493,0,208.214
456.316,0,268.636
575.516,0,227.441
503.317,0,235.713
456.316,0,268.636
587.567,0,189.917
227
-2108,0,-360.5
594.905,0,116.98
596.766,0,157.14
587.15,0,151.421
564.038,0,157.203
533.275,0,132.399
602.506,0,180.08
606.28,0,227.888
571.639,0,220.304
560.109,0,206.938
504.27,0,212.783
461.823,0,272.154
565.849,0,229.878
504.219,0,245.297
456.032,0,281.729
581.308,0,193.509
228
-2111,0,-360.5
595.803,0,116.811
600.182,0,157.368
582.518,0,154.54
559.625,0,161.746
527.125,0,138.428
599.757,0,182.662
606.537,0,230.85
571.21,0,225.195
561.177,0,219.966
502.957,0,221.518
456.321,0,286.519
573.612,0,232.826
502.531,0,246.813
456.321,0,286.519
579.266,0,197.499
229
-2118,0,-359.5
588.756,0,119.25
591.089,0,159.672
575.822,0,163.63
552.922,0,169.566
520.056,0,137.06
597.069,0,182.738
601.395,0,230.849
568.868,0,231.076
549.615,0,219.656
501.821,0,223.841
454.707,0,293.493
561.235,0,233.055
494.527,0,258.553
454.707,0,293.493
578.155,0,204.052
230
-2123,0,-358.5
581.992,0,122.298
586.239,0,162.868
578.6,0,165.245
555.684,0,172.377
515.621,0,151.331
601.009,0,183.407
607.634,0,231.616
567.063,0,235.863
554.67,0,222.963
498.822,0,231.965
459.615,0,294.437
569.44,0,243.502
490.677,0,259.635
451.976,0,296.814
575.209,0,208.193
231
-2130,0,-359.5
581.251,0,122.926
588.327,0,162.295
573.994,0,172.999
550.372,0,177.244
513.217,0,151.409
592.572,0,185.917
601.062,0,233.16
569.566,0,238.82
544.53,0,235.191
497.287,0,243.681
458.534,0,299.415
563.108,0,248.109
493.658,0,268.718
452.075,0,308.704
571.78,0,205.909
232
-2134,0,-359.5
575.352,0,124.752
576.555,0,165.243
570.603,0,174.772
547.381,0,180.138
501.524,0,158.119
589.661,0,186.676
600.392,0,233.119
561.689,0,242.062
544.42,0,237.899
497.977,0,248.63
462.265,0,305.804
555.737,0,251.591
495.602,0,273.64
456.313,0,315.333
564.064,0,217.052
233
-2140,0,-359.5
568.158,0,132.84
576.345,0,171.709
568.517,0,173.358
538.841,0,187.727
502.616,0,171.001
587.448,0,185.608
597.273,0,232.251
567.597,0,246.621
542.475,0,243.793
495.505,0,253.686
459.998,0,317.997
551.941,0,249.918
492.589,0,278.657
452.17,0,319.646
561.047,0,215.525
234
-2145,0,-359.5
566.907,0,135.474
574.086,0,174.542
567.708,0,183.791
537.889,0,197.348
502.327,0,179.65
584.771,0,188.733
593.385,0,235.615
555.753,0,250.608
538.69,0,245.666
493.244,0,262.094
464.226,0,323.968
547.939,0,252.043
489.737,0,286.97
457.848,0,333.217
557.823,0,217.917
235
-2150,0,-359.5
559.597,0,137.803
567.746,0,176.965
561.649,0,186.405
532.374,0,200.668
498.209,0,191.434
578.732,0,191.021
590.14,0,245.847
560.864,0,260.11
536.055,0,257.101
491.327,0,274.58
464.103,0,337.444
545.412,0,263.326
488.49,0,299.684
456.377,0,339.052
554.345,0,228.781
236
-2155,0,-359.5
558.439,0,138.732
565.651,0,185.531
559.053,0,194.533
536.855,0,205.938
495.452,0,196.349
574.652,0,192.129
583.066,0,246.727
554.271,0,267.135
537.469,0,261.739
491.872,0,276.751
461.287,0,337.36
545.269,0,260.537
487.679,0,301.352
454.689,0,346.361
556.061,0,226.934
237
-2160,0,-358
553.547,0,148.104
559.034,0,187.453
552.262,0,196.42
530.847,0,215.452
489.303,0,205.2
569.099,0,202.095
583.553,0,248.217
554.269,0,268.346
538.529,0,270.541
486.733,0,301.832
461.838,0,353.441
538.529,0,270.541
487.83,0,309.702
455.066,0,362.408
549.879,0,236.867
238
-2165,0,-360.5
548.182,0,149.68
553.949,0,196.696
547.074,0,205.493
525.488,0,224.048
492.222,0,212.221
570.582,0,202.609
576.349,0,249.626
547.888,0,276.978
531.255,0,271.064
488.084,0,308.175
463.468,0,366.872
539.091,0,270.103
489.045,0,316.011
455.632,0,367.833
550.919,0,236.837
239
-2169,0,-360.5
547.995,0,155.886
553.096,0,203.296
546.045,0,212.048
524.04,0,230.402
483.681,0,226.752
561.848,0,210.348
574.851,0,256.908
545.795,0,284.014
537.043,0,276.963
485.981,0,322.423
467.377,0,372.384
537.893,0,284.864
485.981,0,322.423
460.326,0,381.136
549.445,0,243.655
240
-2173,0,-359.5
545.168,0,164.506
548.46,0,203.599
541.958,0,219.894
519.819,0,237.506
487.887,0,232.321
549.776,0,219.236
569.363,0,264.83
547.883,0,290.26
532.246,0,291.577
480.149,0,327.459
461.302,0,384.163
532.246,0,291.577
487.968,0,326.801
461.302,0,384.163
536.773,0,251.826
241
-2180,0,-360.5
537.254,0,173.647
547.466,0,213.14
543.746,0,223.825
521.903,0,252.16
486.129,0,251.687
554.431,0,227.544
568.125,0,274.24
546.282,0,302.575
524.912,0,295.136
484.945,0,341.121
462.629,0,405.231
539.08,0,306.058
542.089,0,349.034
541.616,0,384.808
543.273,0,259.599
242
-2182,0,-360.5
536.501,0,177.444
546.088,0,216.824
538.804,0,233.037
515.965,0,257.85
484.198,0,259.166
546.746,0,232.708
564.275,0,271.76
542.094,0,312.456
517.939,0,305.501
487.816,0,346.527
466.293,0,403.107
525.881,0,305.172
488.145,0,354.469
466.622,0,411.049
532.178,0,265.134
243
-2186,0,-360
532.784,0,187.671
545.267,0,226.506
539.132,0,243.31
518.008,0,269.876
485.307,0,265.555
547.081,0,242.403
559.564,0,281.238
539.346,0,315.752
522.542,0,309.618
487.334,0,353.894
470.744,0,420.202
522.542,0,309.618
488.241,0,361.843
470.744,0,420.202
534.811,0,276.01
244
-2192,0,-359.5
529.584,0,192.763
532.931,0,232.623
534.271,0,248.567
512.364,0,274.491
480.476,0,277.17
542.243,0,247.897
561.534,0,286.418
540.966,0,328.286
516.381,0,322.323
487.841,0,364.861
468.612,0,422.673
524.353,0,321.653
487.841,0,364.861
469.282,0,430.645
528.977,0,281.124
245
-2198,0,-360.5
520.151,0,204.898
530.773,0,243.49
523.501,0,251.878
510.075,0,284.316
478.755,0,286.55
539.162,0,250.761
550.343,0,297.184
536.916,0,329.621
505.037,0,324.025
484.898,0,372.681
465.875,0,436.997
512.867,0,323.466
484.898,0,372.681
465.875,0,436.997
526.294,0,291.029
246
-2201,0,-360.5
524.927,0,209.931
528.679,0,249.754
530.18,0,265.684
508.537,0,291.829
477.429,0,302.796
538.145,0,264.933
549.862,0,304.006
537.685,0,345.331
512.29,0,331.653
485.684,0,390.408
475.758,0,455.626
513.04,0,339.618
485.684,0,390.408
475.008,0,447.662
525.217,0,298.293
247
-2205,0,-360.5
522.148,0,218.014
526.007,0,257.577
519.638,0,274.173
506.129,0,299.454
475.251,0,310.454
535.463,0,272.63
547.234,0,311.42
535.269,0,352.526
509.988,0,339.017
483.741,0,397.491
473.319,0,454.422
510.759,0,346.929
483.741,0,397.491
473.319,0,454.422
522.725,0,305.823
248
-2210,0,-361.5
514.497,0,227.883
518.226,0,267.457
518.972,0,275.372
499.255,0,317.156
476.554,0,327.28
526.787,0,274.636
546.147,0,312.738
526.43,0,354.522
502.238,0,348.816
483.266,0,398.515
480.671,0,454.656
510.053,0,348.08
483.266,0,398.515
480.671,0,454.656
514.886,0,315.683
249
-2213,0,-360.5
516.279,0,231.727
519.026,0,271.376
519.575,0,279.306
506.462,0,320.053
483.223,0,329.63
527.505,0,278.756
538.731,0,325.785
533.547,0,365.983
508.66,0,351.772
488.716,0,408.928
484.082,0,457.055
508.66,0,351.772
488.716,0,408.928
484.082,0,457.055
514.392,0,319.503
250
-2217,0,-360
508.721,0,240.157
519.037,0,278.812
511.703,0,287.139
506.358,0,326.788
476.03,0,344.437
519.534,0,286.642
537.68,0,324.8
525.001,0,372.777
508.346,0,358.11
488.334,0,414.414
482.989,0,454.063
500.516,0,358.607
480.504,0,414.911
491.316,0,461.396
514.188,0,326.291
251
-2223,0,-359
509.516,0,238.07
519.124,0,285.12
511.521,0,293.296
505.063,0,333.03
482.253,0,357.558
519.41,0,293.01
536.621,0,331.885
522.274,0,371.905
505.922,0,356.699
492.147,0,412.499
493.865,0,459.836
506.208,0,364.589
484.258,0,412.785
494.152,0,467.725
512.666,0,324.855
252
-2226,0,-358.5
502.663,0,244.642
511.666,0,283.878
511.888,0,291.769
505.107,0,331.45
489.991,0,355.569
520.002,0,299.439
529.004,0,338.675
522.224,0,378.355
505.996,0,363.016
491.768,0,418.702
492.879,0,458.16
505.996,0,363.016
459.757,0,403.807
476.874,0,450.712
512.999,0,331.227
253
-2232,0,-359
505.467,0,246.39
510.425,0,286.325
507.915,0,303.792
502.894,0,338.727
495.384,0,366.172
515.404,0,301.303
527.851,0,338.747
525.32,0,381.171
497.874,0,373.661
,,
645.06,0,441.166
497.874,0,373.661
462.918,0,393.597
645.06,0,441.166
510.383,0,336.237
254
-2234,0,-358.5
499.04,0,247.704
512.658,0,284.924
508.121,0,300.154
511.907,0,342.737
495.271,0,370.945
517.953,0,294.792
529.303,0,339.627
525.525,0,379.956
500.567,0,380.813
479.394,0,424.253
,,
502.835,0,373.198
466.535,0,412.132
,,
511.907,0,342.737
255
-2239,0,-357.5
507.605,0,246.291
511.019,0,281.468
512.726,0,299.056
505.879,0,338.721
491.623,0,375.516
522.986,0,294.568
530.958,0,339.975
524.111,0,379.64
499.032,0,378.386
489.334,0,425.41
,,
509.293,0,373.898
474.516,0,419.669
,,
508.73,0,331.363
256
-2243,0,-356.5
500.575,0,251.409
509.301,0,282.757
509.719,0,298.535
510.765,0,337.981
495.823,0,369.955
517.608,0,298.326
526.543,0,337.562
519.909,0,385.106
503.921,0,377.635
489.607,0,433.278
,,
503.921,0,377.635
489.816,0,441.167
,,
510.765,0,337.981
257
-2247,0,-355.5
500.865,0,243.295
511.462,0,281.406
505.672,0,296.09
505.983,0,338.628
491.509,0,375.337
523.351,0,294.577
531.054,0,340.03
523.972,0,379.654
498.901,0,378.252
481.532,0,422.303
468.661,0,476.61
509.188,0,373.825
506.603,0,423.705
,,
508.877,0,331.286
258
-2250,0,-355.5
499.658,0,238.539
510.202,0,276.563
504.45,0,291.262
504.768,0,333.76
490.388,0,370.506
522.024,0,289.664
529.692,0,335.038
522.661,0,374.66
497.737,0,373.382
484.955,0,427.702
469.296,0,489.371
505.087,0,376.258
505.405,0,418.755
,,
507.644,0,326.41
259
-2251,0,-356
499.631,0,240.319
510.519,0,278.427
515.086,0,288.652
515.779,0,331.397
509.092,0,371.347
515.086,0,288.652
525.973,0,326.76
516.473,0,374.141
498.898,0,375.984
489.398,0,423.365
477.083,0,478.178
501.712,0,368.553
509.786,0,414.092
510.479,0,456.836
508.399,0,328.602
260
-2258,0,-355.5
495.873,0,242.963
511.501,0,274.622
511.42,0,290.411
519.153,0,322.03
518.952,0,361.503
511.42,0,290.411
519.113,0,329.925
518.912,0,369.398
503.082,0,377.212
486.97,0,440.288
,,
495.147,0,385.066
502.84,0,424.58
,,
503.324,0,329.844
261
-2259,0,-355.5
502.507,0,233.854
513.368,0,272.003
510.494,0,279.356
518.481,0,324.857
511.565,0,364.535
517.945,0,282.267
525.932,0,327.769
519.016,0,367.447
511.565,0,364.535
494.325,0,408.655
504.016,0,471.774
514.439,0,357.182
512.101,0,407.125
520.087,0,452.626
511.03,0,321.945
262
-2262,0,-355
502.581,0,231.34
507.936,0,263.68
506.627,0,279.521
511.327,0,319.782
508.055,0,359.383
522.573,0,280.838
527.273,0,321.099
516.028,0,360.042
507.401,0,367.304
494.192,0,430.008
481.638,0,484.792
507.401,0,367.304
486.219,0,429.349
481.638,0,484.792
511.327,0,319.782
263
-2266,0,-353
503.037,0,225.651
501.62,0,265.626
516.941,0,282.179
523.751,0,314.441
514.39,0,354.134
517.224,0,274.184
523.468,0,322.436
522.334,0,354.416
497.936,0,369.561
495.102,0,449.511
,,
497.653,0,377.556
511.556,0,434.084
,,
499.636,0,321.591
264
-2271,0,-353
518.054,0,357.144
494.353,0,383.883
486.937,0,386.884
528.375,0,318.668
,,
,,
,,
390.682,0,511.581
489.919,0,394.252
520.959,0,321.669
507.505,0,267.089
494.353,0,383.883
491.296,0,333.672
390.682,0,511.581
491.448,0,419.358
265
-2274,0,-352
464.517,0,408.686
493.235,0,405.981
483.15,0,393.559
,,
,,
,,
,,
,,
489.361,0,388.517
525.09,0,318.292
502.215,0,264.731
506.825,0,384.643
526.258,0,307.039
503.384,0,253.478
494.403,0,394.728
266
-2275,0,-352
463.278,0,410.12
504.922,0,399.087
520.89,0,407.152
530.438,0,419.99
533.568,0,437.603
480.89,0,406.991
530.438,0,419.99
533.568,0,437.603
495.535,0,346.249
529.277,0,311.185
511.825,0,274.314
500.309,0,352.668
529.277,0,311.185
,,
501.793,0,381.475
267
-2279,0,-352
,,
503.501,0,391.029
487.731,0,393.734
,,
,,
,,
,,
,,
495.616,0,392.381
514.757,0,267.347
500.111,0,229.275
511.157,0,341.015
522.642,0,265.995
501.463,0,237.16
503.501,0,391.029
268
-2284,0,-351
482.565,0,412.105
506.385,0,389.288
476.621,0,369.436
,,
,,
492.491,0,397.223
,,
,,
510.368,0,331.737
531.208,0,319.835
521.297,0,270.218
507.388,0,342.651
534.188,0,308.92
,,
508.376,0,360.513
269
-2285,0,-351
495.036,0,220.165
508.029,0,261.241
519.287,0,262.354
537.353,0,309.615
493.923,0,231.424
519.287,0,262.354
531.167,0,314.688
488.85,0,225.238
494.052,0,345.125
474.381,0,371.603
488.486,0,401.42
510.383,0,352.424
468.195,0,376.676
493.559,0,407.606
508.649,0,312.462
270
-2287,0,-350
,,
507.835,0,393.679
513.181,0,383.708
,,
,,
517.807,0,399.025
524.745,0,422
,,
509.995,0,317.815
526.752,0,262.614
499.872,0,228.948
509.995,0,317.815
506.81,0,251.923
502.184,0,236.606
511.588,0,350.762
271
-2291,0,-350
492.655,0,204.662
506.184,0,245.48
505.292,0,261.455
535.472,0,287.178
510.941,0,301.833
521.497,0,254.347
535.472,0,287.178
526.254,0,310.7
509.603,0,325.795
467.975,0,363.533
498.155,0,389.256
517.483,0,326.235
522.686,0,374.601
536.661,0,407.431
511.387,0,293.845
272
-2293,0,-349
489.422,0,200.43
506.055,0,243.318
520.265,0,253.769
539.574,0,281.107
535.56,0,304.431
503.378,0,258.867
505.8,0,291.303
520.011,0,301.754
517.334,0,317.303
470.432,0,357.259
505.29,0,387.274
517.334,0,317.303
470.432,0,357.259
507.967,0,371.725
513.574,0,292.641
273
-2296,0,-349
495.047,0,201.272
510.723,0,237.432
524.225,0,248.761
539.902,0,284.921
534.409,0,307.921
507.061,0,252.766
520.906,0,296.592
513.582,0,327.259
515.413,0,319.593
467.924,0,348.771
500.765,0,380.927
515.413,0,319.593
475.591,0,350.602
500.765,0,380.927
515.07,0,287.095
274
-2298,0,-349
485.163,0,200.675
502.973,0,235.473
524.761,0,247.157
542.571,0,281.955
530.887,0,303.743
498.994,0,258.588
502.72,0,283.029
503.794,0,322.879
520.53,0,317.827
468.996,0,340.689
500.889,0,385.844
512.825,0,316.501
467.67,0,348.394
502.215,0,378.14
510.425,0,284.355
275
-2302,0,-348
491.572,0,202.741
506.151,0,239.318
511.696,0,248.976
520.73,0,275.894
510.447,0,313.903
504.094,0,246.919
509.015,0,289.041
506.334,0,329.106
518.049,0,315.959
469.758,0,343.685
501.597,0,376.773
518.049,0,315.959
469.758,0,343.685
501.597,0,376.773
511.072,0,281.439
276
-2305,0,-348
485.191,0,199.075
500.826,0,235.065
506.635,0,244.507
514.669,0,278.719
505.707,0,317.04
506.635,0,244.507
512.876,0,286.383
503.915,0,324.704
522.702,0,312.931
468.132,0,340.586
498.97,0,380.131
520.91,0,320.595
468.132,0,340.586
498.97,0,380.131
514.669,0,278.719
277
-2305,0,-348
491.148,0,201.826
500.797,0,240.444
501.167,0,248.242
510.816,0,286.86
504.499,0,318.421
501.167,0,248.242
510.816,0,286.86
504.869,0,326.219
520.094,0,317.681
474.049,0,335.497
499.663,0,381.173
520.094,0,317.681
466.621,0,343.665
500.033,0,388.97
510.816,0,286.86
278
-2308,0,-347
489.79,0,201.546
504.942,0,237.518
510.623,0,246.984
518.201,0,281.063
501.166,0,317.039
503.05,0,245.091
508.735,0,286.744
499.274,0,324.612
525.78,0,315.142
470.876,0,341.656
499.283,0,388.986
525.78,0,315.142
470.876,0,341.656
506.857,0,390.878
510.628,0,279.17
279
-2311,0,-347
487.786,0,202.46
505.176,0,241.114
513.04,0,240.782
514.702,0,280.102
508.168,0,311.89
497.644,0,249.311
507.17,0,288.298
500.969,0,327.95
531.76,0,310.893
477.377,0,328.948
494.767,0,367.602
516.364,0,319.421
469.845,0,337.144
495.764,0,391.194
514.702,0,280.102
280
-2314,0,-346
486.304,0,202.269
503.516,0,241.003
503.812,0,248.868
512.863,0,280.034
506.182,0,311.792
495.947,0,249.165
504.997,0,280.33
498.909,0,327.819
514.048,0,311.495
475.609,0,336.573
500.983,0,382.876
514.048,0,311.495
467.744,0,336.869
493.414,0,391.038
512.863,0,280.034
281
-2317,0,-346
488.94,0,202.209
503.948,0,239.037
511.577,0,240.975
518.956,0,275.866
499.51,0,320.451
501.978,0,246.791
509.358,0,281.682
499.51,0,320.451
518.707,0,308.819
468.746,0,345.653
497.043,0,394.11
516.737,0,316.572
470.716,0,337.899
497.043,0,394.11
509.358,0,281.682
282
-2318,0,-346
486.204,0,200.054
501.362,0,237.071
516.845,0,241.105
524.261,0,276.105
506.436,0,312.796
499.345,0,244.813
504.744,0,287.554
504.419,0,320.538
531.677,0,311.105
473.127,0,345.454
494.01,0,392.229
521.919,0,316.83
473.127,0,345.454
494.01,0,392.229
516.519,0,274.088
283
-2320,0,-345
488.27,0,201.892
502.821,0,232.556
525.429,0,240.612
522.222,0,273.441
508.795,0,311.12
497.45,0,247.628
509.316,0,285.827
503.424,0,326.192
534.088,0,311.641
472.76,0,340.743
494.326,0,399.385
516.331,0,313.806
472.76,0,340.743
494.326,0,399.385
519.537,0,280.977
284
-2322,0,-345
477.76,0,205.062
502.237,0,235.904
518.197,0,243.345
519.058,0,274.833
504.391,0,314.624
494.581,0,243.991
503.53,0,283.136
496.734,0,322.712
528.007,0,313.978
473.764,0,346.974
490.801,0,393.776
512.263,0,314.409
473.764,0,346.974
490.801,0,393.776
511.402,0,282.921
285
-2324,0,-344
480.358,0,205.575
501.006,0,238.735
518.399,0,237.108
521.653,0,271.895
524.907,0,306.681
498.178,0,246.018
501.432,0,280.805
501.858,0,322.874
532.19,0,309.509
475.981,0,346.349
490.973,0,394.074
514.797,0,311.136
475.981,0,346.349
488.145,0,401.357
518.825,0,279.177
286
-2326,0,-344
483.015,0,207.992
506.193,0,234.434
520.756,0,240.431
523.421,0,275.324
515.828,0,314.443
492.961,0,245.883
502.907,0,283.775
502.597,0,325.892
533.366,0,313.216
486.391,0,344.565
541.67,0,375.778
515.828,0,314.443
476.134,0,348.791
487.412,0,404.129
513.164,0,279.55
287
-2328,0,-343
486.329,0,205.482
505.416,0,243.351
522.434,0,247.875
536.309,0,291.647
526.573,0,314.568
500.203,0,249.254
508.175,0,287.814
499.129,0,321.85
538.378,0,324.994
484.18,0,350.674
,,
521.36,0,320.471
484.18,0,350.674
492.842,0,400.349
519.291,0,287.124
288
-2330,0,-342
479.879,0,210.492
501.184,0,243.605
515.949,0,249.088
522.49,0,276.718
513.424,0,323.754
491.061,0,248.246
502.242,0,286
495.917,0,325.654
530.93,0,321.855
484.952,0,355.183
490.65,0,407.702
513.424,0,323.754
484.952,0,355.183
490.65,0,407.702
512.366,0,281.359
289
-2333,0,-341
483.199,0,206.988
504.519,0,240.463
519.375,0,246.058
530.47,0,284.163
513.685,0,328.732
491.496,0,252.522
502.59,0,290.627
496.031,0,330.565
531.339,0,326.899
484.841,0,360.278
,,
513.685,0,328.732
484.841,0,360.278
487.543,0,420.668
512.816,0,285.996
290
-2335,0,-341
479.188,0,212.405
502.07,0,244.695
517.166,0,249.606
530.064,0,286.928
517.881,0,324.371
492.086,0,249.727
502.547,0,294.538
497.912,0,334.437
525.43,0,326.827
488.166,0,364.391
,,
507.897,0,329.404
488.166,0,364.391
488.643,0,414.234
512.532,0,289.505
291
-2337,0,-340
479.851,0,208.931
500.274,0,248.919
515.376,0,253.81
528.248,0,291.353
526.016,0,324.004
490.277,0,254.025
503.148,0,291.567
496.025,0,339.321
523.571,0,331.555
493.794,0,371.972
,,
516.019,0,329.109
486.242,0,369.526
494.222,0,422.171
510.699,0,294.013
292
-2338,0,-340
475.37,0,221.241
500.296,0,251.867
516.443,0,259.168
525.505,0,290.363
518.984,0,329.998
484.714,0,260.306
493.775,0,291.501
495.469,0,338.721
518.984,0,329.998
488.948,0,378.355
498.292,0,417.421
511.051,0,330.282
488.948,0,378.355
490.641,0,425.575
509.64,0,290.932
293
-2340,0,-339.5
472.011,0,218.632
495.462,0,249.907
518.916,0,257.728
526.731,0,289.001
518.91,0,328.091
487.643,0,257.725
495.458,0,296.816
487.636,0,335.907
518.91,0,328.091
487.632,0,374.997
495.446,0,421.907
503.272,0,335.908
487.632,0,374.997
495.446,0,421.907
503.276,0,296.817
294
-2341,0,-339
478.435,0,218.876
494.19,0,250.635
517.825,0,258.577
533.579,0,298.275
517.819,0,330.031
486.31,0,258.574
494.185,0,298.272
494.181,0,337.969
517.818,0,337.971
494.177,0,385.605
494.173,0,425.302
502.06,0,337.969
494.177,0,385.605
494.173,0,425.302
509.943,0,298.273
295
-2342,0,-338.5
480.223,0,219.876
496.099,0,251.635
519.916,0,259.577
535.791,0,299.275
527.85,0,315.153
488.158,0,267.513
496.094,0,299.272
488.151,0,338.968
519.909,0,338.971
496.086,0,386.605
496.082,0,426.302
504.03,0,338.969
496.086,0,386.605
496.082,0,426.302
504.034,0,299.272
296
-2343,0,-337.5
477.716,0,225.468
493.36,0,256.763
516.831,0,256.765
532.474,0,295.885
524.649,0,311.531
485.536,0,264.586
493.356,0,303.704
485.529,0,342.821
516.824,0,335.001
493.349,0,381.94
493.345,0,421.057
501.177,0,334.999
493.349,0,381.94
493.344,0,428.881
501.18,0,295.882
297
-2346,0,-337.5
477.716,0,223.468
493.36,0,254.763
516.83,0,262.589
532.474,0,293.885
524.649,0,317.354
477.713,0,262.585
493.356,0,301.704
485.529,0,340.821
516.824,0,333.001
493.349,0,379.94
493.345,0,419.057
501.176,0,340.823
493.348,0,387.763
501.168,0,426.882
501.179,0,301.705
298
-2347,0,-337.5
476.481,0,222.468
492.243,0,253.763
515.889,0,261.589
531.65,0,300.708
523.766,0,316.354
484.359,0,269.41
492.238,0,300.704
484.352,0,347.645
523.764,0,339.825
492.23,0,386.763
492.227,0,418.057
500.117,0,339.823
492.23,0,386.763
500.109,0,425.882
508.003,0,300.706
299
-2349,0,-336.5
474.084,0,222.879
495.4,0,255.806
510.103,0,261.159
531.419,0,294.085
520.632,0,323.712
482.655,0,267.943
493.923,0,305.599
487.791,0,345.309
517.936,0,331.119
531.162,0,386.265
553.216,0,394.294
507.888,0,335.849
499.059,0,382.966
497.583,0,432.759
506.668,0,293.462
300
-2350,0,-335.5
476.473,0,222.33
490.543,0,252.806
512.763,0,260.896
531.523,0,301.53
523.372,0,323.916
485.109,0,267.73
489.056,0,302.971
490.285,0,345.675
520.656,0,331.378
526.575,0,384.24
553.486,0,402.489
503.126,0,333.447
491.515,0,388.378
500.152,0,433.778
506.586,0,300.903
