data/BP_videos/7.MOV
0
,,
,,
,,
,,
,,
,,
,,
,,
,,
,,
,,
,,
,,
,,
,,
,,
1
,,
,,
,,
,,
,,
,,
,,
,,
,,
,,
,,
,,
,,
,,
,,
,,
2
,,
,,
,,
,,
,,
,,
,,
,,
,,
,,
,,
,,
,,
,,
,,
,,
3
,,
,,
,,
,,
,,
,,
,,
,,
,,
,,
,,
,,
,,
,,
,,
,,
4
,,
,,
,,
,,
,,
,,
,,
,,
,,
,,
,,
,,
,,
,,
,,
,,
5
,,
,,
,,
,,
,,
,,
,,
,,
,,
,,
,,
,,
,,
,,
,,
,,
6
,,
,,
,,
,,
,,
,,
,,
,,
,,
,,
,,
,,
,,
,,
,,
,,
7
,,
,,
,,
,,
,,
,,
,,
,,
,,
,,
,,
,,
,,
,,
,,
,,
8
,,
,,
,,
,,
,,
,,
,,
,,
,,
,,
,,
,,
,,
,,
,,
,,
9
,,
,,
,,
,,
,,
,,
,,
,,
,,
,,
,,
,,
,,
,,
,,
,,
10
,,
,,
,,
,,
,,
,,
,,
,,
,,
,,
,,
,,
,,
,,
,,
,,
11
,,
,,
,,
,,
,,
,,
,,
,,
,,
,,
,,
,,
,,
,,
,,
,,
12
,,
,,
,,
,,
,,
,,
,,
,,
,,
,,
,,
,,
,,
,,
,,
,,
13
,,
,,
,,
,,
,,
,,
,,
,,
,,
,,
,,
,,
,,
,,
,,
,,
14
,,
,,
,,
,,
,,
,,
,,
,,
,,
,,
,,
,,
,,
,,
,,
,,
15
,,
,,
,,
,,
,,
,,
,,
,,
,,
,,
,,
,,
,,
,,
,,
,,
16
,,
,,
,,
,,
,,
,,
,,
,,
,,
,,
,,
,,
,,
,,
,,
,,
17
,,
,,
,,
,,
,,
,,
,,
,,
,,
,,
,,
,,
,,
,,
,,
,,
18
,,
,,
,,
,,
,,
,,
,,
,,
,,
,,
,,
,,
,,
,,
,,
,,
19
,,
,,
,,
,,
,,
,,
,,
,,
,,
,,
,,
,,
,,
,,
,,
,,
20
,,
,,
,,
,,
,,
,,
,,
,,
,,
,,
,,
,,
,,
,,
,,
,,
21
,,
,,
,,
,,
,,
,,
,,
,,
,,
,,
,,
,,
,,
,,
,,
,,
22
,,
,,
,,
,,
,,
,,
,,
,,
,,
,,
,,
,,
,,
,,
,,
,,
23
,,
,,
,,
,,
,,
,,
,,
,,
,,
,,
,,
,,
,,
,,
,,
,,
24
,,
,,
,,
,,
,,
,,
,,
,,
,,
,,
,,
,,
,,
,,
,,
,,
25
,,
,,
,,
,,
,,
,,
,,
,,
,,
,,
,,
,,
,,
,,
,,
,,
26
,,
,,
,,
,,
,,
,,
,,
,,
,,
,,
,,
,,
,,
,,
,,
,,
27
,,
,,
,,
,,
,,
,,
,,
,,
,,
,,
,,
,,
,,
,,
,,
,,
28
,,
,,
,,
,,
,,
,,
,,
,,
,,
,,
,,
,,
,,
,,
,,
,,
29
,,
,,
,,
,,
,,
,,
,,
,,
,,
,,
,,
,,
,,
,,
,,
,,
30
,,
,,
,,
,,
,,
,,
,,
,,
,,
,,
,,
,,
,,
,,
,,
,,
31
,,
,,
,,
,,
,,
,,
,,
,,
,,
,,
,,
,,
,,
,,
,,
,,
32
,,
,,
,,
,,
,,
,,
,,
,,
,,
,,
,,
,,
,,
,,
,,
,,
33
,,
,,
,,
,,
,,
,,
,,
,,
,,
,,
,,
,,
,,
,,
,,
,,
34
,,
,,
,,
,,
,,
,,
,,
,,
,,
,,
,,
,,
,,
,,
,,
,,
35
,,
,,
,,
,,
,,
,,
,,
,,
,,
,,
,,
,,
,,
,,
,,
,,
36
,,
,,
,,
,,
,,
,,
,,
,,
,,
,,
,,
,,
,,
,,
,,
,,
37
,,
,,
,,
,,
,,
,,
,,
,,
,,
,,
,,
,,
,,
,,
,,
,,
38
,,
,,
,,
,,
,,
,,
,,
,,
,,
,,
,,
,,
,,
,,
,,
,,
39
,,
,,
,,
,,
,,
,,
,,
,,
,,
,,
,,
,,
,,
,,
,,
,,
40
,,
,,
,,
,,
,,
,,
,,
,,
,,
,,
,,
,,
,,
,,
,,
,,
41
,,
,,
,,
,,
,,
,,
,,
,,
,,
,,
,,
,,
,,
,,
,,
,,
42
,,
,,
,,
,,
,,
,,
,,
,,
,,
,,
,,
,,
,,
,,
,,
,,
43
,,
,,
,,
,,
,,
,,
,,
,,
,,
,,
,,
,,
,,
,,
,,
,,
44
,,
,,
,,
,,
,,
,,
,,
,,
,,
,,
,,
,,
,,
,,
,,
,,
45
,,
,,
,,
,,
,,
,,
,,
,,
,,
,,
,,
,,
,,
,,
,,
,,
46
,,
,,
,,
,,
,,
,,
,,
,,
,,
,,
,,
,,
,,
,,
,,
,,
47
,,
,,
,,
,,
,,
,,
,,
,,
,,
,,
,,
,,
,,
,,
,,
,,
48
,,
,,
,,
,,
,,
,,
,,
,,
,,
,,
,,
,,
,,
,,
,,
,,
49
,,
,,
,,
,,
,,
,,
,,
,,
,,
,,
,,
,,
,,
,,
,,
,,
50
,,
,,
,,
,,
,,
,,
,,
,,
,,
,,
,,
,,
,,
,,
,,
,,
51
,,
,,
,,
,,
,,
,,
,,
,,
,,
,,
,,
,,
,,
,,
,,
,,
52
,,
,,
,,
,,
,,
,,
,,
,,
,,
,,
,,
,,
,,
,,
,,
,,
53
,,
,,
,,
,,
,,
,,
,,
,,
,,
,,
,,
,,
,,
,,
,,
,,
54
,,
,,
,,
,,
,,
,,
,,
,,
,,
,,
,,
,,
,,
,,
,,
,,
55
,,
,,
,,
,,
,,
,,
,,
,,
,,
,,
,,
,,
,,
,,
,,
,,
56
,,
,,
,,
,,
,,
,,
,,
,,
,,
,,
,,
,,
,,
,,
,,
,,
57
,,
,,
,,
,,
,,
,,
,,
,,
,,
,,
,,
,,
,,
,,
,,
,,
58
,,
,,
,,
,,
,,
,,
,,
,,
,,
,,
,,
,,
,,
,,
,,
,,
59
,,
,,
,,
,,
,,
,,
,,
,,
,,
,,
,,
,,
,,
,,
,,
,,
60
,,
,,
,,
,,
,,
,,
,,
,,
,,
,,
,,
,,
,,
,,
,,
,,
61
,,
,,
,,
,,
,,
,,
,,
,,
,,
,,
,,
,,
,,
,,
,,
,,
62
,,
,,
,,
,,
,,
,,
,,
,,
,,
,,
,,
,,
,,
,,
,,
,,
63
,,
,,
,,
,,
,,
,,
,,
,,
,,
,,
,,
,,
,,
,,
,,
,,
64
,,
,,
,,
,,
,,
,,
,,
,,
,,
,,
,,
,,
,,
,,
,,
,,
65
,,
,,
,,
,,
,,
,,
,,
,,
,,
,,
,,
,,
,,
,,
,,
,,
66
,,
,,
,,
,,
,,
,,
,,
,,
,,
,,
,,
,,
,,
,,
,,
,,
67
,,
,,
,,
,,
,,
,,
,,
,,
,,
,,
,,
,,
,,
,,
,,
,,
68
,,
,,
,,
,,
,,
,,
,,
,,
,,
,,
,,
,,
,,
,,
,,
,,
69
,,
,,
,,
,,
,,
,,
,,
,,
,,
,,
,,
,,
,,
,,
,,
,,
70
,,
,,
,,
,,
,,
,,
,,
,,
,,
,,
,,
,,
,,
,,
,,
,,
71
,,
,,
,,
,,
,,
,,
,,
,,
,,
,,
,,
,,
,,
,,
,,
,,
72
,,
,,
,,
,,
,,
,,
,,
,,
,,
,,
,,
,,
,,
,,
,,
,,
73
,,
,,
,,
,,
,,
,,
,,
,,
,,
,,
,,
,,
,,
,,
,,
,,
74
,,
,,
,,
,,
,,
,,
,,
,,
,,
,,
,,
,,
,,
,,
,,
,,
75
,,
,,
,,
,,
,,
,,
,,
,,
,,
,,
,,
,,
,,
,,
,,
,,
76
,,
,,
,,
,,
,,
,,
,,
,,
,,
,,
,,
,,
,,
,,
,,
,,
77
,,
,,
,,
,,
,,
,,
,,
,,
,,
,,
,,
,,
,,
,,
,,
,,
78
,,
,,
,,
,,
,,
,,
,,
,,
,,
,,
,,
,,
,,
,,
,,
,,
79
,,
,,
,,
,,
,,
,,
,,
,,
,,
,,
,,
,,
,,
,,
,,
,,
80
-829.5,0,-350.5
828,0,319.529
828,0,343.353
812,0,351.294
812,0,367.176
812,0,391
836,0,351.294
820,0,367.176
804,0,367.176
828,0,383.059
820,0,406.882
820,0,438.647
836,0,383.059
828,0,406.882
852,0,430.706
828,0,367.176
81
-833.5,0,-350.5
824.321,0,319.862
823.359,0,344.225
808.394,0,348.628
805.259,0,365.604
811.78,0,387.764
833.016,0,349.41
829.881,0,366.385
805.259,0,365.604
819.262,0,385.563
825.783,0,407.723
816.127,0,402.538
834.228,0,381.159
818.301,0,409.925
835.44,0,412.908
822.398,0,368.587
82
-837.5,0,-350.5
824.473,0,318.72
823.593,0,341.756
815.306,0,349.13
814.427,0,372.166
813.547,0,395.201
839.288,0,350.045
830.708,0,365.097
806.432,0,371.86
821.835,0,387.828
828.949,0,411.169
852.639,0,419.763
838.116,0,380.76
828.949,0,411.169
827.777,0,441.884
830.708,0,365.097
83
-841,0,-350
825.735,0,316.046
823.781,0,339.333
815.263,0,346.435
813.309,0,369.721
812.657,0,377.483
838.864,0,348.415
829.043,0,371.042
805.442,0,369.061
827.74,0,386.566
825.786,0,409.853
840.869,0,418.935
835.607,0,387.226
825.786,0,409.853
830.396,0,449.324
829.694,0,363.279
84
-845.5,0,-351.5
822.509,0,320.502
828.427,0,344.48
812.03,0,350.933
817.948,0,374.911
816.645,0,390.457
836.299,0,345.14
826.472,0,367.798
810.076,0,374.251
825.169,0,383.344
822.563,0,414.435
806.167,0,420.888
840.914,0,384.663
830.436,0,415.094
827.83,0,446.185
826.472,0,367.798
85
-849.5,0,-351
823.31,0,319.571
827.043,0,344.214
810.529,0,349.483
814.261,0,374.126
806.651,0,372.863
833.36,0,353.27
823.164,0,367.595
806.651,0,372.863
819.286,0,390.975
823.018,0,415.618
833.068,0,449.317
835.8,0,385.706
830.629,0,416.88
833.068,0,449.317
830.775,0,368.857
86
-854,0,-353
826.228,0,319.502
824.789,0,342.886
816.609,0,350.207
815.17,0,373.591
807.47,0,373.117
839.709,0,351.628
823.35,0,366.27
807.47,0,373.117
821.91,0,389.655
819.992,0,420.834
819.992,0,420.834
837.31,0,390.602
827.691,0,421.307
833.472,0,452.96
831.049,0,366.744
87
-858,0,-353
830.266,0,321.677
829.132,0,345.364
820.858,0,352.882
819.724,0,376.569
804.311,0,367.917
836.65,0,353.638
827.998,0,369.051
804.311,0,367.917
826.864,0,392.738
817.455,0,423.943
817.455,0,423.943
842.655,0,393.494
833.247,0,424.699
840.008,0,448.764
835.894,0,369.429
88
-862,0,-353
823.494,0,323.717
829.895,0,347.881
813.62,0,354.778
820.021,0,378.941
819.525,0,386.83
837.784,0,348.377
828.406,0,371.548
805.235,0,362.171
826.918,0,395.216
817.54,0,418.387
832.326,0,435.158
843.192,0,388.319
840.711,0,427.765
847.112,0,451.928
836.295,0,372.044
89
-867,0,-353
831.514,0,323.022
835.381,0,348.023
818.267,0,353.23
822.134,0,378.231
807.7,0,367.664
843.268,0,349.363
832.701,0,363.797
809.04,0,359.777
828.681,0,387.458
815.435,0,417.666
820.642,0,434.78
844.455,0,390.138
845.643,0,430.913
849.51,0,455.913
839.248,0,373.024
90
-871.5,0,-352.5
823.352,0,323.872
829.35,0,347.857
821.554,0,347.258
819.757,0,370.644
804.766,0,361.65
837.145,0,348.456
828.152,0,363.447
804.766,0,361.65
834.15,0,387.432
816.762,0,409.62
823.359,0,425.809
841.945,0,388.031
838.95,0,427.007
852.743,0,451.591
835.348,0,371.842
91
-876,0,-353
829.131,0,323.051
833.339,0,340.438
823.748,0,346.44
818.366,0,369.828
804.568,0,358.444
839.341,0,350.028
827.956,0,363.826
804.568,0,358.444
830.37,0,389.009
818.986,0,402.807
838.786,0,423.782
847.757,0,384.801
846.582,0,425.576
864.589,0,454.347
835.752,0,365.62
92
-880.5,0,-353.5
828.183,0,319.892
832.351,0,344.553
824.536,0,343.338
820.889,0,366.783
814.29,0,357.752
840.167,0,345.769
829.92,0,360.183
806.475,0,356.536
834.088,0,384.844
814.811,0,405.858
835.825,0,425.136
849.718,0,387.276
852.671,0,419.752
864.654,0,445.628
836.52,0,369.214
93
-885,0,-353
831.652,0,319.904
836.132,0,336.802
826.89,0,342.87
823.715,0,358.181
816.06,0,356.594
843.788,0,338.39
831.37,0,359.768
808.404,0,355.006
834.264,0,384.322
814.191,0,404.113
826.327,0,422.598
849.574,0,387.496
850.88,0,419.705
869.084,0,447.433
839.026,0,361.356
94
-890,0,-353
832.673,0,312.064
836.752,0,336.711
827.811,0,343.325
824.164,0,366.77
822.948,0,374.585
843.261,0,345.728
825.379,0,358.955
802.204,0,355.35
829.458,0,383.602
810.36,0,404.644
823.379,0,422.678
844.908,0,386.005
855.496,0,419.669
774.596,0,431.098
840.83,0,361.358
95
-895,0,-353
831.085,0,317.111
759.405,0,336.167
821.831,0,340.037
750.151,0,359.092
749.667,0,366.896
845.24,0,341.488
774.044,0,352.74
773.56,0,360.544
835.018,0,380.02
810.157,0,401.978
753.6,0,429.805
764.789,0,375.666
856.493,0,412.684
777.009,0,431.256
758.437,0,351.773
96
-900,0,-353
829.597,0,321.794
766.168,0,336.783
748.525,0,337.053
741.595,0,358.188
752.096,0,344.008
776.775,0,340.126
822.773,0,360.451
776.88,0,357.648
759.343,0,375.44
755.984,0,403.53
752.625,0,431.62
766.379,0,371.828
773.627,0,403.261
780.875,0,434.693
759.238,0,357.918
97
-905,0,-352.5
835.185,0,318.834
837.973,0,341.03
833.121,0,347.276
823.417,0,359.768
812.319,0,361.162
844.219,0,345.882
829.663,0,364.62
807.467,0,367.408
832.451,0,386.816
813.044,0,411.8
817.226,0,445.094
843.549,0,385.422
853.978,0,423.567
788.784,0,443.03
835.909,0,369.472
98
-910,0,-353
833.496,0,310.631
832.504,0,334.337
824.362,0,341.912
753.729,0,346.873
761.21,0,355.102
847.796,0,342.893
823.7,0,357.717
799.936,0,364.638
768.36,0,371.233
813.905,0,404.803
820.394,0,436.739
846.142,0,382.404
852.631,0,414.339
789.148,0,435.431
839.323,0,358.371
99
-915,0,-353
782.267,0,313.84
833.014,0,335.77
766.227,0,337.021
757.456,0,357.32
761.842,0,347.171
843.164,0,340.156
827.124,0,363.337
795.172,0,367.596
770.487,0,368.974
812.462,0,411.202
768.856,0,428.493
845.919,0,389.526
850.179,0,421.478
796.423,0,434.383
782.141,0,355.942
100
-920,0,-353
836.006,0,309.373
834.428,0,334.565
831.479,0,342.002
768.81,0,351.576
776.077,0,354.458
848.963,0,340.329
832.849,0,359.757
805.148,0,365.985
777.447,0,372.213
819.475,0,414.696
822.215,0,450.206
848.754,0,383.276
851.494,0,418.786
868.979,0,417.113
840.116,0,362.639
101
-927,0,-353
836.958,0,315.948
791.961,0,331.023
829.496,0,343.471
774.488,0,353.559
776.963,0,336.047
847.008,0,345.946
827.022,0,360.982
804.523,0,368.52
782.025,0,376.057
819.598,0,413.516
784.613,0,433.578
852.07,0,385.955
849.633,0,428.477
809.624,0,433.54
791.999,0,356.033
102
-932,0,-353
833.503,0,313.727
840.367,0,336.155
783.46,0,337.219
780.56,0,354.458
790.323,0,359.646
842.655,0,343.631
832.279,0,363.159
802.375,0,372.31
792.611,0,367.122
786.811,0,401.602
786.199,0,426.317
846.618,0,383.298
843.106,0,425.254
813.203,0,434.405
842.043,0,368.347
103
-937.5,0,-353.5
810.748,0,312.611
841.209,0,338.537
790.863,0,333.506
786.585,0,350.876
786.585,0,350.876
850.775,0,344.578
830.89,0,365.472
807.48,0,370.761
843.982,0,387.12
791.121,0,407.262
796.409,0,430.672
853.548,0,393.161
814.531,0,401.974
821.582,0,433.188
803.955,0,355.154
104
-942.5,0,-353.5
813.307,0,311.708
813.443,0,329.171
834.478,0,339.486
796.116,0,346.768
813.713,0,364.095
851.94,0,339.35
834.614,0,356.948
820.725,0,367.533
803.263,0,367.668
803.533,0,402.593
800.23,0,427.067
855.784,0,384.725
845.605,0,423.222
845.875,0,458.147
848.637,0,363.824
105
-948,0,-353.5
845.179,0,314.669
816.117,0,331.827
829.705,0,343.399
802.572,0,352.887
802.572,0,352.887
854.909,0,341.582
833.606,0,360.69
816.16,0,364.459
806.473,0,370.178
806.516,0,402.81
808.489,0,427.772
858.854,0,391.505
841.451,0,427.906
851.182,0,454.819
847.194,0,372.263
106
-954,0,-354
843.873,0,315.625
840.472,0,340.694
834.098,0,350.041
819.864,0,360.875
809.03,0,346.64
849.82,0,347.068
837.072,0,365.762
812.003,0,362.362
843.019,0,397.205
811.576,0,403.152
808.176,0,428.22
858.74,0,394.231
841.105,0,430.134
854.912,0,460.09
846.419,0,372.136
107
-960,0,-354
842.842,0,312.425
848.656,0,336.764
832.201,0,343.267
822.939,0,358.344
815.745,0,349.771
855.85,0,345.336
838.705,0,359.723
815.056,0,357.654
843.829,0,391.944
848.954,0,424.166
816.732,0,429.29
860.285,0,385.44
841.071,0,423.476
861.961,0,457.076
845.898,0,368.295
108
-965.5,0,-354
840.321,0,314.147
845.384,0,338.933
836.482,0,345.915
824.702,0,376.725
832.644,0,377.684
860.309,0,348.794
842.506,0,362.76
811.696,0,350.979
847.569,0,387.546
850.713,0,428.217
863.719,0,453.963
863.453,0,389.465
836.748,0,410.413
859.615,0,421.234
849.488,0,371.661
109
-971.5,0,-355
844.779,0,307.932
846.213,0,340.885
846.213,0,340.885
843.01,0,356.561
827.334,0,353.359
861.889,0,344.088
843.01,0,356.561
819.496,0,351.758
852.282,0,391.116
853.715,0,424.07
872.426,0,452.388
860.12,0,392.718
841.241,0,405.191
853.715,0,424.07
857.085,0,367.602
110
-977.5,0,-355
845.269,0,308.225
849.864,0,332.566
833.285,0,338.217
816.706,0,343.868
825.523,0,337.162
856.571,0,341.384
846.698,0,355.852
815.65,0,351.63
850.237,0,387.955
861.539,0,421.114
873.896,0,446.511
857.999,0,389.011
832.602,0,401.368
837.198,0,425.709
853.404,0,364.669
111
-983.5,0,-355
850.4,0,311.13
847.77,0,334.985
838.941,0,342.06
829.236,0,357.087
822.161,0,348.258
863.674,0,336.739
845.14,0,358.84
821.284,0,356.21
850.461,0,383.573
862.858,0,417.133
876.131,0,442.742
866.365,0,385.326
839.879,0,406.551
845.201,0,431.284
853.092,0,359.717
112
-990.5,0,-355
850.66,0,307.097
848.081,0,330.696
831.662,0,336.862
814.383,0,350.894
835.143,0,377.043
862.781,0,340.263
845.502,0,354.295
822.163,0,351.744
850.703,0,378.743
862.824,0,411.909
875.804,0,437.208
858.483,0,379.594
840.344,0,401.492
844.685,0,433.807
852.422,0,363.011
113
-996.5,0,-354.5
855.96,0,302.076
854.217,0,334.028
838.24,0,333.156
821.392,0,348.261
836.061,0,373.097
870.193,0,334.9
853.345,0,350.004
820.957,0,356.249
851.601,0,381.957
865.834,0,414.781
880.503,0,439.617
867.578,0,382.829
842.306,0,405.485
848.55,0,437.874
852.909,0,357.992
114
-1004.5,0,-356
855.629,0,305.187
854.569,0,328.641
838.58,0,335.752
829.702,0,358.853
836.814,0,374.843
869.852,0,337.166
884.782,0,353.508
876.611,0,360.973
852.45,0,375.55
851.037,0,406.822
881.249,0,431.689
868.086,0,376.256
843.219,0,406.469
841.805,0,437.741
853.156,0,359.913
115
-1011.5,0,-356
855.723,0,301.646
886.083,0,327.689
837.139,0,340.513
860.564,0,350.066
843.027,0,372.968
901.526,0,336.719
900.478,0,352.685
891.972,0,360.144
858.47,0,381.998
873.912,0,391.028
863.834,0,422.436
891.448,0,368.127
848.392,0,413.406
845.774,0,453.32
884.513,0,351.637
116
-1018.5,0,-356
856.532,0,302.803
891.17,0,328.419
883.432,0,326.391
840.311,0,364.714
875.321,0,357.347
873.665,0,332.103
908.304,0,357.718
890.799,0,361.402
881.032,0,367.113
880.66,0,400.096
882.316,0,425.34
896.51,0,371.168
905.904,0,398.44
905.533,0,431.423
857.816,0,361.03
117
-1024.5,0,-355.5
904.187,0,305.089
858.424,0,326.839
844.39,0,337.615
883.434,0,347.792
876.516,0,362.026
872.659,0,333.757
915.361,0,354.51
834.013,0,358.966
851.906,0,376.459
884.032,0,400.871
884.232,0,418.564
869.599,0,376.26
852.305,0,411.845
916.159,0,425.282
862.282,0,355.108
118
-1030.5,0,-356.5
855.198,0,307.797
906.908,0,331.856
840.531,0,344.522
890.763,0,350.957
890.763,0,350.957
871.661,0,334.812
852.878,0,364.783
835.255,0,366.262
892.241,0,368.581
884.328,0,401.19
889.922,0,425.567
865.226,0,385.045
912.821,0,402.349
853.516,0,457.016
901.633,0,353.595
119
-1038,0,-356
857.737,0,305.413
916.995,0,325.621
847.52,0,335.371
894.518,0,343.037
899.371,0,353.053
872.296,0,335.459
924.147,0,353.142
829.897,0,362.803
856.971,0,380.396
901.415,0,395.553
891.198,0,425.511
919.038,0,368.121
926.19,0,395.641
930.788,0,430.651
909.332,0,348.09
120
-1046.5,0,-357
860.678,0,301.091
925.872,0,329.754
911.385,0,323.385
909.074,0,348.301
913.133,0,358.73
872.855,0,332.377
933.991,0,350.611
835.2,0,359.042
857.806,0,386.269
904.453,0,398.134
902.143,0,423.05
927.621,0,365.099
859.554,0,421.614
934.303,0,428.545
926.747,0,347.427
121
-1054,0,-357
938.815,0,300.162
866.793,0,328.907
919.253,0,325.861
909.979,0,347.454
921.283,0,360.834
943.937,0,327.937
941.861,0,352.621
836.942,0,358.712
859.55,0,385.472
844.094,0,421.46
910.949,0,424.597
877.037,0,384.457
868.778,0,423.536
942.83,0,429.764
927.465,0,346.439
122
-1061.5,0,-357
858.786,0,307.357
861.798,0,335.742
923.629,0,335.805
916.517,0,352.016
899.281,0,356.053
952.014,0,332.793
853.661,0,363.101
831.363,0,361.051
856.673,0,391.486
917.479,0,402.698
914.403,0,436.145
873.908,0,387.449
869.808,0,432.044
877.882,0,466.516
864.81,0,364.126
123
-1069.5,0,-357
862.362,0,305.928
860.486,0,329.614
852.045,0,336.89
849.543,0,368.471
848.918,0,376.366
875.491,0,338.747
857.984,0,361.195
827.347,0,350.823
856.108,0,384.88
837.975,0,415.223
862.047,0,409.185
871.739,0,386.119
867.986,0,433.49
881.116,0,466.31
865.8,0,361.814
124
-1077.5,0,-357
862.492,0,305.938
958.159,0,323.818
942.163,0,323.504
941.692,0,347.499
941.535,0,355.498
877.861,0,338.245
861.393,0,361.927
829.556,0,353.301
860.922,0,385.922
836.456,0,409.447
932.124,0,427.327
876.919,0,386.236
875.977,0,434.227
891.347,0,466.535
869.392,0,362.084
125
-1084.5,0,-357
860.766,0,305.263
866.646,0,329.118
952.456,0,328.207
943.469,0,343.075
927.359,0,349.576
874.391,0,329.739
857.038,0,351.729
826.061,0,349.244
862.298,0,383.328
837.201,0,404.697
859.191,0,422.05
877.786,0,384.571
881.803,0,431.658
895.428,0,456.134
864.161,0,360.095
126
-1092,0,-357
863.717,0,303.021
860.989,0,326.168
852.363,0,332.975
952.669,0,344.799
936.327,0,350.696
876.42,0,327.988
858.26,0,349.316
826.487,0,353.393
862.337,0,381.089
836.461,0,401.507
943.572,0,421.957
877.769,0,382.908
880.936,0,422.396
900.445,0,455.988
865.066,0,357.941
127
-1099.5,0,-355.5
860.725,0,301.27
866.606,0,325.124
858.24,0,332.247
958.917,0,340.323
964.798,0,364.178
874.35,0,325.745
856.377,0,355.48
833.144,0,353.616
862.257,0,379.335
837.16,0,400.704
850.164,0,432.924
877.746,0,380.577
882.384,0,419.92
903.132,0,452.761
864.121,0,356.101
128
-1109,0,-355.5
863.781,0,297.491
868.714,0,322.006
860.07,0,328.965
857.288,0,352.571
855.432,0,368.308
875.502,0,330.785
857.288,0,352.571
833.213,0,357.711
862.22,0,377.086
836.29,0,397.963
847.084,0,439.126
877.652,0,378.906
888.446,0,420.068
908.81,0,446.402
865.003,0,353.481
129
-1113.5,0,-356
868.177,0,297.908
866.4,0,321.148
858.062,0,328.302
855.692,0,359.289
855.1,0,367.035
873.555,0,329.487
856.285,0,351.542
832.452,0,357.512
862.254,0,375.374
837.238,0,396.837
842.023,0,436.163
877.748,0,376.559
890.279,0,416.477
911.742,0,441.494
871.778,0,352.727
130
-1122.5,0,-356
869.803,0,298.235
869.259,0,321.537
861.08,0,329.117
860.354,0,360.185
860.172,0,367.952
877.075,0,329.491
852.537,0,352.231
828.362,0,359.438
867.989,0,375.906
835.453,0,398.46
842.362,0,445.25
883.984,0,376.28
891.075,0,415.302
914.705,0,431.397
876.531,0,352.792
131
-1131,0,-355.5
867.846,0,291.536
873.233,0,323.744
864.711,0,331.012
862.83,0,354.697
861.576,0,370.487
881.128,0,324.371
854.934,0,354.07
830.622,0,360.084
868.844,0,379.01
842.65,0,408.709
847.41,0,448.812
884.634,0,380.264
889.394,0,420.366
912.452,0,430.142
870.725,0,355.324
132
-1139.5,0,-356
871.497,0,290.223
868.283,0,322.061
859.52,0,329.217
857.11,0,353.096
863.462,0,369.818
884.202,0,323.668
857.11,0,353.096
831.624,0,366.604
870.618,0,378.581
843.526,0,408.009
846.665,0,456.57
886.537,0,380.188
889.676,0,428.749
914.358,0,423.2
873.029,0,354.703
133
-1148.5,0,-356
865.237,0,289.193
870.627,0,321.413
862.101,0,328.684
860.219,0,352.379
866.863,0,368.803
877.898,0,329.939
860.219,0,352.379
835.27,0,366.294
874.134,0,377.328
847.303,0,414.937
852.065,0,455.056
882.032,0,377.955
886.167,0,425.972
910.489,0,419.956
876.016,0,353.634
134
-1157,0,-356.5
869.858,0,292.794
874.422,0,317.035
864.269,0,331.279
860.915,0,354.37
858.68,0,369.764
881.221,0,325.882
860.915,0,354.37
834.929,0,366.315
873.396,0,379.761
851.972,0,415.946
854.3,0,455.581
890.347,0,374.364
882.522,0,428.243
908.509,0,416.298
876.749,0,356.67
135
-1165.5,0,-357
869.584,0,294.328
866.29,0,317.427
856.395,0,331.73
853.102,0,354.829
849.809,0,377.929
880.593,0,327.323
853.102,0,354.829
827.807,0,366.936
865.209,0,380.124
852.02,0,417.526
860.834,0,465.921
881.706,0,374.62
881.722,0,429.617
900.415,0,408.713
877.3,0,350.422
136
-1173,0,-357.5
868.9,0,294.684
867.792,0,318.436
859.062,0,333.898
857.954,0,357.65
856.846,0,381.402
883.405,0,327.099
857.954,0,357.65
833.61,0,364.449
872.828,0,382.147
862.621,0,429.279
868.765,0,469.238
888.811,0,382.893
878.604,0,430.024
903.316,0,415.308
873.936,0,358.395
137
-1182,0,-357.5
871.41,0,291.215
867.184,0,322.358
858.412,0,329.097
854.186,0,360.24
852.073,0,375.811
881.557,0,332.238
855.242,0,352.454
829.984,0,364.885
866.446,0,385.691
860.107,0,432.406
877.969,0,474.476
882.933,0,379.999
867.822,0,433.453
901.851,0,414.283
870.672,0,354.548
138
-1191,0,-357
873.306,0,292.308
872.191,0,323.461
856.336,0,330.691
847.433,0,361.565
854.663,0,377.42
879.7,0,331.528
855.5,0,354.056
831.856,0,361.008
869.961,0,385.766
860.779,0,424.428
882.471,0,471.992
885.537,0,386.323
860.779,0,424.428
882.471,0,471.992
870.797,0,362.401
139
-1199,0,-357.5
872.501,0,294.15
871.012,0,325.563
854.933,0,332.671
853.444,0,364.084
853.072,0,371.938
878.493,0,333.788
853.816,0,356.231
829.884,0,362.968
868.034,0,388.389
873.653,0,435.88
895.724,0,468.41
891.593,0,389.505
858.691,0,419.429
890.104,0,420.918
877.004,0,365.201
140
-1208,0,-356.5
875.173,0,297.735
873.375,0,321.045
856.499,0,335.375
854.101,0,366.455
853.502,0,374.225
880.615,0,329.419
863.139,0,351.52
831.184,0,356.871
875.82,0,391.579
880.062,0,438.804
901.78,0,463.928
892.097,0,385.019
858.344,0,413.68
889.1,0,423.869
878.217,0,360.499
141
-1216.5,0,-358
869.149,0,289.821
873.816,0,322.423
856.758,0,336.844
854.441,0,360.732
853.668,0,368.694
880.8,0,331.138
862.97,0,353.522
831.171,0,358.475
867.637,0,386.124
878.516,0,435.405
906.453,0,470.265
883.15,0,387.629
849.806,0,408.508
878.516,0,435.405
877.711,0,362.989
142
-1225.5,0,-358
877.853,0,292.038
875.834,0,323.422
859.362,0,330.24
857.343,0,361.623
856.838,0,369.469
883.313,0,331.781
865.831,0,354.291
833.897,0,352.237
871.795,0,386.188
893.222,0,426.959
915.153,0,459.883
887.762,0,387.216
854.314,0,408.699
876.75,0,433.777
873.815,0,354.805
143
-1235,0,-357
870.337,0,287.352
869.698,0,318.793
853.817,0,326.334
853.177,0,357.776
845.317,0,357.616
885.259,0,326.974
861.198,0,350.075
829.756,0,349.436
868.419,0,381.677
891.041,0,429.319
913.982,0,461.241
884.139,0,381.997
852.218,0,404.938
867.299,0,436.7
876.759,0,358.255
144
-1246,0,-357.5
871.742,0,287.5
869.768,0,318.886
853.581,0,325.746
852.101,0,349.286
835.914,0,356.145
884.968,0,327.72
859.948,0,349.779
836.408,0,348.299
865.82,0,381.659
894.739,0,422.865
916.305,0,455.732
881.513,0,382.646
848.647,0,404.212
861.873,0,444.431
875.641,0,350.766
145
-1255,0,-357.5
872.068,0,283.671
871.429,0,315.113
855.548,0,322.654
854.908,0,354.096
847.048,0,353.936
886.99,0,323.293
862.929,0,346.395
839.188,0,353.776
870.15,0,377.997
884.911,0,425.479
923.734,0,449.86
885.871,0,378.316
853.949,0,401.258
852.99,0,448.421
878.49,0,354.575
146
-1265,0,-358.5
873.851,0,285.053
871.877,0,316.44
855.69,0,323.299
853.717,0,354.686
845.377,0,362.039
887.077,0,325.273
862.057,0,347.332
838.024,0,353.699
867.93,0,379.212
888.509,0,427.772
919.401,0,437.592
883.623,0,380.199
850.263,0,409.612
855.149,0,457.184
877.75,0,348.319
147
-1274,0,-358.5
866.205,0,282.381
873.431,0,313.707
857.552,0,321.179
856.918,0,352.345
841.038,0,359.817
888.993,0,321.819
864.937,0,344.713
833.336,0,351.865
872.163,0,376.039
878.914,0,430.74
918.217,0,431.539
887.884,0,376.359
847.789,0,414.517
846.839,0,461.266
872.639,0,352.665
148
-1284.5,0,-358.5
871.692,0,280.608
867.109,0,311.72
857.04,0,326.131
853.602,0,349.465
836.901,0,354.952
889.298,0,322.935
869.159,0,351.757
836.901,0,354.952
872.354,0,384.015
881.036,0,432.975
913.294,0,429.78
889.056,0,378.528
852.215,0,412.836
851.973,0,468.429
876.937,0,352.902
149
-1293.5,0,-358.5
867.087,0,286.642
872.769,0,310.644
855.84,0,324.791
853.753,0,348.097
845.289,0,355.171
887.612,0,319.804
861.522,0,348.793
837.52,0,354.475
866.509,0,380.564
870.104,0,427.873
909.644,0,423.583
882.047,0,381.956
855.262,0,418.713
851.088,0,465.327
877.06,0,350.184
150
-1302.5,0,-357.5
868.889,0,282.279
866.525,0,313.389
849.787,0,327.762
856.974,0,336.131
862.387,0,367.832
881.489,0,322.349
863.569,0,352.277
839.645,0,358.281
869.574,0,376.201
858.25,0,422.275
854.703,0,468.941
885.129,0,377.383
858.25,0,422.275
854.112,0,476.718
871.347,0,352.868
151
-1314,0,-358.5
860.702,0,281.975
865.624,0,314.544
856.422,0,329.784
854.281,0,353.688
846.506,0,352.992
880.461,0,323.904
862.057,0,354.384
838.017,0,360.264
867.692,0,378.985
863.411,0,426.794
866.192,0,483.267
883.242,0,380.377
862.697,0,434.762
858.417,0,482.57
869.832,0,355.08
152
-1323,0,-358.5
866.043,0,284.082
869.172,0,316.918
860.067,0,323.633
855.285,0,355.274
838.269,0,360.794
883.797,0,327.219
863.195,0,356.469
838.269,0,360.794
867.52,0,381.395
851.242,0,435.571
876.906,0,479.904
883.34,0,383.786
867.062,0,437.962
875.711,0,487.814
871.106,0,357.665
153
-1333,0,-357.5
861.449,0,286.617
866.3,0,318.722
857.714,0,325.814
855.473,0,349.333
831.207,0,354.931
881.232,0,328.055
862.565,0,357.919
831.207,0,354.931
867.417,0,390.024
848.003,0,427.728
863.682,0,429.222
883.843,0,383.679
870.774,0,437.808
881.971,0,486.339
870.405,0,358.666
154
-1342,0,-357.5
860.24,0,288.978
863.534,0,321.51
854.681,0,328.274
851.345,0,351.852
834.751,0,357.521
879.016,0,323.701
857.974,0,360.807
827.01,0,356.426
862.38,0,385.479
832.485,0,429.349
880.043,0,428.061
877.862,0,387.67
870.079,0,442.685
887.742,0,485.266
866.827,0,354.043
155
-1353,0,-357.5
856.403,0,286.84
861.031,0,318.741
852.466,0,325.732
850.103,0,349.067
825.98,0,354.483
875.801,0,328.094
857.094,0,357.633
825.98,0,354.483
861.723,0,389.534
827.459,0,417.498
866.351,0,421.435
878.067,0,383.331
871.767,0,445.558
899.731,0,479.821
872.651,0,359.208
156
-1360,0,-357.5
861.471,0,287.073
864.956,0,319.586
848.396,0,325.352
845.199,0,348.949
820.891,0,353.666
872.703,0,320.635
851.881,0,357.864
820.891,0,353.666
864.179,0,383.56
827.861,0,418.69
865.533,0,431.804
879.674,0,385.659
879.962,0,441.769
905.624,0,485.295
867.376,0,359.963
157
-1371,0,-357.5
859.062,0,281.902
863.563,0,313.836
854.896,0,320.77
843.729,0,351.025
820.227,0,348.505
870.563,0,322.449
851.562,0,351.864
819.394,0,356.279
856.063,0,383.799
821.394,0,411.534
851.063,0,430.441
879.565,0,386.318
881.566,0,441.573
909.568,0,476.027
867.23,0,353.544
158
-1382,0,-357.5
861.527,0,283.641
858.884,0,314.802
850.372,0,321.926
848.389,0,345.297
824.177,0,351.089
866.734,0,315.468
847.728,0,353.087
815.665,0,358.213
853.596,0,377.124
819.55,0,405.62
848.309,0,439.445
869.297,0,378.456
888.223,0,434.985
916.981,0,468.81
864.09,0,346.629
159
-1392,0,-357.5
854.007,0,278.276
854.034,0,309.548
846.223,0,317.373
838.431,0,348.653
822.802,0,356.484
861.859,0,317.36
846.249,0,348.646
814.983,0,356.491
854.094,0,379.912
815.024,0,403.4
838.512,0,442.471
869.731,0,379.899
885.414,0,434.612
916.713,0,465.858
854.068,0,348.639
160
-1402,0,-357.5
857.666,0,273.921
862.548,0,313.51
861.942,0,321.305
844.296,0,343.458
819.343,0,357.2
862.548,0,313.51
843.69,0,351.252
811.429,0,356.585
857.698,0,375.867
815.705,0,403.968
827.894,0,451.967
865.612,0,376.483
885.715,0,425.097
922.857,0,459.354
860.123,0,344.689
161
-1412,0,-358.5
848.266,0,273.598
854.859,0,305.152
846.437,0,320.472
837.711,0,343.604
813.665,0,358.314
854.554,0,312.964
837.406,0,351.416
805.852,0,358.009
852.116,0,375.462
811.836,0,405.188
817.82,0,452.366
867.741,0,376.072
881.232,0,431.367
919.684,0,448.515
853.335,0,344.213
162
-1422,0,-358.5
849.936,0,272.506
854.187,0,304.696
861.118,0,313.413
841.897,0,342.924
847.042,0,367.289
853.294,0,312.52
833.18,0,349.855
807.921,0,362.823
846.149,0,375.113
810.386,0,410.662
812.851,0,458.5
861.797,0,376.9
879.018,0,434.349
918.139,0,438.814
857.546,0,344.71
163
-1433,0,-358.5
848.165,0,273.379
846.937,0,304.856
854.437,0,313.029
837.596,0,343.896
852.595,0,360.243
846.63,0,312.725
829.482,0,351.461
797.642,0,365.981
844.175,0,375.677
811.414,0,413.804
809.265,0,468.887
859.788,0,376.286
872.945,0,439.847
920.092,0,433.805
853.209,0,344.505
164
-1444,0,-358.5
845.885,0,272.609
852.636,0,304.633
852.341,0,312.565
859.093,0,344.588
858.503,0,360.452
844.114,0,320.201
827.07,0,351.339
802.684,0,366.318
841.754,0,383.658
808.551,0,422.138
814.417,0,477.957
865.845,0,376.611
871.417,0,440.362
911.667,0,425.973
851.161,0,344.293
165
-1455,0,-358.5
842.141,0,269.29
847.129,0,308.853
854.413,0,317.229
860.548,0,341.199
859.401,0,356.793
846.555,0,316.651
820.113,0,353.901
795.392,0,367.76
841.964,0,379.027
807.09,0,423.496
810.93,0,478.654
857.679,0,380.184
860.945,0,443.139
902.528,0,414.843
852.117,0,348.417
166
-1465.5,0,-358.5
836.461,0,275.466
842.092,0,307.228
849.354,0,315.576
838.832,0,354.055
854.442,0,355.142
833.744,0,314.489
815.418,0,352.425
790.918,0,366.405
837.202,0,377.469
809.985,0,430.472
814.53,0,477.843
852.812,0,378.556
848.465,0,440.993
889.661,0,412.491
847.18,0,346.794
167
-1475.5,0,-358.5
833.461,0,269.589
838.009,0,309.221
829.563,0,316.368
819.167,0,346.904
793.829,0,368.344
837.359,0,317.018
810.721,0,354.051
786.032,0,367.695
839.958,0,380.039
812.02,0,432.666
823.065,0,488.541
855.551,0,381.339
842.556,0,443.061
876.341,0,414.474
842.557,0,348.853
168
-1486,0,-357.5
829.664,0,274.758
833.457,0,307.51
831.415,0,323.379
820.477,0,346.169
793.786,0,366.933
840.312,0,316.457
811.58,0,353.091
784.888,0,373.855
839.002,0,388.882
816.103,0,442.398
841.484,0,494.059
854.754,0,390.909
831.856,0,444.424
867.444,0,416.739
843.085,0,357.144
169
-1496.5,0,-357.5
832.282,0,279.899
827.584,0,311.321
826.41,0,319.177
813.856,0,349.425
787.941,0,361.612
834.265,0,320.351
812.682,0,357.28
778.911,0,368.293
831.551,0,392.226
823.329,0,447.215
848.879,0,491.19
848.436,0,386.719
823.329,0,447.215
848.879,0,491.19
837.423,0,352.948
170
-1509.5,0,-357.5
824.384,0,275.693
821.596,0,315.309
813.172,0,322.679
803.075,0,353.818
778.361,0,368.004
837.328,0,316.416
803.075,0,353.818
778.361,0,368.004
840.176,0,388.279
828.407,0,443.188
856.526,0,492.942
839.619,0,396.202
804.808,0,441.528
844.697,0,436.372
834.54,0,356.033
171
-1517.5,0,-357
823.658,0,278.033
827.339,0,310.574
818.418,0,317.4
806.352,0,347.845
780.636,0,360.448
834.165,0,319.496
805.304,0,355.719
772.763,0,359.4
832.606,0,391.404
833.143,0,447.566
867.27,0,492.173
840.48,0,392.452
794.824,0,434.453
844.161,0,424.994
828.925,0,358.863
172
-1528,0,-356.5
819.209,0,274.582
823.561,0,307.279
805.864,0,321.379
802.267,0,353.176
777.52,0,358.428
830.612,0,316.128
802.267,0,353.176
769.571,0,357.528
838.417,0,389.47
832.122,0,445.115
875.321,0,490.257
838.417,0,389.47
786.224,0,423.82
833.021,0,437.165
826.115,0,355.874
173
-1538,0,-356.5
817.066,0,269.839
818.352,0,310.328
809.206,0,316.853
796.13,0,346.886
770.003,0,358.628
826.187,0,311.638
796.13,0,346.886
770.003,0,358.628
830.069,0,384.779
844.406,0,443.559
878.345,0,481.452
828.759,0,392.615
776.505,0,416.097
820.899,0,439.629
819.637,0,350.816
174
-1548,0,-356.5
810.713,0,265.761
814.484,0,305.81
797.975,0,312.026
786.868,0,342.597
769.544,0,356.66
821.515,0,314.472
794.714,0,343.413
769.544,0,356.66
822.025,0,385.907
840.674,0,435.432
875.832,0,478.741
822.025,0,385.907
771.685,0,412.402
807.657,0,447.865
817.439,0,353.705
175
-1559,0,-356.5
809.599,0,270.775
814.529,0,303.158
805.875,0,310.323
786.332,0,348.38
769.769,0,354.801
821.694,0,311.812
794.987,0,341.216
761.859,0,354.056
814.991,0,382.997
841.416,0,441.342
877.985,0,476.704
814.991,0,382.997
764.556,0,410.167
791.725,0,460.602
817.97,0,351.359
176
-1569.5,0,-357.5
800.825,0,266.208
806.854,0,306.266
798.537,0,313.82
781.141,0,344.798
764.508,0,359.906
814.408,0,314.582
789.077,0,345.179
756.573,0,359.525
811.357,0,378.065
832.112,0,442.691
878.58,0,468.785
810.976,0,386
761.839,0,415.453
783.357,0,464.209
804.947,0,345.942
177
-1579,0,-357
798.11,0,266.575
802.46,0,306.565
786.043,0,313.02
775.379,0,343.749
766.82,0,350.905
810.318,0,307.267
783.237,0,344.45
758.261,0,358.061
811.861,0,378.687
821.964,0,442.951
876.266,0,455.72
811.861,0,378.687
761.208,0,413.766
772.012,0,470.172
806.81,0,346.555
178
-1589,0,-356
789.57,0,260.291
792.619,0,300.677
783.768,0,307.594
779.9,0,339.129
762.198,0,352.963
807.419,0,310.495
778.933,0,347.013
753.348,0,359.879
806.6,0,382.416
814.632,0,447.42
870.785,0,446.305
806.6,0,382.416
753.495,0,423.917
762.494,0,481.037
802.584,0,349.914
179
-1599.5,0,-357
785.006,0,260.492
787.371,0,300.648
778.468,0,307.372
774.11,0,338.625
756.304,0,352.072
801.908,0,310.641
773.021,0,346.438
747.402,0,358.796
799.915,0,382.05
806.826,0,446.735
855.884,0,437.646
799.915,0,382.05
754.312,0,423.482
754.498,0,479.264
796.46,0,349.707
180
-1613,0,-356
782.962,0,260.845
785.956,0,301.233
768.361,0,315.082
765.46,0,338.739
754.728,0,361.434
792.819,0,310.078
772.323,0,347.584
739.067,0,359.513
791.945,0,382.007
792.037,0,446.05
841.92,0,428.157
791.945,0,382.007
753.853,0,433.363
754.913,0,489.521
787.983,0,349.505
181
-1626.5,0,-357
769.362,0,260.329
774.275,0,300.803
765.813,0,308.197
763.447,0,340.11
745.932,0,362.877
789.424,0,309.948
762.856,0,348.088
737.471,0,370.272
784.101,0,381.751
778.777,0,453.554
828.365,0,425.142
791.971,0,382.334
748.479,0,435.263
751.617,0,499.672
786.467,0,349.838
182
-1628,0,-352.5
769.213,0,260.692
777.845,0,309.939
769.937,0,308.725
773.056,0,341.152
745.742,0,360.923
777.845,0,309.939
754.847,0,354.333
728.73,0,366.3
790.792,0,383.809
773.307,0,445.023
817.633,0,419.875
790.792,0,383.809
757.492,0,442.597
757.019,0,498.434
779.766,0,350.169
183
-1642,0,-353.5
765.576,0,261.38
766.544,0,301.892
765.172,0,309.72
750.484,0,347.489
730.712,0,368.229
773,0,311.092
749.112,0,355.317
722.884,0,366.857
768.48,0,382.917
749.675,0,444.169
771.383,0,504.454
784.136,0,385.661
757.503,0,445.541
771.383,0,504.454
773.968,0,351.605
184
-1653,0,-356.5
753.97,0,268.547
766.497,0,309.021
765.814,0,316.837
755.115,0,347.407
721.188,0,368.073
765.814,0,316.837
746.462,0,354.527
721.188,0,368.073
767.642,0,387.881
738.955,0,440.508
769.469,0,458.924
783.581,0,389.272
762.182,0,450.412
781.314,0,507.214
771.054,0,348.799
185
-1665.5,0,-356
754.836,0,266.012
755.596,0,306.012
761.925,0,315.126
783.698,0,327.025
721.293,0,363.609
754.204,0,313.734
730.407,0,357.28
712.179,0,369.938
757.117,0,386.013
724.206,0,435.888
781.042,0,430.191
772.56,0,388.798
753.701,0,449.179
783.956,0,502.47
762.686,0,355.127
186
-1680,0,-361
742.09,0,266.85
754.465,0,307.748
761.632,0,316.314
783.786,0,334.091
741.423,0,370.478
745.993,0,315.025
726.437,0,361.268
702.325,0,367.256
747.938,0,386.966
704.923,0,431.276
759.66,0,435.786
763.577,0,388.255
757.702,0,459.552
792.883,0,510.305
758.368,0,355.923
187
-1686,0,-356
741.593,0,269.312
744.979,0,309.196
752.779,0,310.079
782.215,0,329.211
730.999,0,362.915
736.296,0,316.114
715.399,0,361.149
691.116,0,366.301
743.951,0,388.081
692.736,0,421.785
740.42,0,419.282
760.435,0,382.046
760.29,0,453.131
802.677,0,497.429
748.365,0,349.08
188
-1695,0,-358
732.86,0,266.626
745.067,0,307.654
752.983,0,308.379
774.555,0,334.3
756.549,0,356.597
736.427,0,314.844
708.331,0,360.163
691.775,0,366.629
737.818,0,386.81
686.7,0,422.038
732.019,0,450.134
745.734,0,387.534
763.682,0,453.034
807.551,0,496.961
740.718,0,355.147
189
-1707.5,0,-358
729.18,0,261.435
734.207,0,301.916
757.552,0,311.664
771.738,0,336.779
746.033,0,358.944
725.049,0,317.282
706.142,0,355.993
681.027,0,370.179
744.263,0,382.878
677.487,0,418.049
715.018,0,452.912
735.695,0,390.266
763.477,0,448.474
807.806,0,499.884
738.645,0,350.375
190
-1718,0,-359.5
722.498,0,262.143
727,0,302.429
742.158,0,311.717
764.553,0,329.609
738.057,0,359.24
717.713,0,317.587
690.533,0,355.139
674.009,0,361.693
736.006,0,383.002
669.224,0,417.137
697.489,0,459.474
727.402,0,390.239
762.22,0,449.101
806.326,0,492.805
730.82,0,350.636
191
-1726,0,-359.5
725.486,0,259.746
721.945,0,307.615
729.283,0,316.18
759.817,0,334.482
709.296,0,370.855
705.498,0,314.421
686.691,0,353.139
662.316,0,359.358
716.044,0,387.398
658.185,0,415.206
685.768,0,473.399
723.973,0,387.984
751.555,0,446.177
812.622,0,482.781
718.995,0,347.506
192
-1736,0,-359.5
710.581,0,258.915
712.621,0,306.572
720.804,0,314.179
753.195,0,336.664
737.17,0,329.392
697.276,0,315.186
675.107,0,347.964
651.919,0,356.914
708.179,0,386.335
654.639,0,420.456
665.202,0,483.662
708.179,0,386.335
742.27,0,448.533
798.19,0,470.011
706.478,0,346.621
193
-1745,0,-360.5
704.593,0,261.801
705.347,0,301.794
721.543,0,317.492
745.988,0,349.036
714.199,0,349.636
689.603,0,310.092
666.515,0,350.535
642.824,0,358.983
699.059,0,389.928
644.181,0,430.97
653.184,0,486.81
706.855,0,381.78
732.054,0,453.318
795.784,0,460.117
706.252,0,349.786
194
-1753.5,0,-361.5
699.217,0,257.497
699.838,0,304.57
715.736,0,320.054
731.841,0,351.229
708.305,0,351.54
684.251,0,312.623
653.283,0,344.418
629.85,0,352.574
685.182,0,383.232
638.73,0,430.925
639.558,0,493.689
700.873,0,383.025
717.495,0,453.427
780.155,0,444.754
692.614,0,351.747
195
-1763,0,-361
691.206,0,262.299
693.553,0,309.933
709.822,0,317.09
719.717,0,356.394
695.509,0,349.629
677.675,0,310.715
639.544,0,344.428
616.118,0,353.54
681.586,0,390.106
636.299,0,440.088
639.428,0,503.601
689.525,0,389.715
708.924,0,460.385
763.715,0,441.768
687.57,0,350.02
196
-1774.5,0,-361.5
680.287,0,262.17
682.37,0,309.223
698.402,0,316.371
700.138,0,355.583
677.305,0,372.309
666.685,0,309.918
636.705,0,342.676
605.336,0,344.065
678,0,387.994
633.376,0,444.973
636.154,0,507.712
678,0,387.994
696.809,0,457.88
742.822,0,432.27
684.106,0,348.435
197
-1783.5,0,-362.5
675.646,0,260.667
676.513,0,308.359
692.699,0,323.968
661.194,0,340.443
669.865,0,380.042
660.76,0,316.597
629.399,0,341.021
597.604,0,341.599
670.009,0,387.991
631.421,0,452.303
632.577,0,515.892
677.958,0,387.846
679.403,0,467.333
734.321,0,426.578
677.38,0,356.052
198
-1790.5,0,-363.5
664.453,0,266.324
664.966,0,305.589
680.975,0,321.088
649.676,0,345.06
657.988,0,376.369
657.167,0,313.545
617.966,0,337.62
578.457,0,338.136
666.198,0,399.824
635.309,0,455.208
644.031,0,517.929
666.095,0,391.971
667.121,0,470.501
706.117,0,430.72
665.582,0,352.706
199
-1799.5,0,-363.5
662.565,0,270.059
662.042,0,310.055
669.735,0,326.157
637.918,0,341.743
614.318,0,333.434
654.036,0,317.951
606.416,0,333.331
574.704,0,340.917
660.892,0,398.048
628.449,0,461.629
651.318,0,525.934
660.892,0,398.048
644.148,0,469.835
692.081,0,430.458
661.415,0,358.051
200
-1809,0,-363
658.363,0,274.243
650.877,0,313.63
658.979,0,321.382
627.29,0,345.369
603.086,0,329.97
650.877,0,313.63
603.086,0,329.97
563.192,0,338.349
660.006,0,399.946
628.83,0,463.216
661.545,0,517.793
652.006,0,400.051
628.932,0,471.073
676.517,0,439.02
651.493,0,360.768
201
-1824.5,0,-363.5
653.488,0,272.373
646.519,0,319.634
646.519,0,319.634
615.552,0,343.78
607.405,0,328.222
638.667,0,319.781
583.848,0,328.664
552.439,0,329.253
647.991,0,398.157
633.611,0,469.122
665.903,0,515.647
640.139,0,398.304
602.055,0,461.858
649.021,0,453.123
647.255,0,358.896
202
-1834,0,-363
640.925,0,275.453
635.879,0,315.209
644.444,0,322.444
611.946,0,317.001
603.382,0,309.767
635.879,0,315.209
580.622,0,327.223
540.734,0,330.209
642.33,0,401.359
631.066,0,465.207
675.059,0,517.043
634.352,0,401.956
582.027,0,453.128
637.284,0,441.115
639.398,0,362.2
203
-1846,0,-363
631.283,0,272.349
624.235,0,311.769
632.248,0,319.461
609.013,0,335.647
592.506,0,296.709
624.396,0,319.622
577.284,0,320.586
538.024,0,321.39
626.004,0,398.142
627.451,0,468.81
675.367,0,507.105
626.004,0,398.142
564.152,0,446.54
627.29,0,460.958
625.2,0,358.882
204
-1855.5,0,-363.5
624.68,0,274.218
618.504,0,314.262
626.68,0,321.876
603.818,0,338.749
578.622,0,300.022
618.504,0,314.262
563.936,0,324.509
524.387,0,318.212
613.995,0,394.021
632.681,0,464.85
681.74,0,510.533
613.995,0,394.021
553.25,0,444.313
609.485,0,473.78
612.328,0,354.306
205
-1863.5,0,-363.5
440.095,0,255.104
442.228,0,279.009
622.507,0,319.152
609.413,0,352.447
579.111,0,282.864
467.554,0,292.814
558.049,0,316.87
525.465,0,311.744
440.656,0,351.435
635.3,0,462.583
687.374,0,506.129
464.561,0,349.303
544.805,0,438.527
463.7,0,429.698
445.781,0,318.851
206
-1873,0,-362.5
450.101,0,254.726
454.898,0,279.3
437.059,0,292.919
433.968,0,316.456
429.846,0,347.838
477.534,0,290.254
555.391,0,308.461
495.017,0,340.436
446.654,0,342.065
457.279,0,383.365
467.904,0,424.666
470.32,0,345.173
473.056,0,385.438
475.793,0,425.702
457.634,0,319.564
207
-1882,0,-362.5
455.918,0,251.863
460.827,0,284.468
444.246,0,290.939
441.24,0,322.798
438.986,0,346.692
484.572,0,286.708
498.147,0,312.095
503.056,0,344.701
462.731,0,348.932
619.926,0,460.188
478.961,0,430.818
479.312,0,342.46
526.45,0,435.298
478.961,0,430.818
465.736,0,317.073
208
-1895.5,0,-362.5
470.928,0,253.24
475.012,0,278.207
456.673,0,291.461
451.588,0,323.054
447.774,0,346.749
489.538,0,288.647
534.385,0,312.072
513.503,0,341.123
471.469,0,350.563
607.553,0,461.6
677.366,0,480.94
488.537,0,345.207
490.078,0,385.97
490.349,0,434.632
476.554,0,318.97
209
-1903,0,-361.5
477.979,0,249.446
482.888,0,282.063
465.434,0,296.463
455.18,0,319.59
541.687,0,255.555
576.159,0,315.117
528.378,0,310.535
490.088,0,290.791
476.78,0,345.771
594.269,0,461.514
657.977,0,467.622
500.67,0,348.062
496.852,0,387.879
500.998,0,428.46
487.797,0,314.681
210
-1911.5,0,-361.5
484.122,0,247.931
488.517,0,280.252
471.057,0,294.245
528.702,0,276.723
464.988,0,349.289
511.241,0,290.716
525.234,0,308.177
529.63,0,340.498
489.445,0,344.027
579.533,0,465.385
644.175,0,456.594
505.172,0,345.761
500.838,0,385.078
504.366,0,425.262
492.913,0,312.573
211
-1925.5,0,-361.5
555.483,0,266.661
497.739,0,282.625
481.089,0,288.3
477.908,0,311.684
473.668,0,342.864
556.917,0,314.491
511.208,0,300.335
473.294,0,287.24
497.052,0,346.044
560.16,0,465.775
499.547,0,386.079
513.702,0,340.37
508.402,0,379.344
510.896,0,419.379
501.293,0,314.865
212
-1931.5,0,-361.5
506.627,0,249
506.144,0,277.476
490.365,0,297.192
534.827,0,277.474
485.097,0,347.573
531.952,0,316.903
494.666,0,303.763
459.773,0,279.671
548.191,0,400.139
549.134,0,474.615
595.989,0,443.944
537.196,0,397.949
500.854,0,459.285
479.807,0,529.382
507.57,0,323.476
213
-1940.5,0,-361.5
512.341,0,247.64
520.419,0,282.493
502.992,0,286.532
483.696,0,298.35
456.322,0,275.314
536.275,0,319.216
505.162,0,311.737
456.322,0,275.314
540.913,0,402.61
531.864,0,474.485
580.105,0,444.942
533.135,0,400.74
502.62,0,459.228
493.571,0,531.104
542.484,0,361.848
214
-1953,0,-360.5
524.879,0,269.641
534.241,0,311.191
540.799,0,320.252
532.689,0,270.892
522.075,0,237.152
525.18,0,317.749
473.017,0,293.371
445.533,0,264.937
528.285,0,398.347
494.846,0,457.068
500.453,0,522.047
528.285,0,398.347
494.846,0,457.068
554.517,0,434.59
534.542,0,359.299
215
-1960,0,-360.5
510.005,0,265.841
524.692,0,305.577
540.212,0,313.857
525.732,0,266.257
518.701,0,234.593
508.756,0,313.024
461.989,0,296.048
439.229,0,263.968
530.267,0,392.288
497.146,0,454.367
544.954,0,432.023
522.403,0,392.08
489.282,0,454.159
511.209,0,517.694
523.443,0,352.76
216
-1968,0,-359
539.814,0,247.459
543.624,0,280.038
526.825,0,285.889
521.994,0,261.199
518.183,0,228.62
566.274,0,290.988
578.995,0,316.697
583.825,0,341.387
521.457,0,389.478
474.869,0,439.608
542.068,0,416.207
560.155,0,338.327
495.479,0,466.337
520.92,0,517.756
518.666,0,349.008
217
-1982,0,-360.5
493.459,0,262.258
548.713,0,278.556
532.82,0,286.334
517.197,0,262.461
517.535,0,222.897
572.384,0,286.671
445.78,0,285.592
587.737,0,342.196
548.174,0,341.858
460.391,0,428.156
571.237,0,421.188
563.999,0,341.993
499.685,0,460.145
547.432,0,428.899
508.61,0,341.521
218
-1989.5,0,-360
559.129,0,248.627
563.119,0,281.944
547.125,0,289.492
544.897,0,317.921
542.669,0,346.351
580.442,0,285.502
600.426,0,311.272
423.199,0,242.374
558.662,0,338.803
563.982,0,383.226
585.296,0,420.101
580.874,0,336.143
575.088,0,381.896
563.084,0,422.761
567.108,0,315.261
219
-2003,0,-360.5
562.954,0,248.865
567.093,0,281.59
557.247,0,296.525
513.392,0,259.045
550.588,0,352.128
590.922,0,284.443
603.004,0,318.119
608.094,0,342.9
567.426,0,346.087
578.557,0,387.706
590.638,0,421.381
583.313,0,347.989
578.557,0,387.706
483.571,0,440.788
495.937,0,337.526
220
-2010,0,-360.5
471.029,0,249.347
578.091,0,278.711
560.545,0,292.317
502.181,0,253.286
553.651,0,346.833
600.47,0,289.454
605.303,0,313.803
617.925,0,339.136
570.212,0,341.015
580.864,0,381.925
592.5,0,415.046
593.576,0,343.97
580.864,0,381.925
471.741,0,431.425
580.955,0,318.636
221
-2022,0,-360.5
591.571,0,249.26
594.557,0,277.686
576.181,0,293.124
567.963,0,320.652
570.948,0,349.078
610.839,0,284.629
625.027,0,313.953
628.012,0,342.379
495.508,0,371.215
590.215,0,384.446
586.028,0,429.209
599.48,0,345.728
595.293,0,390.491
609.482,0,419.815
596.495,0,317.302
222
-2030,0,-360.5
589.588,0,254.163
591.076,0,279.073
579.297,0,292.331
573.419,0,320.215
567.542,0,348.098
611.71,0,287.753
623.516,0,317.003
635.321,0,346.254
585.225,0,349.465
599.981,0,386.028
614.738,0,422.591
607.321,0,340.547
418.742,0,382.642
592.641,0,431.509
598.467,0,318.609
223
-2036,0,-360.5
598.233,0,254.788
604.462,0,279.139
587.34,0,293.808
585.591,0,317.572
583.259,0,349.258
627.815,0,288.822
634.044,0,313.174
639.691,0,345.447
599.799,0,342.511
612.841,0,383.292
625.883,0,424.074
623.734,0,344.272
612.841,0,383.292
601.365,0,430.234
609.526,0,319.334
224
-2050,0,-360.5
609.298,0,248.582
612.351,0,281.174
594.257,0,294.473
590.66,0,318.018
585.865,0,349.412
635.896,0,284.771
646.798,0,318.562
651.05,0,343.306
610.609,0,345.16
620.312,0,386.799
631.213,0,420.59
627.505,0,339.709
620.312,0,386.799
605.271,0,432.691
615.404,0,313.767
225
-2056,0,-361.5
613.336,0,249.738
617.947,0,282.139
601.337,0,288.392
598.053,0,319.972
595.59,0,343.657
641.632,0,284.602
654.138,0,317.823
659.571,0,342.329
611.38,0,345.299
623.065,0,386.415
643.466,0,420.458
635.065,0,347.761
623.065,0,386.415
618.14,0,433.785
622.559,0,314.54
226
-2066.5,0,-361.5
622.033,0,251.139
627.424,0,275.249
610.292,0,289.205
607.117,0,320.293
604.735,0,343.61
649.946,0,285.402
654.543,0,317.284
659.933,0,341.394
620.279,0,345.197
631.854,0,385.645
644.223,0,418.321
644.389,0,339.807
631.854,0,385.645
627.885,0,424.506
631.227,0,314.903
227
-2071,0,-360
630.664,0,249.623
634.923,0,281.527
618.534,0,287.535
615.035,0,318.564
612.411,0,341.836
658.195,0,284.151
662.454,0,316.055
667.587,0,340.201
627.926,0,343.585
639.067,0,384.121
658.841,0,417.774
652.072,0,338.452
639.067,0,384.121
634.694,0,422.908
639.182,0,313.431
228
-2084.5,0,-360
642.143,0,252.316
639.745,0,275.794
622.494,0,289.847
619.297,0,321.151
616.899,0,344.629
662.423,0,286.018
674.878,0,318.92
680.306,0,343.198
640.377,0,347.027
645.005,0,379.13
664.486,0,420.658
656.828,0,340.8
652.831,0,379.929
640.209,0,426.086
643.574,0,315.723
229
-2090.5,0,-360
649.023,0,250.535
647.377,0,273.877
630.718,0,288.341
628.523,0,319.464
626.877,0,342.806
670.17,0,283.304
675.756,0,314.976
681.891,0,338.866
642.439,0,343.903
655.256,0,383.904
668.623,0,416.124
658.549,0,337.22
655.256,0,383.904
652.513,0,422.808
652.414,0,313.329
230
-2102.5,0,-361
653.486,0,247.541
660.972,0,279.116
644.845,0,286.716
636.333,0,318.029
635.948,0,341.612
676.841,0,287.238
692.325,0,318.944
691.94,0,342.527
651.945,0,341.874
667.301,0,381.44
682.785,0,413.145
675.942,0,342.266
659.302,0,381.309
658.532,0,428.475
660.33,0,318.421
231
-2108,0,-362
661.41,0,252.353
666.723,0,277.087
649.061,0,291.231
646.422,0,315.085
642.903,0,346.891
689.698,0,287.678
695.01,0,312.412
699.443,0,345.097
659.686,0,340.699
671.19,0,382.216
691.526,0,416.661
683.54,0,343.338
671.19,0,382.216
665.913,0,429.925
670.276,0,317.724
232
-2118,0,-362.5
670.472,0,251.369
675.708,0,276.12
658.001,0,290.209
655.288,0,314.055
651.67,0,345.849
698.649,0,286.782
702.98,0,319.481
708.216,0,344.232
667.568,0,347.658
679.847,0,381.262
699.171,0,423.719
684.37,0,341.519
679.847,0,381.262
674.421,0,428.954
679.134,0,316.768
233
-2126,0,-361
683.359,0,251.49
681.97,0,275.035
665.073,0,289.791
655.698,0,312.865
653.847,0,344.259
705.466,0,284.296
711.601,0,316.161
718.199,0,340.177
677.806,0,345.671
683.478,0,385.384
705.585,0,418.191
694.241,0,338.765
691.464,0,385.855
681.164,0,424.627
687.643,0,314.748
234
-2134.5,0,-361
688.858,0,251.278
688.165,0,274.854
671.986,0,290.11
663.435,0,313.455
662.512,0,344.89
711.28,0,291.264
718.446,0,315.071
717.754,0,338.647
678.23,0,345.352
692.793,0,385.107
707.587,0,417.003
702.036,0,338.185
692.793,0,385.107
691.639,0,424.4
687.011,0,314.148
235
-2141,0,-362
691.374,0,250.331
691.044,0,273.708
675.24,0,289.073
667.118,0,312.34
666.679,0,343.51
714.202,0,289.622
721.665,0,313.109
729.018,0,344.388
682.264,0,343.729
697.299,0,382.911
712.445,0,414.3
705.641,0,344.059
697.299,0,382.911
696.75,0,421.872
698.288,0,312.78
236
-2148.5,0,-362
702.592,0,244.717
701.734,0,275.877
685.939,0,283.238
677.29,0,314.184
676.646,0,337.554
724.89,0,284.311
731.821,0,315.687
731.177,0,339.057
692.012,0,345.774
698.728,0,384.939
721.455,0,408.954
715.597,0,338.628
706.518,0,385.154
705.445,0,424.105
700.66,0,314.828
237
-2159,0,-363.5
704.334,0,248.449
711.902,0,272.131
688.122,0,287.561
687.829,0,311.145
679.577,0,342.493
727.43,0,288.05
742.86,0,311.829
742.469,0,343.275
703.161,0,342.787
710.534,0,382.192
725.866,0,413.833
718.884,0,342.982
710.534,0,382.192
709.948,0,429.36
711.414,0,311.438
238
-2167.5,0,-363.5
718.988,0,243.727
716.766,0,275.097
699.695,0,289.652
690.048,0,312.614
688.382,0,336.141
740.15,0,284.635
745.908,0,316.57
752.222,0,340.663
712.322,0,337.837
716.969,0,385.456
739.242,0,410.679
728.282,0,338.967
725.504,0,378.179
722.171,0,425.234
721.968,0,314.875
239
-2175.5,0,-363.5
721.173,0,249.837
720.84,0,273.835
704.619,0,289.611
696.287,0,313.498
695.954,0,337.496
744.615,0,290.167
752.281,0,314.275
759.836,0,346.383
719.84,0,345.828
719.285,0,385.824
742.95,0,410.155
735.95,0,338.051
727.284,0,385.935
726.618,0,433.931
728.284,0,313.942
240
-2181.5,0,-364.5
731.604,0,242.246
729.333,0,273.363
712.639,0,287.786
703.156,0,310.556
700.885,0,341.674
752.103,0,282.846
757.611,0,314.531
755.908,0,337.869
724.79,0,335.598
729.163,0,382.841
750.798,0,407.883
740.349,0,336.733
737.51,0,375.63
734.103,0,422.306
734.273,0,312.828
241
-2189.5,0,-364.5
733.02,0,243.395
740.563,0,274.941
716.883,0,282.564
708.693,0,313.948
708.451,0,337.547
756.214,0,282.969
763.757,0,314.515
763.514,0,338.113
732.049,0,337.79
731.564,0,384.987
754.839,0,416.695
747.782,0,337.952
739.511,0,377.202
746.892,0,424.48
740.158,0,314.272
242
-2196.5,0,-364.5
743.073,0,242.022
740.802,0,273.139
724.107,0,287.562
714.625,0,310.332
712.921,0,333.67
763.572,0,282.622
769.08,0,314.307
775.156,0,338.213
736.259,0,335.374
740.632,0,382.617
761.699,0,415.438
751.818,0,336.509
748.411,0,383.185
753.351,0,422.649
745.742,0,312.603
243
-2203.5,0,-364.5
750.967,0,240.41
750.646,0,271.608
726.887,0,286.965
726.646,0,310.363
718.459,0,341.481
774.085,0,287.45
781.63,0,318.729
781.389,0,342.128
742.138,0,333.924
741.657,0,380.721
764.935,0,412.162
765.737,0,334.167
757.39,0,380.883
756.908,0,427.681
750.245,0,310.606
244
-2209.5,0,-364.5
758.764,0,245.259
757.766,0,276.71
741.525,0,284.065
732.78,0,307.4
723.786,0,338.597
781.504,0,285.334
788.503,0,317.038
787.754,0,340.626
747.774,0,339.358
754.523,0,378.925
769.268,0,418.746
771.762,0,340.119
770.515,0,379.432
769.018,0,426.609
756.768,0,308.161
245
-2215.5,0,-364.5
760.143,0,245.521
759.892,0,269.119
743.992,0,284.684
735.875,0,308.199
727.674,0,339.581
783.323,0,285.103
790.855,0,316.651
790.604,0,340.25
751.273,0,339.832
750.855,0,379.163
774.035,0,418.745
774.872,0,340.082
774.453,0,379.414
773.951,0,426.611
767.34,0,308.534
246
-2221.5,0,-364.5
767.961,0,242.041
766.969,0,274.025
750.995,0,281.534
742.14,0,313.274
741.396,0,337.263
790.31,0,282.753
797.18,0,314.982
796.188,0,346.966
757.122,0,337.751
755.633,0,385.727
778.23,0,418.444
780.71,0,338.482
779.222,0,386.459
777.982,0,426.44
773.592,0,314.25
247
-2227.5,0,-364.5
774.95,0,240.006
774.632,0,272.004
758.554,0,279.845
750.236,0,311.763
741.998,0,335.683
798.552,0,280.242
806.233,0,312.32
805.915,0,344.318
765.997,0,335.921
765.52,0,383.919
781.201,0,416.076
789.995,0,336.16
789.518,0,384.157
789.121,0,424.155
782.234,0,312.082
248
-2233.5,0,-365.5
782.012,0,239.394
781.015,0,270.845
764.524,0,286.063
755.78,0,309.398
747.036,0,332.733
804.753,0,279.469
811.752,0,311.173
810.754,0,342.624
771.024,0,333.493
769.528,0,380.67
784.522,0,412.628
795.012,0,334.254
793.516,0,381.43
792.269,0,420.744
787.764,0,310.412
249
-2240.5,0,-366.5
782.143,0,237.521
789.674,0,269.07
765.908,0,284.551
765.657,0,308.15
757.539,0,331.665
813.105,0,285.054
820.636,0,316.602
812.519,0,340.117
781.054,0,339.782
772.769,0,379.03
788.083,0,418.528
804.653,0,340.034
796.368,0,379.281
803.732,0,426.562
789.255,0,308.401
250
-2247,0,-366.5
786.879,0,242.673
792.206,0,266.777
775.053,0,280.681
764.853,0,303.161
761.604,0,334.217
813.874,0,284.742
826.965,0,309.659
823.717,0,340.715
784.896,0,336.654
780.835,0,375.474
792.302,0,415.919
808.188,0,339.091
804.127,0,377.911
807.018,0,425.308
795.909,0,306.41
251
-2252.5,0,-366.5
795.815,0,242.873
801.35,0,267.558
783.816,0,281.86
773.433,0,304.93
770.201,0,336.766
823.611,0,285.9
837.106,0,311.393
833.874,0,343.229
794.079,0,339.19
790.039,0,378.985
801.918,0,420.397
817.956,0,341.613
813.916,0,381.409
817.028,0,429.972
805.27,0,308.161
252
-2260,0,-366.5
804.744,0,240.888
809.259,0,272.756
785.155,0,278.084
781.906,0,309.14
771.705,0,331.62
831.739,0,282.957
836.255,0,314.826
833.818,0,338.118
794.997,0,334.057
790.124,0,380.641
801.591,0,421.086
818.29,0,336.493
821.993,0,376.126
817.119,0,422.711
806.01,0,303.813
253
-2265.5,0,-366.5
809.899,0,242.173
809.271,0,273.392
793.504,0,280.883
785.228,0,304.14
776.952,0,327.398
832.529,0,281.668
839.705,0,313.045
839.234,0,336.459
800.21,0,335.674
791.619,0,374.541
806.287,0,421.685
823.624,0,336.145
822.839,0,375.17
829.701,0,422.156
816.448,0,304.769
254
-2271.5,0,-367.5
818.055,0,240.013
817.367,0,272.006
801.465,0,279.665
792.911,0,311.489
784.53,0,335.314
840.789,0,280.512
847.965,0,312.674
847.449,0,336.668
808.124,0,335.822
799.227,0,383.641
806.231,0,423.801
831.719,0,336.33
830.686,0,384.319
837.69,0,424.479
816.506,0,311.997
255
-2277.5,0,-367.5
821.867,0,237.856
829.243,0,270.006
805.093,0,277.538
804.471,0,309.532
796.006,0,333.372
845.085,0,278.315
860.46,0,310.62
851.84,0,342.458
812.003,0,333.683
811.071,0,381.674
810.293,0,421.666
835.999,0,334.149
843.064,0,382.295
842.132,0,430.286
828.466,0,309.998
256
-2283,0,-367.5
824.101,0,242.15
831.385,0,265.737
807.625,0,280.826
807.105,0,304.24
798.78,0,327.48
854.452,0,281.866
861.563,0,313.258
853.239,0,336.498
814.216,0,335.631
813.349,0,374.654
812.309,0,421.481
837.629,0,336.151
844.567,0,375.347
851.331,0,422.348
830.518,0,304.76
257
-2289,0,-367.5
826.972,0,239.943
834.156,0,272.089
818.39,0,279.784
809.964,0,311.626
801.692,0,335.47
857.415,0,280.542
864.598,0,312.688
863.977,0,344.682
825.107,0,335.925
816.37,0,383.764
815.593,0,423.757
848.522,0,336.38
847.59,0,384.371
854.617,0,424.515
833.378,0,312.081
258
-2294,0,-367.5
833.407,0,236.499
837.916,0,269.128
820.756,0,283.456
818.313,0,307.331
807.291,0,338.371
860.4,0,279.47
872.675,0,312.892
870.232,0,336.768
830.589,0,340.754
818.752,0,379.752
813.867,0,427.503
854.701,0,335.179
857.581,0,383.724
861.277,0,424.311
841.611,0,309.715
259
-2301,0,-367.5
838.367,0,237.223
843.351,0,269.291
826.96,0,275.702
824.106,0,307.056
814.126,0,329.858
866.153,0,279.27
878.976,0,312.052
876.835,0,335.567
837.642,0,331.999
825.522,0,378.317
821.24,0,425.348
861.158,0,334.14
864.714,0,381.885
868.985,0,421.791
847.621,0,309.197
260
-2307,0,-367.5
846.543,0,237.863
850.89,0,270.055
834.095,0,276.045
830.495,0,307.322
819.847,0,329.865
873.833,0,280.619
886.128,0,313.726
883.427,0,337.184
843.69,0,332.61
838.289,0,379.526
824.942,0,425.527
867.532,0,335.354
870.08,0,383.185
873.527,0,423.197
854.338,0,310.067
261
-2313,0,-367.5
851.957,0,242.028
857.575,0,266.275
840.424,0,280.469
830.37,0,303.238
827.413,0,334.583
879.605,0,284.165
885.224,0,308.413
882.267,0,339.758
843.086,0,336.062
838.65,0,383.079
827.118,0,421.52
874.43,0,339.019
878.57,0,378.939
881.971,0,426.695
861.715,0,306.195
262
-2320,0,-368.5
857.212,0,240.012
862.827,0,271.976
846.565,0,278.709
836.478,0,309.554
826.95,0,332.548
885.821,0,281.504
891.436,0,313.467
889.759,0,337.021
850.503,0,334.225
839.298,0,380.773
828.093,0,427.32
874.057,0,335.902
878.553,0,383.568
883.609,0,423.383
860.031,0,311.231
263
-2326,0,-368.5
859.06,0,240.97
865.244,0,272.828
849.105,0,279.849
839.569,0,310.87
838.312,0,334.449
888.404,0,281.945
894.587,0,313.803
893.33,0,337.383
854.031,0,335.287
851.517,0,382.446
833.283,0,428.767
877.611,0,336.544
883.375,0,376.263
888.72,0,423.84
871.008,0,312.546
264
-2332,0,-368.5
873.033,0,237.594
870.797,0,268.998
853.719,0,283.564
852.042,0,307.117
841.826,0,337.953
894.177,0,278.554
907.901,0,311.095
905.665,0,342.499
865.766,0,339.658
854.991,0,378.345
835.677,0,424.315
890.264,0,333.511
894.89,0,381.186
900.074,0,421.01
875.982,0,308.822
265
-2337.5,0,-369.5
874.624,0,241.126
881.005,0,273.488
856.634,0,280.271
855.025,0,312.231
845.829,0,335.799
896.583,0,282.282
910.954,0,315.046
909.748,0,339.015
869.799,0,337.005
859.396,0,384.542
841.004,0,431.677
885.778,0,337.809
899.346,0,386.552
905.325,0,426.904
878.995,0,313.437
266
-2343.5,0,-369.5
877.288,0,238.913
884.232,0,271.158
859.982,0,278.365
858.931,0,310.348
850.147,0,334.072
907.956,0,279.942
914.901,0,312.188
913.849,0,344.171
873.871,0,342.856
864.561,0,382.572
846.993,0,430.02
897.858,0,343.645
904.539,0,383.886
911.221,0,424.127
882.918,0,311.136
267
-2349.5,0,-369.5
882.66,0,237.078
887.825,0,269.611
863.155,0,283.637
861.189,0,307.556
850.781,0,338.808
902.742,0,278.864
915.693,0,312.036
913.071,0,343.929
874.14,0,340.728
863.077,0,379.954
851.358,0,427.153
897.499,0,342.649
902.008,0,383.154
914.303,0,424.3
884.548,0,309.476
268
-2355.5,0,-369.5
884.247,0,239.238
891.113,0,270.71
867.451,0,277.811
866.507,0,309.047
857.991,0,332.238
906.495,0,278.99
921.17,0,310.698
920.227,0,341.934
873.609,0,332.71
872.194,0,379.563
855.161,0,425.945
897.036,0,333.417
903.43,0,380.507
917.868,0,420.023
889.934,0,309.754
269
-2361.5,0,-369.5
887.063,0,236.264
894.517,0,267.601
870.902,0,282.957
870.634,0,306.393
862.464,0,337.551
917.774,0,283.494
925.228,0,314.831
924.96,0,338.267
878.088,0,337.73
869.739,0,384.513
861.48,0,423.483
901.524,0,337.999
908.888,0,377.148
924.065,0,416.387
894.07,0,306.661
270
-2367.5,0,-369.5
891.484,0,238.923
898.618,0,271.127
882.408,0,278.692
873.547,0,310.465
872.683,0,342.453
922.393,0,279.772
929.527,0,311.976
928.663,0,343.964
888.678,0,342.885
879.601,0,382.654
870.309,0,430.421
912.669,0,343.532
919.587,0,383.734
934.501,0,424.151
897.538,0,311.112
271
-2373.5,0,-369.5
893.566,0,236.809
898.605,0,268.624
881.669,0,282.817
879.612,0,306.165
869.087,0,336.608
921.267,0,278.464
934.088,0,310.965
931.345,0,342.094
892.434,0,338.665
880.537,0,384.674
869.326,0,422.9
907.998,0,340.037
920.134,0,380.32
940.053,0,421.289
902.959,0,308.222
272
-2380.5,0,-369.5
898.73,0,235.724
904.455,0,268.163
887.828,0,283.118
877.96,0,314.545
876.407,0,338.495
926.808,0,285.646
932.533,0,318.085
938.776,0,342.54
891.999,0,339.506
881.097,0,386.9
877.991,0,434.799
915.388,0,341.023
920.595,0,381.445
941.395,0,422.878
901.867,0,308.079
273
-2386.5,0,-369.5
905.989,0,237.359
912.362,0,269.197
888.016,0,283.808
886.896,0,307.407
877.536,0,338.498
935.586,0,278.183
941.585,0,317.887
940.465,0,341.486
893.268,0,339.245
891.4,0,378.576
881.293,0,425.399
916.866,0,340.365
930.731,0,380.443
944.596,0,420.521
910.494,0,308.527
274
-2391.5,0,-369.5
909.085,0,237.625
909.368,0,269.124
893.69,0,277.14
886.099,0,308.71
886.382,0,340.209
933.063,0,276.786
941.292,0,316.088
949.38,0,339.642
902.132,0,340.067
894.611,0,379.511
887.162,0,426.83
925.756,0,339.854
933.985,0,379.157
950.089,0,418.388
909.723,0,308.497
275
-2396.5,0,-369.5
908.209,0,235.825
914.531,0,267.411
898.182,0,282.277
889.267,0,305.318
887.785,0,336.532
937.571,0,276.326
943.522,0,315.715
950.214,0,339.497
903.392,0,337.273
893.365,0,383.725
891.513,0,422.744
926.803,0,338.385
932.754,0,377.774
954.313,0,417.904
912.678,0,306.429
276
-2401.5,0,-370.5
915.003,0,234.167
920.692,0,265.873
896.255,0,279.883
894.149,0,311.062
892.57,0,334.446
943.549,0,275.247
948.712,0,314.747
954.928,0,338.658
908.159,0,335.499
897.206,0,381.741
894.047,0,428.51
931.543,0,337.078
936.706,0,376.579
957.458,0,417.132
918.06,0,304.847
277
-2407.5,0,-370.5
922.003,0,233.164
920.521,0,264.379
904.173,0,279.246
902.691,0,310.46
893.776,0,333.501
943.191,0,281.098
957.317,0,313.054
956.205,0,336.465
909.383,0,334.242
907.16,0,381.064
897.133,0,427.516
932.794,0,335.354
938.745,0,374.743
960.304,0,414.873
926.472,0,303.768
278
-2412.5,0,-370.5
923.151,0,238.509
923.364,0,262.133
907.881,0,278.023
900.353,0,309.592
892.824,0,341.161
946.942,0,277.672
955.038,0,309.1
963.063,0,332.654
916.19,0,333.076
908.803,0,380.394
909.228,0,427.642
939.626,0,332.865
940.052,0,380.113
963.772,0,411.4
923.789,0,309.381
279
-2417.5,0,-370.5
921.502,0,232.789
927.733,0,264.392
911.342,0,279.211
901.968,0,310.029
900.789,0,333.437
950.748,0,273.373
956.979,0,304.977
963.21,0,336.58
916.395,0,334.223
914.037,0,381.038
911.68,0,427.854
939.802,0,335.401
945.64,0,374.807
967.084,0,414.999
933.571,0,303.798
280
-2422.5,0,-370.5
925.206,0,235.182
931.033,0,267.124
914.807,0,273.967
912.775,0,305.401
902.884,0,336.327
954.1,0,276.507
967.785,0,308.958
966.261,0,332.533
918.601,0,337.343
916.061,0,376.636
920.871,0,424.296
950.544,0,331.517
947.495,0,378.669
969.039,0,411.627
936.351,0,306.925
281
-2427.5,0,-370.5
934.986,0,231.418
939.828,0,263.264
915.026,0,276.617
912.09,0,307.729
902.11,0,330.329
962.428,0,273.244
967.27,0,305.089
972.112,0,336.935
925.444,0,332.531
921.04,0,379.199
924.414,0,426.6
948.778,0,334.733
952.886,0,374.357
973.284,0,407.671
936.158,0,302.153
282
-2432.5,0,-370.5
936.254,0,229.492
943.473,0,261.149
919.526,0,276.405
918.871,0,307.898
910.507,0,331.354
966.765,0,277.387
973.984,0,309.044
973.493,0,332.664
926.253,0,331.682
925.271,0,378.921
924.289,0,426.161
949.873,0,332.173
956.928,0,371.703
971.857,0,411.397
942.655,0,300.516
283
-2437.5,0,-370.5
942.667,0,235.514
942.25,0,259.135
926.225,0,274.604
917.795,0,305.96
909.365,0,337.316
965.593,0,275.3
972.911,0,306.934
980.368,0,330.694
933.125,0,329.86
932.291,0,377.102
931.456,0,424.345
956.746,0,330.277
963.786,0,377.659
978.977,0,409.432
949.29,0,306.517
284
-2442.5,0,-370.5
945.625,0,229.281
944.876,0,260.522
928.881,0,275.768
920.321,0,306.821
911.949,0,330.065
968.119,0,268.894
975.18,0,300.323
982.241,0,331.751
935.379,0,330.627
934.255,0,377.488
933.131,0,424.35
958.81,0,331.189
965.684,0,370.428
980.367,0,409.854
943.939,0,299.573
285
-2447.5,0,-370.5
943.488,0,230.152
950.911,0,261.513
927.062,0,276.794
926.724,0,300.229
918.398,0,331.362
974.42,0,269.666
981.843,0,301.026
989.265,0,332.387
942.02,0,331.704
941.342,0,378.574
940.665,0,425.444
965.643,0,332.045
965.078,0,371.104
980.261,0,410.39
950.346,0,300.571
286
-2449.5,0,-370.5
950.687,0,226.555
955.335,0,258.69
930.238,0,271.969
927.051,0,303.308
916.03,0,333.85
978.042,0,268.914
990.525,0,301.846
987.339,0,333.184
948.165,0,329.201
943.386,0,376.209
946.441,0,424.013
971.669,0,331.591
967.686,0,370.764
979.373,0,411.53
958.39,0,306.494
287
-2454,0,-369.5
950.683,0,231.772
955.8,0,263.851
939.29,0,270.289
928.595,0,300.963
917.9,0,331.636
986.728,0,274.506
991.846,0,306.585
997.66,0,330.82
949.525,0,334.447
953.945,0,374.37
949.761,0,421.435
973.941,0,328.712
977.664,0,376.479
982.084,0,416.402
960.22,0,303.774
288
-2459,0,-369.5
957.575,0,231.358
961.963,0,263.285
936.762,0,276.215
934.183,0,299.51
922.917,0,329.704
984.585,0,273.65
997.66,0,298.678
994.222,0,329.738
954.226,0,333.17
949.928,0,371.996
952.597,0,419.452
978.567,0,328.005
973.409,0,374.595
984.765,0,415.154
965.492,0,302.977
289
-2463,0,-371.5
959.562,0,226.329
964.51,0,258.895
939.748,0,272.757
936.914,0,304.631
926.298,0,335.813
987.147,0,268.939
999.877,0,302.197
997.043,0,334.071
950.352,0,329.92
953.883,0,378.423
957.414,0,426.927
981.479,0,332.688
977.229,0,380.499
989.25,0,421.726
968.041,0,307.398
290
-2467.5,0,-370
964.291,0,225.369
970.311,0,257.291
945.591,0,271.574
935.764,0,302.537
925.938,0,333.5
993.129,0,274.451
999.148,0,306.373
1005.64,0,330.435
957.63,0,335.418
962.699,0,383.061
960.32,0,422.364
981.875,0,328.996
979.02,0,376.16
992.488,0,416.422
967.456,0,304.455
291
-2487,0,-376.5
969.388,0,229.32
967.78,0,260.779
951.247,0,275.704
942.176,0,298.896
932.703,0,329.953
990.972,0,269.849
1005.09,0,302.112
1003.49,0,333.571
956.297,0,331.159
961.75,0,378.749
959.337,0,425.938
987.756,0,332.767
985.746,0,372.091
991.198,0,419.681
973.635,0,300.504
292
-2490.5,0,-375
970.778,0,229.631
969.962,0,261.37
953.81,0,276.835
945.325,0,300.438
928.765,0,331.772
993.376,0,269.912
1008.3,0,302.056
1007.49,0,333.796
960.254,0,332.582
966.903,0,380.393
965.679,0,428.003
991.744,0,333.391
982.648,0,380.798
989.501,0,420.675
976.815,0,301.247
293
-2496,0,-375.5
971.493,0,228.359
977.7,0,260.463
953.474,0,275.134
944.064,0,306.449
935.055,0,329.837
1000.72,0,269.574
1006.93,0,301.678
1013.14,0,333.782
965.887,0,339.342
971.693,0,379.374
969.29,0,426.938
989.712,0,332.598
987.309,0,380.163
992.715,0,428.121
975.297,0,308.027
294
-2496.5,0,-374.5
974.496,0,227.969
980.471,0,259.645
956.142,0,273.883
946.508,0,304.645
937.331,0,327.602
1003.43,0,268.822
1009.4,0,300.499
1015.38,0,332.175
968.55,0,329.431
973.611,0,376.717
970.867,0,423.546
991.965,0,330.803
989.22,0,377.632
994.281,0,424.918
978.184,0,298.669
295
-2501,0,-375
975.773,0,229.78
981.817,0,261.444
957.52,0,275.735
948.393,0,298.712
938.826,0,329.494
1004.79,0,270.57
1010.84,0,302.234
1017.32,0,326.091
970.049,0,331.256
975.213,0,378.53
973.012,0,417.559
993.907,0,324.771
991.265,0,371.605
988.183,0,426.246
979.616,0,300.473
296
-2505.5,0,-375
982.241,0,229.937
988.191,0,261.648
963.933,0,267.949
954.04,0,298.659
944.147,0,329.369
1011.46,0,270.951
1017.41,0,302.662
1015.94,0,326.07
975.834,0,331.371
980.798,0,378.687
978.334,0,417.7
1000.09,0,325.069
997.134,0,371.885
993.684,0,426.504
985.727,0,300.661
297
-2508.5,0,-373.5
981.122,0,229.303
987.109,0,260.977
962.786,0,275.224
953.618,0,298.185
943.995,0,328.95
1010.07,0,270.145
1016.06,0,301.819
1022.5,0,325.689
975.215,0,330.767
980.294,0,378.052
977.568,0,424.881
999.084,0,324.326
996.358,0,371.155
993.178,0,425.79
984.837,0,300.002
298
-2511.5,0,-374.5
980.278,0,228.79
986.167,0,260.483
969.602,0,275.132
960.362,0,298.064
942.84,0,328.32
1009.1,0,269.723
1022.79,0,301.894
1021.35,0,325.305
981.857,0,330.714
978.984,0,377.535
983.915,0,424.835
1005.75,0,324.347
1002.39,0,378.972
999.522,0,425.793
991.576,0,299.979
299
-2515.5,0,-375
985.608,0,227.9
997.093,0,261.038
971.379,0,273.298
960.332,0,295.459
948.224,0,325.365
1020.68,0,264.269
1032.17,0,297.407
1027.93,0,328.39
987.545,0,330.751
989.043,0,378.303
991.603,0,418.109
1012.2,0,326.236
1005.83,0,372.711
998.406,0,426.932
999.652,0,300.844
300
-2520,0,-374.5
992.695,0,227.422
996.045,0,259.483
970.628,0,271.671
966.238,0,302.634
947.464,0,323.662
1018.17,0,270.516
1029.26,0,303.674
1033.71,0,327.994
986.167,0,329.149
987.323,0,376.692
989.575,0,416.493
1010.49,0,324.701
1002.8,0,378.887
1003.96,0,426.429
998.298,0,299.284
301
-2520,0,-374
995.838,0,227.777
994.071,0,258.999
977.576,0,273.727
968.445,0,296.702
951.066,0,327.041
1017.05,0,268.131
1030.89,0,300.237
1029.12,0,331.46
982.289,0,328.809
987.443,0,376.085
992.598,0,423.361
1013.51,0,330.576
1003.05,0,376.968
1000.4,0,423.802
999.667,0,298.47
302
-2522.5,0,-373.5
998.227,0,223.399
997.594,0,254.666
973.828,0,269.824
965.379,0,300.933
957.088,0,324.224
1020.73,0,270.773
1035.73,0,302.356
1035.1,0,333.622
988.354,0,324.857
995.064,0,379.731
994.273,0,418.814
1011.8,0,325.331
1002.88,0,379.889
1001.93,0,426.789
996.645,0,301.565
303
-2524,0,-373.5
999.713,0,229.345
999.139,0,260.855
983.241,0,268.445
966.912,0,299.668
958.46,0,331.035
1030.51,0,269.306
1037.81,0,300.96
1037.24,0,332.47
989.97,0,331.609
996.987,0,379.017
996.126,0,426.282
1013.6,0,332.039
1012.74,0,379.304
1004,0,426.425
1006.3,0,300.386
304
-2526.5,0,-372.5
1002.23,0,225.575
1001.6,0,257.084
985.644,0,272.522
969.373,0,303.714
961.078,0,327.188
1032.54,0,273.471
1039.72,0,305.138
1039.24,0,328.769
992.345,0,327.82
999.046,0,383.119
998.249,0,422.505
1015.79,0,328.295
1006.86,0,383.277
1005.91,0,430.54
1008.46,0,304.505
305
-2531.5,0,-373.5
1003.8,0,226.468
1011.17,0,258.12
987.073,0,273.448
978.712,0,296.939
962.271,0,328.164
1034.84,0,266.424
1042.08,0,305.954
1041.65,0,329.587
994.023,0,328.733
1001.11,0,376.14
1008.21,0,423.548
1025.78,0,329.302
1016.99,0,376.425
1008.06,0,431.425
1010.32,0,305.385
306
-2532.5,0,-373.5
1004.28,0,228.039
1010.2,0,260.205
985.827,0,274.662
976.602,0,297.973
966.906,0,329.21
1033.16,0,269.525
1046.89,0,302.156
1045,0,333.857
998.145,0,331.069
1003.12,0,379.086
1008.1,0,427.103
1021.57,0,332.463
1018.74,0,380.015
1015.91,0,427.568
1007.84,0,299.832
307
-2534.5,0,-374
1012.77,0,224.77
1018.99,0,256.909
994.353,0,271.484
984.719,0,302.769
967.583,0,325.7
1041.92,0,274.045
1048.14,0,306.183
1054.36,0,338.321
998.868,0,335.334
1004.24,0,383.329
1010.03,0,423.395
1030.58,0,337.041
1020.09,0,384.182
1017.53,0,431.75
1016.43,0,304.476
308
-2540,0,-373
1017.95,0,223.412
1017.4,0,254.701
993.314,0,269.928
984.827,0,301.078
976.477,0,324.406
1040.94,0,270.763
1048.33,0,302.192
1055.72,0,333.62
1000.15,0,332.646
1007.27,0,379.719
1014.52,0,418.97
1031.91,0,333.203
1023.15,0,379.998
1014.38,0,426.792
1016.58,0,301.635
309
-2542,0,-373
1020.19,0,228.249
1020.74,0,259.539
997.059,0,267.779
989.669,0,299.207
974.341,0,330.775
1044.69,0,266.943
1053.17,0,298.094
1053.86,0,337.205
1006.09,0,330.218
1006.92,0,377.152
1015.54,0,416.124
1029.91,0,329.8
1022.79,0,376.874
1023.75,0,431.63
1021.42,0,298.65
310
-2543,0,-373
1021.78,0,229.243
1022.46,0,260.53
998.812,0,268.863
991.546,0,300.321
976.175,0,324.127
1046.44,0,267.84
1055.21,0,306.778
1055.72,0,330.244
1008.09,0,331.267
1009.1,0,378.197
1017.88,0,417.135
1031.91,0,330.755
1025.14,0,385.678
1026.15,0,432.608
1023.3,0,299.639
311
-2547,0,-373
1019.22,0,228.31
1027.59,0,259.462
1004.26,0,267.696
989.162,0,299.26
981.888,0,330.686
1051.19,0,266.873
1051.88,0,305.985
1060.25,0,337.137
1005.36,0,330.275
1014,0,377.071
1014.69,0,416.183
1036.64,0,329.726
1029.65,0,376.797
1022.78,0,431.691
1020.45,0,298.711
312
-2548,0,-373
1025.89,0,219.548
1025.2,0,258.66
1009.19,0,266.204
992.765,0,297.215
984.278,0,328.365
1056.82,0,267.039
1064.07,0,306.29
1063.52,0,337.579
1016.03,0,328.922
1015.21,0,375.856
1022.46,0,415.106
1039.85,0,329.339
1031.08,0,376.134
1030.12,0,430.89
1024.52,0,297.772
313
-2551.5,0,-373
1029.03,0,222.392
1028.45,0,253.916
1004.51,0,269.236
996.037,0,300.613
987.714,0,324.108
1051.79,0,270.12
1059.08,0,301.791
1066.38,0,333.462
1011.21,0,332.431
1018.35,0,371.983
1017.47,0,419.269
1042.73,0,333.02
1033.97,0,380.159
1032.94,0,435.326
1027.56,0,301.202
314
-2554,0,-372.5
1033.85,0,220.695
1034.59,0,260.394
1010.92,0,268.779
1003.58,0,300.687
996.083,0,324.655
1058.56,0,267.889
1067.1,0,299.5
1067.84,0,339.199
1020.05,0,332.149
1020.94,0,379.788
1021.68,0,419.487
1043.87,0,331.704
1036.82,0,379.491
1029.92,0,435.218
1035.34,0,300.093
315
-2555.5,0,-371.5
1035.2,0,225.557
1035.74,0,257.096
1011.87,0,265.389
1004.41,0,297.063
996.948,0,328.737
1060,0,272.457
1068.54,0,303.859
1077.07,0,335.261
1020.95,0,328.329
1021.75,0,375.636
1030.42,0,414.923
1044.94,0,327.921
1037.88,0,383.249
1038.69,0,430.556
1036.41,0,296.519
316
-2558.5,0,-372.5
1039.66,0,223.849
1040.36,0,255.841
1016.72,0,264.363
1009.49,0,296.53
994.312,0,328.872
1064.53,0,271.314
1073.18,0,303.131
1073.88,0,335.124
1018.13,0,328.348
1019.19,0,376.336
1028,0,416.152
1050.06,0,335.647
1043.18,0,383.81
1036.3,0,431.974
1041.42,0,303.83
317
-2559.5,0,-372.5
1038.19,0,218.597
1040.23,0,258.251
1016.85,0,267.406
1010.55,0,299.536
1003.84,0,323.737
1064.43,0,264.957
1074.4,0,304.203
1076.04,0,335.926
1028.04,0,330.443
1022.56,0,378.435
1024.6,0,418.089
1051.84,0,329.219
1046.35,0,377.211
1041.28,0,433.134
1042.27,0,297.904
