data/kolin2.MOV
0
,,
,,
,,
,,
,,
,,
,,
,,
,,
,,
,,
,,
,,
,,
,,
,,
1
,,
,,
,,
,,
,,
,,
,,
,,
,,
,,
,,
,,
,,
,,
,,
,,
2
,,
,,
,,
,,
,,
,,
,,
,,
,,
,,
,,
,,
,,
,,
,,
,,
3
,,
,,
,,
,,
,,
,,
,,
,,
,,
,,
,,
,,
,,
,,
,,
,,
4
,,
,,
,,
,,
,,
,,
,,
,,
,,
,,
,,
,,
,,
,,
,,
,,
5
,,
,,
,,
,,
,,
,,
,,
,,
,,
,,
,,
,,
,,
,,
,,
,,
6
,,
,,
,,
,,
,,
,,
,,
,,
,,
,,
,,
,,
,,
,,
,,
,,
7
,,
,,
,,
,,
,,
,,
,,
,,
,,
,,
,,
,,
,,
,,
,,
,,
8
,,
,,
,,
,,
,,
,,
,,
,,
,,
,,
,,
,,
,,
,,
,,
,,
9
,,
,,
,,
,,
,,
,,
,,
,,
,,
,,
,,
,,
,,
,,
,,
,,
10
,,
,,
,,
,,
,,
,,
,,
,,
,,
,,
,,
,,
,,
,,
,,
,,
11
,,
,,
,,
,,
,,
,,
,,
,,
,,
,,
,,
,,
,,
,,
,,
,,
12
,,
,,
,,
,,
,,
,,
,,
,,
,,
,,
,,
,,
,,
,,
,,
,,
13
,,
,,
,,
,,
,,
,,
,,
,,
,,
,,
,,
,,
,,
,,
,,
,,
14
,,
,,
,,
,,
,,
,,
,,
,,
,,
,,
,,
,,
,,
,,
,,
,,
15
,,
,,
,,
,,
,,
,,
,,
,,
,,
,,
,,
,,
,,
,,
,,
,,
16
,,
,,
,,
,,
,,
,,
,,
,,
,,
,,
,,
,,
,,
,,
,,
,,
17
,,
,,
,,
,,
,,
,,
,,
,,
,,
,,
,,
,,
,,
,,
,,
,,
18
,,
,,
,,
,,
,,
,,
,,
,,
,,
,,
,,
,,
,,
,,
,,
,,
19
,,
,,
,,
,,
,,
,,
,,
,,
,,
,,
,,
,,
,,
,,
,,
,,
20
,,
,,
,,
,,
,,
,,
,,
,,
,,
,,
,,
,,
,,
,,
,,
,,
21
,,
,,
,,
,,
,,
,,
,,
,,
,,
,,
,,
,,
,,
,,
,,
,,
22
,,
,,
,,
,,
,,
,,
,,
,,
,,
,,
,,
,,
,,
,,
,,
,,
23
,,
,,
,,
,,
,,
,,
,,
,,
,,
,,
,,
,,
,,
,,
,,
,,
24
,,
,,
,,
,,
,,
,,
,,
,,
,,
,,
,,
,,
,,
,,
,,
,,
25
,,
,,
,,
,,
,,
,,
,,
,,
,,
,,
,,
,,
,,
,,
,,
,,
26
,,
,,
,,
,,
,,
,,
,,
,,
,,
,,
,,
,,
,,
,,
,,
,,
27
,,
,,
,,
,,
,,
,,
,,
,,
,,
,,
,,
,,
,,
,,
,,
,,
28
,,
,,
,,
,,
,,
,,
,,
,,
,,
,,
,,
,,
,,
,,
,,
,,
29
,,
,,
,,
,,
,,
,,
,,
,,
,,
,,
,,
,,
,,
,,
,,
,,
30
,,
,,
,,
,,
,,
,,
,,
,,
,,
,,
,,
,,
,,
,,
,,
,,
31
,,
,,
,,
,,
,,
,,
,,
,,
,,
,,
,,
,,
,,
,,
,,
,,
32
,,
,,
,,
,,
,,
,,
,,
,,
,,
,,
,,
,,
,,
,,
,,
,,
33
,,
,,
,,
,,
,,
,,
,,
,,
,,
,,
,,
,,
,,
,,
,,
,,
34
,,
,,
,,
,,
,,
,,
,,
,,
,,
,,
,,
,,
,,
,,
,,
,,
35
,,
,,
,,
,,
,,
,,
,,
,,
,,
,,
,,
,,
,,
,,
,,
,,
36
-845.5,0,-375.5
844.529,0,344.455
844.529,0,368.273
836.882,0,368.273
844.529,0,384.152
829.235,0,392.091
859.824,0,368.273
844.529,0,392.091
829.235,0,392.091
844.529,0,407.97
852.176,0,439.727
875.118,0,431.788
852.176,0,407.97
836.882,0,439.727
829.235,0,471.485
852.176,0,384.152
37
-841.5,0,-374.5
840.586,0,333.85
847.051,0,357.996
838.686,0,365.411
837.736,0,381.192
821.48,0,388.133
854.467,0,366.361
845.151,0,389.558
829.37,0,388.608
844.201,0,405.339
842.776,0,429.01
841.826,0,444.791
852.092,0,405.814
850.667,0,429.485
841.351,0,452.682
845.626,0,381.667
38
-837,0,-372
833.706,0,330.701
838.143,0,362.197
838.143,0,362.197
835.717,0,385.212
820.373,0,383.595
845.815,0,363.005
843.389,0,386.021
819.565,0,391.266
841.771,0,401.364
830.865,0,431.243
842.974,0,463.547
849.443,0,402.173
838.537,0,432.051
842.974,0,463.547
843.389,0,386.021
39
-833,0,-370
831.563,0,329.53
835.443,0,354.224
834.137,0,362.02
839.322,0,378.918
830.22,0,385.409
841.933,0,363.326
839.322,0,378.918
822.424,0,384.103
835.405,0,402.307
814.591,0,430.881
837.979,0,434.797
843.202,0,403.613
845.776,0,436.103
856.146,0,469.899
839.322,0,378.918
40
-828,0,-368
834.655,0,329.188
839.971,0,353.333
839.151,0,361.108
837.512,0,376.658
828.917,0,383.613
831.376,0,360.288
829.737,0,375.838
828.917,0,383.613
827.278,0,399.164
809.269,0,420.85
824,0,430.264
842.829,0,400.803
847.325,0,432.723
860.417,0,457.687
837.512,0,376.658
41
-824,0,-364
827.449,0,351.05
835.223,0,358.912
835.179,0,366.73
835.135,0,374.548
827.581,0,327.596
842.997,0,366.774
827.493,0,343.232
827.493,0,343.232
827.185,0,397.958
803.642,0,413.462
811.284,0,444.779
835.003,0,398.003
842.645,0,429.319
865.967,0,452.905
835.091,0,382.366
42
-820,0,-363
823.129,0,331.622
829.065,0,356.155
844.035,0,365.342
835.621,0,372.712
835.002,0,380.688
821.27,0,355.549
820.032,0,371.501
811.617,0,378.872
833.763,0,396.64
839.08,0,429.149
869.639,0,439.547
825.968,0,396.035
800.726,0,418.147
797.628,0,458.027
827.207,0,380.083
43
-815,0,-364
820.058,0,332.02
826.216,0,348.382
833.182,0,356.967
839.339,0,373.329
830.754,0,380.296
817.63,0,355.348
823.787,0,371.71
799.649,0,377.058
829.135,0,395.848
832.864,0,435.538
865.587,0,423.224
821.359,0,395.039
802.569,0,424.524
790.745,0,462.596
822.978,0,379.486
44
-817,0,-362
812.471,0,332.366
818.988,0,348.588
826.143,0,357.017
832.022,0,381.031
808.646,0,379.119
818.351,0,356.38
816.438,0,379.756
800.216,0,386.273
830.748,0,396.615
827.56,0,435.576
852.212,0,421.904
822.955,0,395.978
804.184,0,433.664
801.634,0,464.832
824.23,0,380.394
45
-813,0,-363
806.211,0,330.16
816.319,0,356.474
816.319,0,356.474
803.544,0,377.641
801.828,0,385.269
823.946,0,358.19
818.799,0,381.073
800.112,0,392.896
822.995,0,398.044
806.789,0,434.466
815.181,0,468.408
822.995,0,398.044
814.416,0,436.181
815.181,0,468.408
818.799,0,381.073
46
-811.5,0,-368.5
810.298,0,328.779
819.959,0,355.609
810.383,0,361.389
812.365,0,386.321
795.111,0,390.202
825.738,0,365.185
812.365,0,386.321
795.111,0,390.202
816.247,0,403.575
808.653,0,434.286
831.771,0,472.591
823.924,0,405.473
799.077,0,440.066
833.585,0,432.304
821.942,0,380.541
47
-811.5,0,-368.5
810.187,0,333.484
814.94,0,357.771
806.176,0,364.53
804.17,0,380.053
809.926,0,396.579
822.702,0,358.774
810.929,0,388.817
795.406,0,386.812
824.446,0,406.346
820.434,0,437.393
848.472,0,464.689
816.684,0,405.343
790.391,0,425.619
819.431,0,445.154
819.693,0,382.059
48
-808,0,-365
811.189,0,328.607
815.603,0,352.958
806.745,0,359.594
803.412,0,382.834
786.807,0,388.359
822.239,0,361.816
812.27,0,376.199
786.807,0,388.359
816.684,0,400.55
826.622,0,441.506
855.387,0,461.444
816.684,0,400.55
790.11,0,420.458
801.16,0,453.667
820.017,0,377.31
49
-809,0,-364
809.366,0,329.726
815.382,0,353.732
806.983,0,360.939
805.791,0,376.546
790.184,0,375.354
822.589,0,362.131
805.791,0,376.546
789.588,0,383.157
819.609,0,401.148
832.236,0,441.356
855.647,0,443.144
819.609,0,401.148
794.412,0,422.77
783.628,0,461.191
813.594,0,377.142
50
-809,0,-363.5
808.922,0,326.001
812.126,0,358.788
804.379,0,357.677
794.361,0,372.404
785.479,0,379.212
819.873,0,359.899
808.719,0,382.545
784.343,0,387.131
813.059,0,407.413
793.022,0,436.867
779.597,0,475.351
820.806,0,408.524
824.01,0,441.311
848.386,0,436.725
816.466,0,383.656
51
-808,0,-361.5
807.705,0,330.468
813.682,0,353.712
807.926,0,363.452
806.154,0,388.688
790.658,0,392.672
815.674,0,361.46
806.154,0,388.688
782.91,0,394.664
810.138,0,404.184
806.374,0,421.672
816.334,0,460.412
817.886,0,402.192
816.114,0,427.428
814.342,0,452.664
813.902,0,386.696
52
-805,0,-361
808.377,0,320.117
813.47,0,351.98
,,
,,
,,
820.59,0,360.453
,,
,,
,,
806.032,0,437.745
,,
,,
806.032,0,437.745
,,
,,
53
-805,0,-368.5
806.701,0,328.914
812.47,0,352.98
811.794,0,360.777
825.359,0,385.52
816.886,0,392.641
803.997,0,360.101
809.765,0,384.168
793.495,0,390.612
815.533,0,408.234
789.438,0,437.393
825.042,0,479.758
815.533,0,408.234
812.829,0,439.422
825.042,0,479.758
817.562,0,384.844
54
-804,0,-365.5
802.74,0,325.869
816.041,0,350.996
823.125,0,359.666
829.342,0,376.122
827.608,0,391.692
807.223,0,357.896
804.622,0,381.251
802.889,0,396.822
809.973,0,405.492
774.702,0,433.092
813.589,0,445.304
817.924,0,406.378
821.54,0,446.189
849.876,0,480.871
812.573,0,382.137
55
-801.5,0,-363
802.832,0,327.593
815.099,0,353.06
829.541,0,362.998
835.131,0,379.613
825.193,0,394.055
806.248,0,359.737
802.987,0,383.03
786.372,0,388.62
815.255,0,408.497
825.349,0,449.492
861.996,0,470.455
807.491,0,407.41
773.173,0,426.355
784.354,0,459.586
810.752,0,384.117
56
-799.5,0,-365
806.054,0,332.771
811.444,0,356.997
826.366,0,366.467
841.289,0,375.937
823.052,0,397.651
803.568,0,356.16
801.082,0,379.548
783.673,0,393.466
814.347,0,404.61
771.655,0,431.609
775.387,0,471.427
813.519,0,412.406
825.127,0,453.061
864.505,0,457.246
808.958,0,380.385
57
-798.5,0,-367.5
802.371,0,330.796
807.871,0,355.247
822.966,0,364.777
837.242,0,382.18
826.827,0,404.975
799.095,0,362.293
796.637,0,385.916
779.085,0,400.008
810.094,0,411.194
782.127,0,448.081
770.074,0,486.624
810.094,0,411.194
821.093,0,460.094
854.559,0,447.657
812.551,0,387.571
58
-799,0,-370
796.194,0,329.317
808.933,0,362.367
816.059,0,371.008
830.312,0,388.29
820.157,0,411.183
800.292,0,369.493
798.02,0,393.144
780.738,0,407.397
811.516,0,418.31
784.078,0,455.457
788.933,0,487.749
811.516,0,418.31
806.972,0,465.612
848.663,0,445.747
805.904,0,393.902
59
-802,0,-372
800.181,0,341.75
803.993,0,366.76
818.404,0,377.358
823.573,0,394.484
827.385,0,419.493
802.636,0,374.644
798.564,0,398.296
770.84,0,417.876
819.501,0,418.136
795.589,0,462.725
829.84,0,452.386
803.733,0,415.421
794.232,0,470.609
804.57,0,504.86
806.448,0,399.653
60
-797.5,0,-381.5
795.103,0,338.503
798.101,0,370.396
805.782,0,371.567
801.099,0,402.289
784.567,0,407.628
804.611,0,379.247
793.418,0,401.118
776.887,0,406.457
806.438,0,418.821
799.414,0,464.904
825.454,0,500.309
805.267,0,426.501
769.863,0,452.541
808.265,0,458.394
809.95,0,395.779
61
-795.5,0,-381.5
796.196,0,338.702
800.077,0,371.458
799.064,0,379.394
796.023,0,403.2
779.138,0,409.109
806.999,0,380.407
788.087,0,402.187
770.189,0,416.031
801.931,0,420.085
766.134,0,447.773
786.9,0,474.62
800.917,0,428.021
811.72,0,469.725
840.422,0,497.586
803.958,0,404.214
62
-792,0,-382
789.351,0,341.778
795.212,0,373.306
795.212,0,373.306
786.023,0,396.12
777.308,0,411.171
802.976,0,373.782
785.547,0,403.883
761.782,0,410.22
800.122,0,420.361
812.796,0,467.891
842.898,0,485.32
792.359,0,419.885
752.117,0,440.797
757.502,0,480.089
793.786,0,396.596
63
-787,0,-383
788.981,0,341.396
794.174,0,373.667
794.174,0,373.667
791.398,0,405.238
766.796,0,411.028
793.48,0,381.56
783.429,0,404.537
758.827,0,410.327
797.285,0,429.617
801.09,0,477.673
841.63,0,473.284
797.285,0,429.617
754.663,0,457.683
751.192,0,497.146
799.367,0,405.939
64
-785,0,-384
788.425,0,338.871
793.314,0,371.472
800.453,0,380.179
789.566,0,411.296
781.678,0,410.554
783.927,0,386.659
773.789,0,409.811
749.375,0,415.549
795.205,0,435.933
791.456,0,475.757
823.759,0,470.762
787.317,0,435.191
760.653,0,464.822
748.267,0,511.869
790.315,0,403.331
65
-777.5,0,-384.5
776.702,0,341.686
783.761,0,373.907
807.516,0,382.607
806.578,0,414.593
790.35,0,422.121
783.526,0,381.903
774.592,0,413.655
750.367,0,420.948
789.881,0,438.114
772.95,0,469.631
804.936,0,470.569
782.119,0,429.883
764.719,0,477.393
763.546,0,517.376
790.819,0,406.128
66
-768,0,-387
769.869,0,338.481
774.495,0,370.248
781.461,0,378.774
803.921,0,388.862
793.834,0,411.321
765.188,0,384.96
762.067,0,415.947
738.828,0,413.606
776,0,433
741.113,0,468.612
770.538,0,487.226
768.253,0,432.22
763.572,0,478.699
782.91,0,519.772
778.341,0,409.76
67
-763,0,-387
762.216,0,339.953
769.24,0,372.13
784.63,0,380.502
807.811,0,389.06
791.654,0,412.679
761.066,0,387.939
752.7,0,411.745
729.327,0,411.185
767.706,0,436.112
720.386,0,458.984
758.765,0,483.911
759.915,0,435.925
766.555,0,484.098
796.952,0,516.836
768.281,0,412.119
68
-755,0,-383
751.561,0,343.535
766.762,0,375.24
774.622,0,375.371
797.945,0,391.484
774.101,0,406.815
750.909,0,382.84
742.657,0,406.293
711.213,0,405.771
757.987,0,430.137
718.422,0,445.206
733.491,0,484.772
757.987,0,430.137
765.066,0,477.433
803.849,0,509.529
758.379,0,406.554
69
-748,0,-384
746.579,0,343.06
747.552,0,375.462
764.821,0,378.758
786.359,0,397.189
761.524,0,396.027
739.986,0,377.596
723.691,0,406.701
706.422,0,403.404
739.797,0,434.833
704.098,0,453.074
699.64,0,495.177
747.364,0,432.698
762.308,0,485.665
798.979,0,499.825
748.525,0,407.863
70
-752,0,-383
739.087,0,341.764
748.14,0,373.482
764.396,0,380.949
773.185,0,404.672
749.198,0,405.465
740.409,0,381.742
709.22,0,406.787
692.7,0,391.324
742.26,0,437.712
703.075,0,463.02
696.401,0,503.263
741.995,0,429.716
743.846,0,485.685
784.089,0,492.359
749.198,0,405.465
71
-773,0,-385
732.02,0,343.356
730.981,0,374.767
746.427,0,383.139
737.796,0,406.438
714.497,0,397.806
722.869,0,382.36
698.791,0,397.287
667.899,0,380.543
737.017,0,429.997
704.307,0,468.222
702.749,0,515.339
729.164,0,429.737
719.493,0,484.447
758.757,0,485.746
729.943,0,406.179
72
-794,0,-384.5
725.081,0,344.012
724.685,0,376.009
740.585,0,384.207
732.288,0,408.106
700.489,0,391.711
716.586,0,383.91
684.49,0,391.513
668.59,0,383.316
723.893,0,440.004
691.401,0,479.606
714.904,0,519.899
723.893,0,440.004
691.302,0,487.605
731.2,0,496.099
724.289,0,408.007
73
-815,0,-384.5
703.217,0,346.145
711.504,0,386.045
719.296,0,385.949
688.126,0,386.335
656.857,0,378.721
711.504,0,386.045
672.541,0,386.527
649.065,0,378.817
712.196,0,442.041
697.205,0,490.23
728.771,0,521.842
704.404,0,442.138
665.837,0,474.617
697.304,0,498.23
711.9,0,418.043
74
-834,0,-385.5
689.263,0,340.516
694.984,0,379.839
694.984,0,379.839
663.855,0,378.189
640.921,0,369.17
694.984,0,379.839
663.855,0,378.189
640.921,0,369.17
692.097,0,434.314
697.405,0,481.42
735.079,0,506.828
692.097,0,434.314
697.405,0,481.42
735.079,0,506.828
693.334,0,410.968
75
-853,0,-388.5
683.36,0,347.339
682.419,0,378.498
690.208,0,378.733
667.546,0,354.658
668.252,0,331.29
682.419,0,378.498
643.706,0,369.531
620.808,0,353.246
680.771,0,433.025
694.938,0,480.233
733.18,0,504.778
672.982,0,432.789
633.093,0,462.771
623.891,0,509.273
681.477,0,409.656
76
-871,0,-391
672.573,0,345.076
659.436,0,378.163
660.04,0,386.14
657.018,0,346.255
662.982,0,321.734
667.818,0,385.551
627.72,0,372.544
610.351,0,349.791
664.271,0,441.98
675.676,0,489.254
715.169,0,494.284
656.493,0,442.57
627.8,0,476.836
607.49,0,518.489
661.853,0,410.072
77
-889,0,-394
648.508,0,352.637
652.426,0,383.876
644.616,0,384.855
619.228,0,372.174
600.669,0,350.704
652.426,0,383.876
647.528,0,344.827
600.669,0,350.704
651.473,0,439.524
657.35,0,486.383
688.589,0,482.465
643.663,0,440.503
617.321,0,483.47
606.599,0,524.478
648.534,0,416.095
78
-908.5,0,-400.5
640.84,0,352.099
633.305,0,383.408
633.389,0,391.214
609.61,0,375.856
585.746,0,352.692
641.26,0,391.129
640.84,0,352.099
640.504,0,320.875
633.977,0,445.856
618.572,0,477.249
657.925,0,476.826
626.107,0,445.941
610.785,0,485.14
611.205,0,524.17
633.641,0,414.632
79
-928,0,-404.5
617.044,0,349.04
621.511,0,387.846
629.272,0,386.953
631.673,0,339.492
653.169,0,321.289
613.75,0,388.74
587.786,0,368.136
585.105,0,344.853
620.004,0,443.069
591.639,0,469.926
622.071,0,529.336
620.004,0,443.069
609.842,0,491.423
629.832,0,528.442
616.43,0,412.024
80
-946,0,-409.5
614.739,0,344.258
613.754,0,375.516
621.569,0,375.762
638.181,0,344.996
654.794,0,314.231
613.754,0,375.516
591.05,0,351.335
591.788,0,327.892
603.972,0,437.784
564.162,0,459.997
595.174,0,468.795
611.786,0,438.03
618.124,0,485.162
640.337,0,524.972
612.77,0,406.773
81
-966,0,-415.5
610.935,0,340.773
613.255,0,372.446
628.86,0,371.303
634.922,0,346.977
656.59,0,321.508
605.452,0,373.018
588.107,0,350.406
593.589,0,318.162
594.486,0,437.506
548.251,0,448.853
573.978,0,478.812
594.486,0,437.506
613.572,0,483.872
647.102,0,513.259
607.772,0,404.69
82
-985,0,-419.5
611.749,0,339.751
601.419,0,373.721
610.577,0,380.217
628.734,0,344.916
657.381,0,323.938
592.261,0,367.224
586.937,0,335.916
590.772,0,311.104
587.254,0,432.503
604.397,0,485.961
546.946,0,479.623
579.427,0,433.834
604.397,0,485.961
638.367,0,496.292
589.757,0,399.864
83
-1004,0,-424.5
606.889,0,336.397
593.374,0,373.194
600.912,0,370.902
626.514,0,346.772
652.117,0,322.643
591.1,0,365.714
584.275,0,343.274
582.714,0,311.062
576.871,0,427.243
582.981,0,474.415
530.929,0,465.729
576.871,0,427.243
582.981,0,474.415
629.77,0,492.873
585.122,0,400.219
84
-1023,0,-428
609.949,0,334.596
594.751,0,364.499
602.288,0,362.008
622.427,0,347.06
647.632,0,322.144
594.751,0,364.499
584.868,0,334.589
647.632,0,322.144
564.355,0,424.305
571.643,0,471.66
614.144,0,499.085
564.355,0,424.305
514.193,0,424.293
519.011,0,464.17
579.553,0,394.402
85
-1041,0,-432
604.3,0,339.091
590.375,0,363.836
600.963,0,367.288
618.456,0,349.564
635.949,0,331.84
579.787,0,360.383
583.123,0,332.186
579.44,0,307.557
555.505,0,416.893
509.699,0,413.672
502.91,0,452.457
559.073,0,423.913
566.44,0,473.171
584.28,0,508.273
569.43,0,392.148
86
-1058,0,-436.5
603.52,0,335.016
583.98,0,364.651
594.824,0,367.55
625.21,0,340.814
634.98,0,325.996
583.98,0,364.651
574.96,0,333.192
580.757,0,311.502
547.797,0,413.077
508.391,0,408.353
496.797,0,451.732
551.77,0,419.948
508.391,0,408.353
496.797,0,451.732
564.439,0,394.286
87
-1075,0,-442
599.744,0,345.038
581.112,0,370.127
587.434,0,374.822
617.046,0,348.157
631.02,0,329.341
574.79,0,365.431
571.461,0,343.497
577.449,0,309.018
554.828,0,418.726
502.921,0,409.37
495.269,0,432.882
543.848,0,420.303
496.599,0,404.675
490.611,0,439.154
562.48,0,395.215
88
-1090,0,-446
600.073,0,346.845
578.411,0,371.01
582.823,0,377.528
604.484,0,353.363
573.603,0,307.734
573.999,0,364.491
562.871,0,334.006
573.603,0,307.734
546.017,0,421.447
499.992,0,395.571
487.154,0,432.773
546.017,0,421.447
499.992,0,395.571
487.154,0,432.773
556.749,0,395.175
89
-1104,0,-451
599.81,0,350.763
580.711,0,364.602
585.324,0,370.968
562.259,0,339.136
561.152,0,310.81
574.344,0,369.215
562.259,0,339.136
567.519,0,306.197
539.005,0,414.239
503.207,0,391.633
486.967,0,422.818
543.618,0,420.605
503.207,0,391.633
486.967,0,422.818
559.858,0,389.42
90
-1118,0,-457
594.81,0,349.587
578.195,0,373.065
597.685,0,356.973
609.72,0,343.782
562.649,0,311.074
567.865,0,368.581
556.364,0,339.036
562.649,0,311.074
527.18,0,418.439
505.349,0,384.411
488.734,0,407.889
537.51,0,422.923
505.349,0,384.411
464.664,0,434.269
554.125,0,399.445
91
-1131.5,0,-462
594.764,0,361.758
568.577,0,380.326
555.666,0,368.648
591.935,0,354.505
553.202,0,319.468
558.495,0,375.901
547.181,0,346.886
553.202,0,319.468
523.458,0,414.634
502.062,0,381.194
454.114,0,408.248
529.116,0,429.141
490.383,0,394.105
454.114,0,408.248
542.391,0,398.895
92
-1143,0,-468.5
593.581,0,369.813
579.549,0,377.5
561.673,0,378.171
557.158,0,353.279
555.817,0,317.527
561.673,0,378.171
550.142,0,357.122
552.644,0,328.387
538.122,0,418.437
515.061,0,376.34
458.26,0,389.211
538.122,0,418.437
494.012,0,387.87
469.12,0,392.384
562.343,0,396.047
93
-1158,0,-474.5
586.593,0,376.115
569.574,0,394.49
583.46,0,386.869
593.536,0,372.305
606.745,0,346.988
558.821,0,391.357
,,
,,
531.725,0,424.295
505.053,0,375.692
469.66,0,377.047
520.972,0,421.162
505.053,0,375.692
473.47,0,383.991
548.745,0,405.921
94
-1172,0,-481.5
594.246,0,391.677
580.852,0,400.134
587.549,0,395.905
548.784,0,364.182
556.189,0,331.407
580.852,0,400.134
,,
,,
552.305,0,399.426
517.769,0,374.4
474.068,0,364.527
549.837,0,410.352
517.769,0,374.4
474.068,0,364.527
563.231,0,401.894
95
-1185,0,-487
,,
,,
,,
,,
,,
,,
,,
,,
,,
475.32,0,365.138
485.211,0,359.883
,,
,,
,,
,,
96
-1198.5,0,-493.5
593.967,0,417.995
561.914,0,411.656
561.914,0,411.656
583.975,0,378.462
598.543,0,353.669
561.914,0,411.656
583.975,0,378.462
598.543,0,353.669
487.821,0,511.65
,,
,,
494.897,0,495.259
582.315,0,498.711
503.632,0,358.619
471.169,0,496.497
97
-1210.5,0,-499.5
597.274,0,407.705
561.65,0,410.118
564.578,0,399.248
537.739,0,369.051
549.695,0,389.584
554.737,0,414.143
590.361,0,411.73
549.695,0,389.584
519.112,0,416.556
537.739,0,369.051
571.492,0,395.222
508.214,0,413.737
541.724,0,375.896
497.315,0,410.918
536.924,0,415.349
98
-1223,0,-505
494.949,0,415.474
527.17,0,410.31
534.339,0,418.979
558.682,0,413.114
539.303,0,363.2
527.17,0,410.31
578.693,0,366.706
568.687,0,389.91
590.194,0,415.919
,,
,,
567.269,0,405.847
,,
588.699,0,343.501
550.804,0,412.413
99
-1236,0,-509
,,
,,
,,
,,
,,
,,
504.979,0,500.754
,,
517.223,0,513.571
,,
,,
522.585,0,503.681
,,
,,
499.617,0,510.644
100
-1244.5,0,-511
595.73,0,404.035
558.491,0,390.245
558.491,0,390.245
571.915,0,352.737
572.522,0,327.475
550.922,0,392.539
542.246,0,336.653
,,
,,
,,
,,
,,
,,
,,
,,
101
-1256,0,-517
540.468,0,417.347
553.997,0,380.188
549.408,0,365.05
,,
,,
563.861,0,385.462
,,
,,
,,
,,
,,
,,
,,
,,
557.663,0,337.754
102
-1265,0,-521
507.918,0,396.633
559.215,0,372.819
571.46,0,385.636
596.722,0,386.243
579.116,0,383.315
554.626,0,357.681
,,
,,
,,
,,
,,
,,
,,
,,
598.268,0,336.187
103
-1273,0,-525
,,
551.364,0,358.824
,,
,,
,,
,,
,,
,,
,,
,,
,,
,,
,,
,,
,,
104
-1282,0,-528.5
574.302,0,343.955
569.018,0,315.599
569.018,0,315.599
553.302,0,352.382
582.728,0,364.955
569.018,0,315.599
,,
582.728,0,364.955
,,
,,
,,
,,
,,
,,
555.375,0,327.169
105
-1289,0,-533.5
,,
,,
,,
,,
,,
,,
,,
,,
,,
,,
,,
,,
,,
,,
,,
106
-1296,0,-538.5
,,
,,
,,
,,
560.857,0,341.246
,,
,,
576.833,0,342.122
,,
,,
,,
,,
,,
568.412,0,349.581
,,
107
-1304,0,-542.5
,,
,,
,,
,,
,,
,,
,,
,,
,,
,,
580.833,0,334.122
,,
,,
572.412,0,341.581
,,
108
-1310,0,-546.5
,,
,,
,,
,,
,,
,,
,,
,,
,,
,,
,,
,,
,,
,,
,,
109
-1316,0,-550.5
,,
,,
,,
,,
,,
,,
,,
,,
,,
,,
,,
,,
,,
,,
,,
110
-1322,0,-553.5
,,
,,
,,
,,
,,
,,
,,
,,
,,
,,
,,
,,
560.016,0,324.165
599.956,0,326.354
,,
111
-1325,0,-557.5
,,
,,
,,
,,
,,
,,
,,
,,
,,
,,
,,
,,
,,
,,
,,
112
-1328,0,-560.5
,,
,,
,,
,,
,,
,,
,,
,,
,,
,,
,,
,,
,,
,,
,,
113
-1330,0,-562.5
,,
,,
,,
,,
,,
,,
,,
,,
,,
,,
,,
,,
,,
,,
,,
114
-1333.5,0,-564
,,
,,
,,
,,
,,
,,
,,
,,
,,
,,
577.515,0,286.265
,,
,,
,,
,,
115
-1335.5,0,-567
,,
,,
,,
,,
582.622,0,270.992
,,
,,
,,
,,
,,
,,
,,
,,
,,
,,
116
-1337,0,-569.5
,,
,,
,,
,,
,,
,,
,,
,,
,,
,,
,,
,,
,,
,,
,,
117
-1336,0,-570.5
,,
,,
,,
,,
,,
,,
,,
,,
,,
,,
,,
,,
,,
,,
,,
118
-1332,0,-570.5
,,
548.825,0,213.58
,,
,,
,,
556.813,0,214.017
,,
,,
,,
561.299,0,278.359
,,
587.452,0,239.732
561.299,0,278.359
,,
563.926,0,230.431
119
-1329,0,-568.5
,,
,,
,,
,,
,,
,,
,,
,,
,,
530.883,0,200.776
488.817,0,156.703
,,
,,
,,
,,
120
-1327,0,-567.5
,,
,,
,,
,,
,,
,,
,,
,,
533.24,0,195.919
498.531,0,154.99
498.531,0,154.99
533.24,0,195.919
498.531,0,154.99
,,
,,
121
-1325,0,-566.5
,,
,,
,,
,,
468.545,0,159.367
,,
,,
477.308,0,144.006
,,
522.961,0,178.191
468.545,0,159.367
,,
522.961,0,178.191
,,
,,
122
-1322,0,-566.5
,,
,,
478.537,0,149.889
,,
,,
478.537,0,149.889
486.867,0,170.65
,,
526.34,0,178.915
556.489,0,209
536.786,0,234.984
523.232,0,186.188
571.035,0,215.215
,,
497.248,0,166.485
123
-1322,0,-568.5
,,
,,
,,
518.837,0,181.589
,,
,,
,,
,,
526.11,0,184.697
,,
541.713,0,208.566
,,
,,
,,
497.018,0,172.266
124
-1322,0,-574.5
557.254,0,227.612
544.865,0,196.219
544.865,0,196.219
,,
,,
544.865,0,196.219
,,
,,
504.37,0,170.216
456.603,0,141.106
456.603,0,141.106
504.37,0,170.216
454.446,0,166.284
,,
523.046,0,186.896
125
-1321,0,-578.5
565.985,0,210.283
553.756,0,188.137
547.872,0,182.716
531.61,0,200.366
555.143,0,222.05
553.756,0,188.137
537.03,0,194.483
520.768,0,212.133
507.614,0,167.379
451.092,0,169.691
411.296,0,165.658
507.614,0,167.379
451.092,0,169.691
417.18,0,171.078
530.685,0,177.758
126
-1321,0,-584.5
569.787,0,211.415
549.261,0,196.716
550.835,0,185.631
536.638,0,205.994
555.59,0,231.779
544.523,0,190.27
530.326,0,210.634
517.703,0,219.912
508.21,0,167.318
454.535,0,147.2
426.14,0,187.928
501.898,0,171.958
460.863,0,182.262
432.418,0,103.884
528.736,0,182.017
127
-1321,0,-592.5
568.514,0,213.424
542.444,0,201.684
544.634,0,190.749
544.592,0,219.34
557.606,0,239.506
542.444,0,201.684
511.994,0,211.814
507.615,0,233.683
496.832,0,173.992
453.327,0,192.547
416.35,0,206.89
496.832,0,173.992
455.559,0,153.022
429.531,0,112.691
522.902,0,185.732
128
-1321,0,-598.5
561.949,0,215.271
537.073,0,202.324
540.139,0,191.76
537.756,0,219.702
559.566,0,243.212
530.258,0,206.073
506.065,0,210.504
496.185,0,224.817
491.07,0,183.245
450.182,0,205.738
416.108,0,224.482
491.07,0,183.245
451.882,0,160.418
429.39,0,119.53
512.197,0,189.377
129
-1319.5,0,-604
559.871,0,219.945
536.063,0,205.071
536.063,0,205.071
545.681,0,226.356
555.298,0,247.642
528.968,0,208.277
504.477,0,210.799
489.604,0,234.607
484.559,0,185.625
455.495,0,215.844
416.131,0,242.174
484.559,0,185.625
443.356,0,170.067
427.327,0,134.592
505.161,0,193.403
130
-1321,0,-609.5
556.317,0,221.935
525.377,0,210.366
532.462,0,207.138
542.148,0,228.392
562.147,0,253.502
522.149,0,203.282
493.81,0,216.196
482.241,0,247.136
484.124,0,194.942
455.158,0,225.254
419.106,0,258.795
480.896,0,187.857
432.558,0,175.661
423.499,0,137.008
504.751,0,202.654
131
-1323,0,-611.5
557.957,0,228.055
527.416,0,215.389
524.437,0,208.188
540.576,0,226.812
559.694,0,252.637
524.437,0,208.188
495.632,0,220.105
479.987,0,243.445
479.493,0,201.481
452.425,0,237.981
432.558,0,271.501
479.493,0,201.481
459.626,0,235.001
423.875,0,148.588
499.854,0,209.925
132
-1326.5,0,-613
555.992,0,232.927
525.562,0,217.894
525.562,0,217.894
540.838,0,238.059
556.114,0,258.225
517.985,0,220.46
487.676,0,230.725
477.654,0,251.012
479.977,0,207.993
459.933,0,248.567
429.746,0,284.13
477.411,0,200.416
426.815,0,200.659
421.561,0,160.207
497.698,0,210.438
133
-1330.5,0,-615
552.454,0,230.106
522.149,0,216.221
522.149,0,216.221
537.724,0,235.579
553.299,0,254.938
519.412,0,208.855
492.688,0,227.167
476.066,0,250.108
479.85,0,215.174
461.336,0,255.581
442.822,0,295.989
477.113,0,207.809
430.186,0,216.864
421.13,0,169.936
497.317,0,217.066
134
-1334.5,0,-616
553.037,0,239.602
516.148,0,224.137
523.906,0,222.184
529.763,0,245.459
551.136,0,264.829
516.148,0,224.137
487.067,0,239.704
475.456,0,259.125
473.453,0,218.382
469.65,0,268.835
446.426,0,307.677
473.453,0,218.382
426.904,0,230.095
417.142,0,191.305
498.679,0,220.283
135
-1337,0,-615.5
548.917,0,236.083
519.715,0,219.72
519.715,0,219.72
533.457,0,240.205
547.198,0,260.689
511.985,0,221.781
492.803,0,242.995
479.347,0,254.633
471.332,0,224.572
467.895,0,273.785
452.721,0,310.029
471.332,0,224.572
426.956,0,244.454
416.937,0,206.877
496.525,0,225.904
136
-1340,0,-614.5
546.067,0,241.782
519.979,0,229.477
519.979,0,229.477
530.24,0,244.13
549.589,0,265.522
519.979,0,229.477
530.24,0,244.13
477.195,0,268.175
472.498,0,236.521
435.28,0,258.219
405.669,0,222.174
482.76,0,251.174
471.629,0,285.176
452.586,0,320.352
496.239,0,232.999
137
-1342,0,-612.5
527.142,0,235.131
509.317,0,236.639
509.317,0,236.639
528.65,0,252.956
547.983,0,269.273
501.886,0,233.677
531.612,0,245.524
543.513,0,258.879
452.881,0,248.594
467.798,0,297.599
450.028,0,342.188
457.351,0,258.988
467.798,0,297.599
450.028,0,342.188
478.137,0,250.048
138
-1344,0,-610.5
513.492,0,266.169
495.961,0,263.718
491.889,0,241.7
520.43,0,242.115
546.52,0,260.063
498.412,0,246.186
520.43,0,242.115
546.52,0,260.063
449.888,0,260.851
458.03,0,304.888
390.355,0,277.552
449.888,0,260.851
427.454,0,293.463
444.154,0,352.996
482.916,0,254.744
139
-1345,0,-607.5
534.732,0,253.238
510.64,0,247.385
502.174,0,240.225
517.8,0,238.919
533.425,0,237.612
503.481,0,255.851
489.162,0,272.783
491.775,0,304.034
464.417,0,259.117
435.779,0,292.981
396.062,0,288.435
465.724,0,274.743
468.337,0,305.994
448.165,0,347.017
487.855,0,257.157
140
-1347,0,-603.5
518.659,0,255.848
486.119,0,264.239
483.542,0,253.338
520.216,0,238.099
535.197,0,228.454
483.542,0,253.338
476.293,0,295.685
492.293,0,314.69
442.734,0,275.426
455.62,0,329.929
382.81,0,314.008
442.734,0,275.426
459.754,0,323.08
382.81,0,314.008
464.427,0,269.832
141
-1348.5,0,-599
514.439,0,267.746
487.466,0,277.156
481.773,0,267.505
505.03,0,240.773
516.659,0,227.407
481.773,0,267.505
505.03,0,240.773
492.919,0,319.473
443.171,0,290.281
454.318,0,342.248
429.082,0,376.652
443.171,0,290.281
425.607,0,326.663
429.082,0,376.652
462.472,0,278.893
142
-1350,0,-596.5
510.322,0,262.664
478.433,0,278.14
472.149,0,273.31
470.227,0,301.823
485.185,0,243.344
478.433,0,278.14
476.511,0,306.653
490.534,0,327.428
441.715,0,299.901
423.848,0,336.152
387.13,0,357.912
441.715,0,299.901
442.701,0,350.642
424.834,0,386.893
462.489,0,285.879
143
-1351,0,-591.5
500.62,0,277.8
477.346,0,287.715
472.733,0,270.432
479.413,0,253.837
470.187,0,219.27
471.355,0,293.017
475.968,0,310.301
491.874,0,328.273
442.09,0,308.234
428.042,0,352.716
386.795,0,378.536
442.09,0,308.234
444.636,0,359.395
425.286,0,397.887
460.063,0,292.328
144
-1352,0,-587.5
489.614,0,288.219
465.024,0,301.758
465.299,0,284.351
458.667,0,263.352
445.128,0,238.762
468.34,0,312.258
461.156,0,326.073
478.287,0,343.756
433.249,0,329.114
442.921,0,378.019
414.463,0,415.874
433.249,0,329.114
422.198,0,367.244
414.463,0,415.874
450.932,0,311.982
145
-1353.5,0,-584
495.686,0,299.884
468.641,0,309.913
460.389,0,294.042
445.661,0,273.473
419.76,0,254.681
463.943,0,316.389
461.022,0,334.037
475.75,0,354.606
432.201,0,332.894
434.611,0,384.062
399.948,0,418.215
438.676,0,337.592
434.611,0,384.062
412.899,0,427.611
452.77,0,318.166
146
-1355.5,0,-580
480.904,0,304.868
461.857,0,321.518
452.107,0,306.52
424.509,0,290.323
392.862,0,281.025
445.208,0,302.47
420.46,0,297.222
462.309,0,368.163
430.662,0,358.866
431.114,0,405.511
403.968,0,435.959
434.711,0,351.966
435.163,0,398.611
410.868,0,440.009
442.81,0,338.167
147
-1354,0,-576.5
474.674,0,320.394
441.392,0,330.623
436.018,0,324.99
403.254,0,313.203
381.239,0,312.684
446.766,0,336.257
440.613,0,363.646
451.101,0,385.921
418.338,0,374.134
428.307,0,418.424
405.513,0,450.928
429.345,0,374.394
428.567,0,407.417
405.513,0,450.928
429.865,0,352.379
148
-1353,0,-571.5
457.115,0,343.55
428.549,0,355.875
415.245,0,344.674
386.68,0,356.998
372.397,0,363.161
438.772,0,359.935
426.591,0,390.603
442.977,0,408.946
412.309,0,396.766
423.655,0,442.695
404.333,0,476.445
422.531,0,400.826
420.573,0,435.554
404.333,0,476.445
420.429,0,376.32
149
-1351,0,-564.5
428.446,0,384.41
403.208,0,402.543
392.365,0,400.767
371.661,0,425.211
363.576,0,440.587
414.051,0,404.319
410.499,0,426.005
408.723,0,436.848
396.104,0,445.915
416.995,0,488.305
409.891,0,531.676
406.947,0,447.691
416.995,0,488.305
409.891,0,531.676
404.19,0,430.539
150
-1349.5,0,-551
385.834,0,456.363
378.867,0,495.606
367.613,0,495.336
355.21,0,528.819
354.827,0,540.069
384.302,0,501.366
377.335,0,540.609
376.569,0,563.111
365.698,0,551.59
,,
,,
376.952,0,551.86
404.896,0,558.16
,,
366.464,0,529.088
151
-1355,0,-540.5
,,
,,
,,
,,
,,
,,
,,
,,
,,
,,
,,
,,
,,
,,
,,
152
-1360,0,-531.5
,,
,,
,,
,,
,,
,,
,,
,,
,,
,,
,,
,,
,,
,,
,,
153
-1366,0,-521.5
,,
,,
,,
,,
,,
,,
,,
,,
,,
,,
,,
,,
,,
,,
,,
154
-1372,0,-515.5
,,
308.995,0,535.943
,,
287.022,0,523.455
287.022,0,523.455
308.995,0,535.943
,,
,,
,,
,,
,,
,,
,,
,,
293.308,0,532.795
155
-1372,0,-513
,,
,,
,,
,,
,,
,,
,,
,,
,,
,,
,,
,,
,,
,,
,,
156
-1374,0,-512.5
,,
,,
,,
,,
,,
,,
,,
,,
,,
,,
,,
,,
,,
,,
,,
157
-1380,0,-522.5
319.355,0,495.806
298.504,0,507.199
287.718,0,503.976
,,
,,
298.504,0,507.199
296.111,0,535.855
322.24,0,567.159
,,
,,
,,
,,
,,
,,
292.275,0,528.834
