data/BP_videos/9.MOV
0
-753.5,0,-400
703.368,0,293.459
718.947,0,325.027
718.947,0,340.811
718.947,0,372.378
687.789,0,388.162
734.526,0,332.919
718.947,0,380.27
687.789,0,396.054
742.316,0,403.946
726.737,0,467.081
781.263,0,490.757
765.684,0,403.946
742.316,0,467.081
781.263,0,514.432
742.316,0,372.378
1
-755.5,0,-401
699.033,0,291.274
718.125,0,326.424
722.065,0,337.029
723.279,0,372.786
688.13,0,391.878
732.671,0,333.089
719.947,0,380.058
688.13,0,391.878
742.372,0,407.935
722.982,0,469.45
777.831,0,503.385
763.583,0,400.055
740.861,0,468.842
785.104,0,506.717
741.158,0,372.179
2
-761,0,-400.5
700.936,0,290.406
719.44,0,325.868
723.203,0,336.538
720.368,0,379.526
688.359,0,390.814
733.873,0,332.775
720.368,0,379.526
688.359,0,390.814
742.326,0,407.772
714.698,0,465.502
765.521,0,507.562
770.882,0,403.7
747.017,0,472.099
790.623,0,510.706
741.707,0,372
3
-764.5,0,-399.5
699.704,0,296.335
721.147,0,324.11
724.802,0,334.587
714.815,0,373.328
690.451,0,387.705
735.279,0,330.931
721.881,0,376.738
679.974,0,391.36
743.324,0,404.513
712.383,0,450.565
744.548,0,492.227
764.278,0,397.203
747.714,0,467.619
790.355,0,505.625
742.835,0,369.428
4
-768,0,-401
700.434,0,292.314
717.707,0,328.1
724.765,0,331.753
720.617,0,374.349
684.831,0,391.622
731.823,0,335.406
716.964,0,381.407
677.773,0,387.969
748.601,0,406.73
701.856,0,445.178
736.651,0,498.981
766.37,0,406.978
751.263,0,470.748
793.363,0,510.435
742.039,0,367.539
5
-774.5,0,-399.5
695.218,0,295.005
723.889,0,327.16
727.483,0,337.888
716.81,0,377.259
691.788,0,391.608
727.483,0,337.888
716.81,0,377.259
673.9,0,391.635
749.048,0,402.254
702.598,0,441.68
727.729,0,498.885
766.936,0,402.226
756.318,0,477.375
802.877,0,509.503
738.266,0,370.071
6
-778.5,0,-399.5
699.4,0,289.97
725.329,0,323.331
728.136,0,334.066
715.089,0,371.887
678.92,0,387.08
728.136,0,334.066
715.089,0,371.887
678.92,0,387.08
744.981,0,398.477
696.921,0,433.985
717.73,0,491.624
762.488,0,399.633
757.863,0,469.659
801.298,0,504.177
743.33,0,370.235
7
-780.5,0,-400.5
695.16,0,293.644
723.188,0,325.365
719.644,0,332.48
708.948,0,371.553
684.27,0,385.902
723.188,0,325.365
708.948,0,371.553
677.246,0,382.403
740.52,0,396.159
691.163,0,424.856
701.472,0,492.152
758.11,0,396.04
764.874,0,470.451
806.949,0,509.168
737.105,0,367.818
8
-789.5,0,-399.5
691.813,0,288.7
719.521,0,321.328
726.549,0,325.042
715.004,0,363.894
686.091,0,384.575
726.549,0,325.042
711.289,0,370.921
679.064,0,380.86
742.712,0,396.521
692.315,0,423.828
694.424,0,487.878
760.481,0,396.923
765.903,0,471.714
811.38,0,504.743
739.801,0,368.01
9
-797.5,0,-400.5
696.657,0,285.439
724.052,0,318.544
731.051,0,322.418
719.045,0,360.634
689.841,0,380.359
720.251,0,325.413
708.244,0,363.628
672.041,0,379.48
746.44,0,393.739
688.635,0,415.58
690.025,0,479.153
760.439,0,401.487
772.63,0,462.066
821.023,0,506.793
743.845,0,365.387
10
-798.5,0,-399.5
691.796,0,285.286
720.303,0,317.538
723.85,0,328.244
716.626,0,360.229
691.579,0,374.282
716.712,0,324.631
705.898,0,363.709
673.713,0,374.149
741.542,0,399.573
687.902,0,416.973
684.181,0,477.463
752.27,0,396.093
773.553,0,460.33
819.883,0,510.514
734.491,0,360.362
11
-807.5,0,-399.5
692.743,0,278.842
717.803,0,317.51
724.901,0,320.986
707.524,0,356.472
711.146,0,367.044
717.803,0,317.51
704.049,0,363.569
672.331,0,374.435
743.157,0,391.518
679.722,0,413.25
676.687,0,473.356
750.254,0,394.993
775.461,0,451.331
821.814,0,500.425
732.291,0,359.8
12
-814.5,0,-400
694.292,0,284.166
716.409,0,312.288
720.232,0,322.936
710.404,0,362.527
678.459,0,373.996
720.232,0,322.936
699.756,0,366.35
667.811,0,377.819
732.521,0,390.649
679.28,0,409.764
673.686,0,477.886
750.405,0,390.238
776.755,0,446.892
820.99,0,503.136
731.701,0,354.881
13
-820.5,0,-400.5
690.788,0,273.444
717.786,0,311.216
725.098,0,314.462
709.16,0,350.37
684.973,0,365.423
714.598,0,318.398
698.661,0,354.306
663.974,0,373.295
736.158,0,388.142
680.472,0,415.003
676.908,0,482.192
743.47,0,391.387
778.717,0,450.013
820.339,0,494.276
734.284,0,352.924
14
-825.5,0,-400.5
685.578,0,272.791
712.625,0,309.77
719.865,0,312.821
756.067,0,328.08
680.971,0,364.641
712.625,0,309.77
694.315,0,353.212
667.628,0,376.07
731.654,0,386.002
677.142,0,414.186
674.45,0,481.263
738.894,0,389.054
774.318,0,446.617
815.845,0,489.699
729.379,0,350.938
15
-827.5,0,-400
690.993,0,273.631
710.464,0,307.752
717.674,0,310.875
753.724,0,326.489
741.233,0,355.329
710.464,0,307.752
698.937,0,354.134
664.816,0,373.606
728.741,0,384.168
678.042,0,422.146
674.689,0,489.194
746.284,0,383.204
770.807,0,445.2
811.908,0,488.689
726.813,0,349.083
16
-837.5,0,-400
685.803,0,270.974
713.303,0,308.654
720.672,0,311.768
754.401,0,334.711
737.688,0,353.702
710.188,0,316.022
694.615,0,352.866
660.049,0,372.997
732.598,0,386.292
681.319,0,425.414
678.508,0,493.708
739.966,0,389.407
772.859,0,455.422
815.096,0,499.332
730.319,0,350.588
17
-842.5,0,-402.5
687.017,0,263.409
703.332,0,304.898
717.758,0,311.129
694.874,0,344.298
675.124,0,370.21
710.545,0,308.014
691.74,0,351.555
664.777,0,374.351
728.75,0,384.761
674.824,0,430.354
681.737,0,493.613
739.098,0,380.619
767.65,0,453.224
811.873,0,489.546
726.861,0,349.502
18
-850.5,0,-402.5
684.966,0,270.299
705.713,0,303.94
720.426,0,309.725
746.958,0,328.653
735.387,0,358.079
705.713,0,303.94
695.712,0,350.971
662.071,0,371.717
731.171,0,390.397
678.602,0,437.677
687.777,0,500.743
741.421,0,385.934
755.059,0,459.25
811.017,0,489.749
723.567,0,344.937
19
-861,0,-404
687.121,0,265.199
706.467,0,299.489
717.718,0,313.011
746.533,0,325.559
733.909,0,354.549
703.311,0,306.737
691.578,0,353.358
657.342,0,372.936
728.488,0,386.675
685.675,0,445.627
699.601,0,512.044
735.691,0,389.812
746.461,0,463.477
804.09,0,488.574
726.705,0,351.412
20
-868,0,-403.5
685.974,0,264.38
704.704,0,304.687
719.464,0,310.081
746.286,0,328.249
735.498,0,357.768
704.704,0,304.687
685.825,0,356.345
662.974,0,373.09
732.089,0,389.984
685.677,0,448.311
706.393,0,506.074
739.469,0,392.681
744.715,0,469.887
803.752,0,491.463
720.738,0,352.374
21
-877,0,-405
682.236,0,269.688
710.421,0,306.066
717.78,0,308.952
741.476,0,335.129
732.867,0,357.072
707.552,0,313.38
690.334,0,357.266
656.78,0,377.863
728.747,0,389.217
695.563,0,452.159
719.628,0,520.682
743.465,0,394.991
739.715,0,469.481
798.585,0,492.577
725.508,0,354.185
22
-885,0,-404.5
687.757,0,269.125
706.972,0,303.489
718.171,0,317.054
743.753,0,336.948
734.202,0,358.653
703.788,0,310.724
691.876,0,357.3
657.565,0,376.747
728.658,0,390.759
700.003,0,455.876
731.241,0,521.44
735.849,0,393.924
728.769,0,468.535
789.486,0,486.617
719.819,0,352.324
23
-895,0,-405
682.89,0,275.331
704.395,0,308.31
709.1,0,318.414
695.676,0,355.588
672.841,0,372.555
711.785,0,310.979
685.601,0,360.354
660.081,0,384.755
721.886,0,398.671
705.112,0,468.253
736.028,0,521.439
739.351,0,396.573
719.892,0,473.59
781.697,0,487.505
720.531,0,356.159
24
-904.5,0,-403.5
678.284,0,277.999
706.311,0,314.241
713.63,0,317.098
699.347,0,353.695
665.962,0,374.402
706.311,0,314.241
686.314,0,365.477
655.785,0,378.865
731.836,0,400.113
713.446,0,468.844
743.079,0,522.582
739.156,0,402.969
710.589,0,476.164
774.858,0,484.378
721.305,0,362.265
25
-912.5,0,-402
684.943,0,275.216
704.075,0,310.052
715.292,0,323.906
698.783,0,359.554
671.057,0,381.35
708.032,0,320.544
688.222,0,363.322
660.496,0,385.117
742.995,0,397.346
709.977,0,468.644
758.802,0,534.549
739.693,0,404.476
706.675,0,475.773
764.094,0,485.047
723.863,0,362.51
26
-920,0,-401.5
683.91,0,276.758
703.452,0,311.373
714.832,0,325.095
706.041,0,364.228
671.272,0,383.089
707.533,0,321.82
688.225,0,364.85
653.456,0,383.711
743.398,0,398.222
725.816,0,476.488
765.529,0,485.692
740.18,0,405.393
696.621,0,463.388
755.012,0,489.588
723.856,0,363.607
27
-926.5,0,-400.5
681.32,0,282.7
699.932,0,317.278
714.187,0,323.875
701.521,0,369.938
659.817,0,385.251
707.059,0,320.576
683.968,0,370.467
649.39,0,389.08
737.687,0,403.985
725.551,0,467.601
769.373,0,522.5
737.687,0,403.985
686.615,0,458.234
740.335,0,491.752
722.373,0,362.281
28
-933.5,0,-400.5
677.401,0,281.969
703.241,0,320.12
707.076,0,330.617
697.59,0,369.779
655.603,0,385.122
710.407,0,323.451
687.093,0,373.615
652.272,0,392.289
744.424,0,400.259
735.948,0,474.748
779.956,0,530.057
741.093,0,407.426
678.617,0,448.103
729.287,0,489.08
725.75,0,365.438
29
-941.5,0,-400.5
682.727,0,281.131
706.351,0,320.709
709.582,0,331.411
704.835,0,373.714
655.06,0,382.9
702.615,0,327.676
680.2,0,369.473
651.325,0,389.867
742.897,0,403.096
737.14,0,480.735
785.398,0,524.554
742.897,0,403.096
678.179,0,440.147
722.702,0,490.932
726.239,0,367.253
30
-950,0,-398.5
683.161,0,281.037
700.925,0,316.096
704.496,0,326.623
701.206,0,368.825
655.621,0,390.161
704.496,0,326.623
683.63,0,368.919
648.572,0,386.683
736.547,0,403.79
743.972,0,477.572
789.933,0,526.542
736.547,0,403.79
669.907,0,432.269
708.913,0,495.337
722.26,0,361.682
31
-952.5,0,-397
681.507,0,279.359
701.051,0,313.726
694.744,0,328.228
678.976,0,364.482
651.86,0,387.179
705.148,0,324.13
678.976,0,364.482
644.609,0,384.025
730.676,0,404.212
752.107,0,473.889
797.501,0,528.121
730.676,0,404.212
668.25,0,428.796
692.834,0,491.223
721.538,0,365.748
32
-962,0,-393.5
679.713,0,273.439
697.454,0,314.232
694.573,0,321.548
687.483,0,361.013
654.007,0,381.636
712.088,0,319.994
677.284,0,365.449
643.809,0,386.071
732.937,0,395.817
746.469,0,468.757
800.793,0,523.957
730.055,0,403.133
661.55,0,426.864
685.28,0,495.369
712.314,0,362.341
33
-969,0,-400.5
677.903,0,272.567
695.341,0,314.327
692.301,0,321.727
684.5,0,361.766
650.139,0,382.244
710.141,0,320.407
674.06,0,366.125
639.699,0,386.604
730.218,0,397.847
750.294,0,475.287
800.372,0,521.808
727.177,0,405.247
664.537,0,431.404
677.214,0,505.804
717.139,0,366.527
34
-969.5,0,-399
674.936,0,266.472
692.784,0,307.511
697.246,0,317.771
672.493,0,359.037
649.074,0,375.322
704.607,0,320.67
672.493,0,359.037
638.815,0,379.784
725.582,0,396.949
749.455,0,465.869
792.285,0,508.243
725.582,0,396.949
661.125,0,431.083
667.378,0,501.565
715.095,0,358.809
35
-965,0,-399.5
672.775,0,264.011
691.22,0,304.924
685.527,0,319.592
671.294,0,356.259
644.992,0,379.804
706.136,0,310.714
671.294,0,356.259
634.687,0,384.243
725.264,0,394.085
747.238,0,470.123
801.208,0,507.949
732.721,0,396.98
668.048,0,430.946
664.802,0,505.633
714.276,0,356.066
36
-982,0,-400.5
675.242,0,265.937
691.808,0,307.239
688.716,0,314.473
680.49,0,353.732
646.422,0,373.391
706.275,0,313.423
670.165,0,357.874
636.096,0,377.532
721.85,0,397.076
733.282,0,470.405
788.059,0,502.373
721.85,0,397.076
668.18,0,442.577
665.145,0,509.722
712.516,0,358.866
37
-992,0,-400.5
675.605,0,262.052
684.567,0,307.688
681.888,0,315.226
675.945,0,355.565
642.871,0,377.772
699.472,0,312.985
665.814,0,360.455
632.74,0,382.661
720.075,0,396.72
725.773,0,475.157
782.713,0,503.884
720.075,0,396.72
668.832,0,446.43
667.078,0,522.218
708.434,0,358.622
38
-1009,0,-399
670.18,0,263.565
690.301,0,303.526
687.821,0,311.036
672.941,0,356.097
640.491,0,378.698
695.331,0,313.516
662.951,0,361.127
630.5,0,383.728
718.073,0,395.988
708.293,0,476.05
775.885,0,498.37
718.073,0,395.988
665.712,0,453.66
675.913,0,523.661
705.462,0,358.507
39
-1017,0,-399
666.103,0,262.689
684.8,0,303.479
689.474,0,313.677
673.149,0,358.815
650.196,0,376.036
696.868,0,316.351
663.033,0,363.664
622.57,0,383.059
709.355,0,397.432
696.937,0,478.011
766.211,0,494.559
716.75,0,400.106
670.078,0,459.791
685.286,0,533.348
700.775,0,351.793
40
-1011,0,-399.5
665.798,0,266.923
685.386,0,307.147
690.284,0,317.203
667.33,0,359.484
644.638,0,376.754
690.284,0,317.203
659.853,0,356.904
624.526,0,386.549
704.451,0,397.391
696.188,0,469.839
756.001,0,490.475
719.404,0,402.55
673.758,0,462.101
697.982,0,537.391
702.395,0,354.849
41
-1006.5,0,-399
656.642,0,264.986
683.641,0,307.831
688.523,0,317.895
658.033,0,357.549
642.787,0,377.377
691.114,0,310.422
655.442,0,365.022
622.66,0,387.14
702.569,0,398.104
686.723,0,467.949
739.032,0,486.085
717.514,0,403.285
676.66,0,472.831
710.833,0,543.275
700.578,0,355.558
42
-1002,0,-398.5
656.976,0,266.371
682.198,0,310.302
686.662,0,320.56
726.368,0,327.682
714.781,0,357.129
686.662,0,320.56
651.662,0,366.299
617.99,0,387.055
697.4,0,401.299
661.071,0,472.019
730.223,0,490.729
715.02,0,399.731
683.156,0,480.71
724.669,0,548.054
697.16,0,358.697
43
-986.5,0,-398
662.751,0,268.073
681.396,0,308.633
686.058,0,318.773
730.384,0,335.041
714.817,0,354.615
678.67,0,316.061
652.197,0,365.349
619.128,0,386.929
695.732,0,406.615
649.031,0,465.337
722.908,0,492.452
713.234,0,404.609
693.357,0,481.606
728.712,0,545.157
694.589,0,364.049
44
-962,0,-403.5
653.069,0,274.603
676.466,0,306.51
689.313,0,318.677
734.746,0,332.462
710.411,0,358.156
681.74,0,316.38
640.644,0,370.064
611.035,0,385.889
696.626,0,403.589
638.088,0,460.251
694.07,0,493.775
714.068,0,400.612
696.368,0,486.203
743.16,0,550.016
692.969,0,361.133
45
-950,0,-403
650.349,0,274.496
677.808,0,311.28
682.105,0,321.55
736.079,0,335.173
615.82,0,379.456
674.821,0,318.564
636.361,0,370.861
605.55,0,383.753
691.645,0,402.038
631.333,0,445.375
684.941,0,501.39
716.483,0,403.714
701.185,0,482.525
751.806,0,545.824
692.01,0,359.645
46
-911,0,-402.5
649.875,0,273.509
674.163,0,317.99
688.766,0,324.1
735.63,0,335.129
716.109,0,361.28
671.108,0,325.292
635.12,0,370.292
604.05,0,383.032
690.477,0,402.034
629.529,0,445.171
668.42,0,495.762
715.437,0,403.897
706.791,0,486.078
757.23,0,550.081
688.094,0,366.718
47
-926,0,-403.5
647.208,0,273.514
672.077,0,318.297
686.881,0,324.367
731.293,0,342.577
711.751,0,369.15
669.042,0,325.699
632.993,0,371.443
598.647,0,391.945
693.541,0,413.562
623.517,0,436.728
649.718,0,499.35
703.978,0,409.195
721.074,0,494.022
768.149,0,547.91
686.51,0,367.447
48
-929.5,0,-406
647.339,0,274.237
668.794,0,307.75
688.369,0,323.566
733.095,0,340.29
696.795,0,369.199
660.432,0,330.112
628.799,0,369.263
595.287,0,390.718
700.554,0,404.591
613.955,0,431.684
636.381,0,508.042
700.554,0,404.591
722.981,0,480.949
776.132,0,543.306
681.887,0,363.624
49
-937,0,-409.5
648.951,0,271.955
666.392,0,313.459
688.496,0,322.483
725.336,0,337.522
695.56,0,368.346
653.008,0,325.187
627.592,0,366.387
586.089,0,383.828
687.888,0,408.194
610.897,0,428.339
620.666,0,509.691
695.256,0,411.202
728.785,0,476.466
780.058,0,540.377
680.824,0,362.331
50
-943.5,0,-407
641.296,0,269.463
662.407,0,309.492
692.977,0,318.951
726.46,0,346.06
696.438,0,361.893
650.035,0,322.412
618.196,0,371.18
580.532,0,384.648
689.892,0,410.113
606.921,0,434.685
608.565,0,510.562
689.892,0,410.113
726.836,0,480.164
776.152,0,537.295
678.788,0,364.806
51
-945,0,-410.5
642.043,0,264.298
661.636,0,304.579
684.089,0,312.336
713.753,0,347.718
683.543,0,362.414
648.981,0,316.961
615.911,0,364.179
575.631,0,383.773
685.582,0,405.006
607.607,0,436.709
606.787,0,511.825
685.582,0,405.006
719.87,0,475.497
774.299,0,536.191
676.058,0,359.828
52
-944,0,-410
638.427,0,264.17
659.478,0,303.839
682.289,0,310.897
720.888,0,347.707
683.452,0,360.99
647.193,0,316.616
607.998,0,362.509
570.562,0,375.792
679.352,0,401.165
607.402,0,445.212
601.543,0,517.998
679.352,0,401.165
713.851,0,478.15
772.92,0,529.583
675.848,0,358.637
53
-962,0,-414.5
637.154,0,262.148
658.389,0,301.719
678.872,0,316.144
709.973,0,350.355
682.655,0,358.808
643.968,0,322.331
599.95,0,359.021
568.076,0,382.727
668.986,0,404.565
605.238,0,451.975
597.63,0,532.77
676.573,0,406.832
701.592,0,489.066
775.184,0,519.358
665.203,0,361.901
54
-989,0,-414.5
636.757,0,266.412
652.342,0,303.251
681.473,0,318.723
704.823,0,357.489
563.193,0,363.553
640.724,0,316.853
596.178,0,363.496
559.339,0,379.082
668.041,0,406.059
606.039,0,456.613
602.298,0,538.111
675.806,0,407.986
695.359,0,495.265
771.076,0,522.299
662.147,0,363.383
55
-998,0,-414.5
631.293,0,260.094
652.571,0,306.218
673.812,0,319.691
689.291,0,356.204
556.158,0,363.71
641.009,0,319.648
598.602,0,358.005
554.237,0,371.39
660.404,0,406.103
612.235,0,467.501
610.389,0,540.484
668.124,0,408.034
679.799,0,492.559
757.004,0,511.868
662.287,0,365.772
56
-1003,0,-414.5
631.012,0,258.193
643.923,0,310.283
675.147,0,317.287
682.003,0,359.819
557.909,0,364.776
634.366,0,316.338
592.635,0,356.169
556.158,0,372.582
654.133,0,410.959
614.955,0,475.96
622.613,0,551.467
669.745,0,414.461
666.095,0,503.83
738.1,0,511.784
656.834,0,362.372
57
-1003,0,-416.5
631.276,0,263.872
638.951,0,306.202
668.432,0,320.261
582.954,0,343.946
547.193,0,361.264
628.048,0,320.337
587.577,0,361.188
545.623,0,369.108
649.59,0,414.394
612.171,0,480.333
636.854,0,558.701
657.353,0,415.948
647.845,0,503.79
719.279,0,509.93
651.248,0,365.774
58
-975.5,0,-417
625.458,0,268.157
643.335,0,310.786
665.808,0,322.085
598.219,0,344.175
555.402,0,361.898
625.289,0,324.142
580.173,0,357.53
538.505,0,367.42
652.019,0,416.078
618.055,0,483.109
647.084,0,559.38
659.893,0,417.234
631.505,0,501.084
711.395,0,504.803
651.04,0,367.926
59
-985,0,-418
625.259,0,270.34
640.026,0,316.176
658.001,0,329.528
655.947,0,369.843
,,
625.518,0,326.319
574.162,0,357.905
535.002,0,363.683
655.05,0,417.99
618.46,0,495.411
661.344,0,569.107
655.05,0,417.99
618.46,0,495.411
692.414,0,508.505
648.115,0,370.999
60
-993,0,-418
618.534,0,274.539
633.986,0,318.038
655.702,0,330.495
654.067,0,378.623
854.474,0,305.991
623.095,0,331.993
570.27,0,353.639
529.903,0,353.571
653.999,0,418.99
622.821,0,493.461
672.377,0,568.07
646.239,0,417.424
597.974,0,496.524
675.577,0,512.182
646.307,0,377.057
61
-985.5,0,-419
613.416,0,280.805
626.504,0,319.01
644.3,0,332.615
650.586,0,379.718
639.076,0,413.215
620.749,0,335.758
566.844,0,350.942
527.592,0,356.18
655.824,0,418.97
627.048,0,502.712
661.593,0,522.073
647.974,0,420.018
585.701,0,492.249
636.994,0,517.365
642.736,0,380.766
62
-982,0,-418.5
611.087,0,276.96
622.634,0,323.433
638.947,0,330.048
642.646,0,377.137
630.649,0,425.459
623.251,0,331.281
561.698,0,351.91
521.841,0,347.144
646.345,0,424.226
636.814,0,503.941
688.835,0,563.027
646.345,0,424.226
571.563,0,477.48
630.816,0,528.102
634.798,0,377.753
63
-970,0,-419
608.648,0,273.997
622.55,0,318.456
643.904,0,331.795
595.609,0,328.458
595.321,0,295.485
618.825,0,334.017
559.065,0,344.387
518.509,0,342.903
654.369,0,424.788
641.618,0,512.222
694.214,0,565.945
637.029,0,428.862
567.956,0,478.133
618.689,0,539.636
640.466,0,380.328
64
-975.5,0,-424
604.336,0,278.722
618.163,0,323.018
631.757,0,334.503
593.085,0,325.127
585.117,0,290.44
614.413,0,338.487
554.648,0,348.564
515.976,0,339.189
642.068,0,427.08
646.52,0,510.048
706.753,0,565.595
634.334,0,425.205
565.193,0,473.954
596.598,0,547.079
628.241,0,382.784
65
-979,0,-425
605.717,0,280.128
612.197,0,322.658
625.84,0,334
581.327,0,315.567
580.774,0,282.606
610.405,0,330.455
551.011,0,341.436
510.633,0,340.369
629.29,0,425.085
644.04,0,502.348
704.541,0,557.288
629.29,0,425.085
553.223,0,473.278
567.972,0,550.541
622.811,0,382.555
66
-977,0,-424.5
596.454,0,272.221
612.396,0,322.947
626.837,0,333.318
574.387,0,308.744
579.471,0,277.481
611.125,0,330.763
544.464,0,343.99
506.455,0,329.786
628.568,0,421.846
647.282,0,505.113
705.046,0,546.596
620.712,0,420.568
547.696,0,472.874
542.842,0,552.308
619.211,0,380.212
67
-969.5,0,-424.5
594.219,0,275.347
610.2,0,318.664
615.037,0,335.697
564.99,0,302.052
580.13,0,264.623
607.256,0,334.225
447.654,0,368.501
504.64,0,322.87
614.406,0,424.225
640.061,0,501.608
442.608,0,480.37
614.406,0,424.225
548.168,0,476.164
524.197,0,560.276
613.985,0,383.851
68
-975,0,-423.5
592.375,0,275.241
601.651,0,324.691
608.428,0,333.642
565.627,0,295.71
578.821,0,257.339
447.219,0,343.91
450.788,0,376.522
447.58,0,400.183
424.04,0,396.992
434.386,0,438.555
452.578,0,481.181
439.733,0,399.119
539.96,0,484.998
420.123,0,484.813
609.858,0,382.028
69
-966,0,-426.5
581.184,0,287.714
435.048,0,335.383
420.615,0,354.244
412.468,0,377.916
404.322,0,401.588
453.909,0,349.816
463.148,0,376.824
456.477,0,411.594
432.805,0,403.448
616.988,0,514.488
460.521,0,484.47
443.903,0,401.972
541.16,0,496.336
422.416,0,495.185
434.665,0,374.964
70
-951.5,0,-425.5
442.556,0,313.678
585.416,0,326.549
430.003,0,354.645
421.231,0,378.227
412.459,0,401.809
463.564,0,351.021
472.177,0,378.386
469.603,0,406.958
441.031,0,404.383
605.947,0,516.732
473.067,0,491.466
452.218,0,403.176
536.408,0,501.604
439.505,0,495.089
591.454,0,382.485
71
-931.5,0,-430.5
448.156,0,307.967
454.631,0,339.936
446.371,0,347.483
437.041,0,378.738
428.068,0,402.09
477.984,0,348.91
525.759,0,343.148
495.574,0,310.108
451.777,0,403.161
589.393,0,512.323
479.821,0,483.619
585.415,0,425.033
534.785,0,494.02
447.852,0,490.094
587.199,0,385.518
72
-938,0,-431.5
464.306,0,303.805
470.915,0,336.507
455.666,0,345.262
449.173,0,369.266
438.33,0,399.822
488.368,0,338.652
494.977,0,371.353
499.21,0,308.096
460.131,0,395.415
573.773,0,508.594
499.558,0,478.212
477.583,0,397.561
536.665,0,493.403
466.856,0,484.822
582.239,0,382.08
73
-938,0,-431
468.754,0,311.433
475.446,0,335.361
458.98,0,350.286
449.976,0,373.443
440.972,0,396.601
490.756,0,343.979
497.062,0,375.755
492.683,0,304.741
464.515,0,397.757
477.898,0,445.614
499.9,0,478.161
480.211,0,398.528
530.52,0,495.398
467.738,0,492.315
473.519,0,374.599
74
-934.5,0,-430
560.365,0,281.446
485.767,0,342.397
469.448,0,349.725
460.457,0,373.371
451.133,0,405.011
501.753,0,343.062
508.415,0,375.367
507.085,0,407.339
475.112,0,406.009
489.435,0,446.64
511.751,0,487.603
578.024,0,434.312
535.065,0,504.587
479.446,0,494.265
484.436,0,374.369
75
-934.5,0,-428
553.44,0,282.975
564.727,0,329.304
479.791,0,349.998
469.992,0,376.925
460.193,0,403.852
558.887,0,338.906
510.481,0,375.24
510.284,0,408.007
483.357,0,398.208
494.645,0,444.537
490.49,0,494.629
500.682,0,402.167
494.645,0,444.537
490.49,0,494.629
570.175,0,385.235
76
-929.5,0,-428
545.371,0,278.755
560.564,0,324.985
485.99,0,355.03
479.244,0,376.629
476.211,0,405.313
557.191,0,335.784
492.736,0,333.432
484.969,0,301.374
494.097,0,404.973
495.458,0,476.514
534.941,0,482.92
569.691,0,428.584
538.995,0,507.891
502.884,0,490.687
565.298,0,385.727
77
-941,0,-428
544.581,0,273.216
557.862,0,317.933
563.617,0,327.674
493.441,0,375.708
487.463,0,398.952
555.869,0,325.681
487.908,0,332.984
490.124,0,292.252
564.942,0,418.878
489.01,0,457.172
541.253,0,478.869
564.942,0,418.878
550.77,0,506.097
577.554,0,562.548
559.409,0,376.154
78
-949,0,-429
541.102,0,267.267
551.285,0,308.587
558.017,0,317.507
502.307,0,373.554
490.105,0,403.766
541.27,0,323.145
485.392,0,323.314
481.941,0,290.915
552.716,0,412.517
477.903,0,433.977
536.138,0,474.034
560.542,0,413.611
556.335,0,500.795
585.622,0,576.702
551.453,0,364.465
79
-958.5,0,-428.5
534.001,0,261.164
545.357,0,306.977
555.014,0,312.688
547.639,0,249.679
424.122,0,482.911
539.484,0,316.538
475.471,0,324.299
481.538,0,282.272
544.772,0,404.379
474.887,0,421.701
530.745,0,480.798
554.43,0,410.09
565.591,0,488.37
586.409,0,572.362
550.84,0,362.351
80
-945.5,0,-428.5
542.859,0,247.904
545.701,0,296.224
552.769,0,304.981
524.806,0,342.008
542.014,0,255.816
536.099,0,311.203
479.867,0,313.201
475.334,0,280.706
549.696,0,408.688
468.881,0,416.063
510.441,0,476.52
549.696,0,408.688
573.74,0,483.28
589.027,0,564.94
546.854,0,360.368
81
-946,0,-428.5
535.133,0,243.462
541.056,0,291.512
548.67,0,299.802
530.737,0,346.838
478.116,0,272.903
532.766,0,299.126
476.426,0,312.663
478.116,0,272.903
544.612,0,395.226
464.416,0,407.749
501.471,0,473.056
544.274,0,403.178
573.039,0,476.099
593.514,0,556.633
538.689,0,347.176
82
-947.5,0,-428.5
529.835,0,239.234
534.931,0,287.384
550.347,0,296.28
538.256,0,231.763
480.735,0,260.221
526.51,0,294.855
470.414,0,299.475
480.735,0,260.221
544.647,0,391.629
464.239,0,402.771
484.276,0,467.762
536.701,0,391.154
571.68,0,472.988
599.188,0,546.4
539.551,0,343.48
83
-946.5,0,-430.5
530.305,0,230.994
534.813,0,279.201
553.427,0,352.355
559.631,0,376.74
557.369,0,408.503
577.131,0,354.044
583.336,0,378.429
581.073,0,410.191
565.27,0,409.066
455.214,0,393.245
481.729,0,466.962
573.172,0,409.629
561.311,0,464.65
604.195,0,531.553
567.533,0,377.303
84
-950.5,0,-428.5
571.584,0,312.396
531.902,0,271.306
563.14,0,351.093
558.074,0,374.312
559.059,0,406.958
588.048,0,348.42
589.032,0,381.067
591.706,0,405.974
566.799,0,408.647
458.446,0,385.005
474.205,0,461.415
583.966,0,404.285
583.262,0,444.671
606.761,0,522.77
573.553,0,377.689
85
-963.5,0,-429.5
576.021,0,309.615
582.688,0,341.743
566.463,0,349.053
565.179,0,380.861
556.264,0,404.395
598.271,0,350.337
596.986,0,382.145
596.023,0,406
572.168,0,405.037
453.532,0,384.317
466.546,0,456.526
588.071,0,405.679
586.466,0,445.439
593.455,0,469.615
581.083,0,381.503
86
-969,0,-430.5
584.777,0,317.054
591.743,0,341.374
583.408,0,349.025
574.047,0,380.653
565.028,0,404.289
607.386,0,350.051
606.018,0,382.022
604.649,0,413.992
581.013,0,404.973
578.96,0,452.929
601.227,0,493.919
596.998,0,405.658
602.938,0,453.956
601.227,0,493.919
590.032,0,381.337
87
-979.5,0,-430.5
593.511,0,318.124
600.264,0,342.159
592,0,349.667
582.603,0,380.832
573.584,0,404.111
615.657,0,350.8
614.146,0,382.343
613.012,0,406
589.355,0,404.867
579.203,0,451.803
601.349,0,484.479
605.127,0,405.622
539.774,0,449.914
609.234,0,484.857
598.375,0,381.588
88
-988.5,0,-430.5
601.774,0,317.701
608.748,0,341.845
600.416,0,349.436
591.064,0,380.83
582.053,0,404.289
624.394,0,350.463
623.035,0,382.199
621.676,0,413.934
598.038,0,404.974
596,0,452.577
610.627,0,484.997
614.023,0,405.658
619.978,0,453.604
618.619,0,485.339
607.05,0,381.514
89
-999.5,0,-430.5
611.432,0,318.634
618.205,0,342.804
609.891,0,350.347
600.423,0,381.674
591.339,0,405.074
633.676,0,351.502
632.135,0,383.215
630.595,0,414.928
607.195,0,405.844
596.956,0,453.028
619.585,0,477.968
630.98,0,407
533.916,0,442.018
626.358,0,502.137
616.279,0,382.445
90
-1009.5,0,-430.5
617.37,0,318.674
623.117,0,342.702
614.655,0,349.806
611.94,0,380.938
602.121,0,403.608
638.004,0,351.842
643.072,0,383.653
633.253,0,406.323
617.687,0,404.965
606.511,0,443.202
626.466,0,484.152
633.253,0,406.323
629.86,0,445.238
633.57,0,492.614
627.506,0,382.295
91
-1019.5,0,-430.5
629.12,0,315.079
633.997,0,346.894
625.501,0,353.943
614.832,0,384.31
612.66,0,407.629
648.819,0,356.115
646.647,0,379.433
643.752,0,410.524
628.206,0,409.077
616.813,0,447.217
637.96,0,472.707
644.475,0,402.752
640.132,0,449.388
644.285,0,488.976
631.102,0,377.985
92
-1029.5,0,-432.5
640.351,0,318.87
646.323,0,343.019
629.392,0,357.456
627.522,0,380.982
617.81,0,403.884
653.542,0,351.484
658.89,0,383.475
648.555,0,414.219
633.494,0,405.131
622.536,0,443.717
650.786,0,485.42
649.178,0,406.377
653.28,0,454.052
658.005,0,493.885
643.206,0,382.228
93
-1038.5,0,-432.5
643.666,0,313.341
651.109,0,344.894
643.22,0,352.672
635.064,0,384.048
626.997,0,407.558
666.619,0,352.937
666.262,0,384.401
658.106,0,415.778
642.596,0,407.735
634.35,0,446.977
657.303,0,486.573
658.195,0,407.912
665.459,0,455.197
665.013,0,494.528
650.663,0,384.225
94
-1050.5,0,-432.5
658.303,0,314.174
656.067,0,345.561
647.728,0,352.854
645.493,0,384.241
636.036,0,407.227
671.069,0,354.516
676.614,0,386.457
667.157,0,409.444
651.596,0,408.335
641.022,0,447.015
661.568,0,487.912
667.157,0,409.444
672.143,0,449.232
676.57,0,496.867
661.612,0,377.502
95
-1059.5,0,-432.5
661.472,0,315.339
668.981,0,346.892
661.026,0,354.669
652.803,0,386.045
644.669,0,409.554
684.625,0,354.937
684.268,0,386.402
676.134,0,409.911
660.402,0,409.732
652.09,0,448.974
667.376,0,488.483
676.134,0,409.911
683.554,0,449.331
683.019,0,496.528
668.625,0,378.357
96
-1070.5,0,-432.5
676.257,0,322.003
682.543,0,346.116
665.456,0,360.661
663.763,0,384.201
654.09,0,407.166
689.958,0,354.537
695.68,0,386.496
686.008,0,409.462
670.049,0,408.314
659.248,0,446.972
679.8,0,495.772
693.987,0,410.035
691.165,0,449.267
695.758,0,496.92
679.722,0,385.348
97
-1081.5,0,-433.5
676.535,0,322.297
682.775,0,346.16
674.478,0,353.429
672.42,0,384.561
663.094,0,407.395
697.827,0,354.972
703.552,0,386.618
694.226,0,409.453
678.66,0,408.424
668.305,0,446.825
680.785,0,494.552
694.226,0,409.453
699.437,0,448.882
704.134,0,496.095
687.986,0,385.589
98
-1091.5,0,-435.5
690.57,0,323.057
695.592,0,347.788
686.025,0,362.798
683.298,0,386.643
672.822,0,409.601
710.182,0,357.509
706.547,0,389.302
696.07,0,412.26
688.321,0,411.374
676.027,0,450.229
686.072,0,499.69
703.82,0,413.146
707.025,0,453.773
717.07,0,503.235
691.048,0,387.529
99
-1105.5,0,-439.5
697.795,0,317.823
703.86,0,349.456
695.395,0,356.749
693.475,0,387.89
684.05,0,410.753
719.349,0,358.226
717.429,0,389.367
708.004,0,412.23
692.034,0,411.245
689.634,0,450.171
694.738,0,497.375
715.989,0,412.722
721.573,0,452.141
726.678,0,499.345
701.94,0,380.597
100
-1114.5,0,-439.5
702.546,0,323.566
708.775,0,347.628
699.955,0,362.814
698.4,0,386.362
689.063,0,409.397
723.822,0,356.505
729.533,0,388.418
712.412,0,410.939
704.629,0,410.425
694.255,0,449.159
698.929,0,496.77
720.195,0,411.452
725.387,0,451.214
737.844,0,499.339
713.967,0,387.39
101
-1124.5,0,-439.5
714.603,0,323.184
719.728,0,347.311
710.227,0,361.937
707.601,0,385.19
697.225,0,407.567
734.354,0,356.812
738.604,0,388.69
720.477,0,410.192
711.851,0,417.068
707.475,0,455.821
703.099,0,494.575
728.228,0,411.067
739.353,0,451.571
741.853,0,498.951
723.103,0,386.94
102
-1134.5,0,-439.5
719.418,0,318.703
725.341,0,350.313
717.089,0,357.634
715.226,0,388.778
706.043,0,411.67
740.448,0,359.031
739.05,0,382.389
729.401,0,413.068
721.615,0,412.602
711.5,0,451.067
708.705,0,497.783
737.187,0,413.533
742.644,0,452.93
755.422,0,500.578
723.012,0,389.244
103
-1146.5,0,-442.5
730.015,0,324.609
735.289,0,348.898
725.877,0,363.724
723.395,0,387.193
720.912,0,410.662
749.975,0,358.362
754.421,0,390.475
736.425,0,412.303
728.669,0,411.482
723.703,0,458.42
710.981,0,504.538
744.182,0,413.123
755.557,0,453.88
766.105,0,502.459
738.908,0,388.834
104
-1155.5,0,-443.5
735.195,0,324.386
741.254,0,348.492
732.327,0,363.615
730.607,0,387.152
721.107,0,410.121
756.239,0,357.475
761.724,0,389.426
743.872,0,419.672
736.092,0,419.104
733.225,0,458.332
722.005,0,504.838
752.224,0,412.395
764.342,0,460.607
769.254,0,500.404
746.166,0,388.289
105
-1163.5,0,-443.5
747.126,0,325.856
752.651,0,350.112
743.285,0,365.002
740.981,0,388.489
730.848,0,411.208
767.541,0,359.477
764.468,0,390.793
754.335,0,413.512
746.506,0,412.744
741.897,0,459.719
729.459,0,505.925
762.164,0,414.28
773.981,0,454.962
785.031,0,503.473
748.81,0,389.257
106
-1168.5,0,-443
753.69,0,325.218
759.596,0,349.383
750.466,0,364.419
747.887,0,395.78
738.112,0,418.656
774.631,0,358.513
772.052,0,389.874
761.633,0,420.59
753.793,0,419.945
750.569,0,459.146
731.02,0,504.898
770.118,0,413.395
781.929,0,461.725
794.386,0,502.216
764.212,0,389.229
107
-1182,0,-445.5
761.414,0,326.984
767.125,0,351.196
757.874,0,366.158
755.749,0,389.662
745.79,0,412.458
782.086,0,360.447
779.254,0,391.786
769.295,0,414.582
761.46,0,413.874
757.211,0,460.882
745.128,0,507.183
777.129,0,415.29
789.258,0,455.88
800.679,0,504.305
771.419,0,391.078
108
-1194,0,-445.5
768.701,0,325.975
774.355,0,350.179
765.176,0,365.15
762.357,0,396.491
752.474,0,419.297
781.419,0,358.713
786.368,0,390.752
775.78,0,421.393
768.011,0,420.695
764.487,0,459.87
752.489,0,506.181
784.253,0,414.257
795.561,0,462.665
807.574,0,503.238
770.831,0,389.354
109
-1203,0,-445.5
775.863,0,329.183
781.727,0,353.337
773.315,0,360.546
770.768,0,391.909
761.083,0,414.801
796.639,0,362.44
794.091,0,393.804
784.406,0,416.695
776.632,0,416.063
772.811,0,463.108
761.216,0,509.522
792.181,0,417.326
804.546,0,457.793
816.273,0,506.101
778.543,0,392.541
110
-1207.5,0,-445.5
785.043,0,327.598
790.599,0,351.652
781.254,0,366.414
778.98,0,389.703
768.877,0,412.228
797.671,0,360.179
802.469,0,391.996
791.607,0,422.284
783.778,0,421.52
779.988,0,460.335
767.612,0,506.149
800.195,0,415.285
812.064,0,455.63
831.005,0,504.501
786.81,0,390.467
111
-1219,0,-445
789.519,0,329.303
795.497,0,353.429
786.521,0,368.522
784.721,0,392.053
775.145,0,414.99
810.452,0,362.462
808.053,0,393.837
797.877,0,424.617
790.1,0,424.023
787.101,0,463.242
775.725,0,509.71
806.254,0,417.368
818.81,0,457.777
830.766,0,506.028
800.276,0,393.242
112
-1228,0,-446.5
798.848,0,329.933
804.454,0,354.169
795.139,0,369.091
792.913,0,392.586
782.856,0,415.338
819.376,0,363.485
816.408,0,394.811
806.351,0,417.564
798.519,0,416.822
794.068,0,463.812
790.358,0,502.97
814.182,0,418.306
826.136,0,458.948
845.18,0,508.163
800.745,0,393.327
113
-1234.5,0,-446.5
804.048,0,328.056
809.872,0,352.241
800.692,0,367.246
798.679,0,390.76
796.666,0,414.274
824.877,0,361.421
822.193,0,392.773
819.509,0,424.125
803.833,0,422.783
800.478,0,461.973
796.452,0,509.001
820.18,0,416.287
831.83,0,464.657
851.989,0,505.86
814.355,0,392.102
114
-1241.5,0,-446.5
811.654,0,329.064
817.578,0,353.268
808.244,0,368.249
814.169,0,392.453
804.153,0,415.271
832.836,0,362.492
838.078,0,394.534
827.381,0,425.189
812.123,0,415.965
808.032,0,462.987
803.941,0,510.009
828.063,0,417.351
839.912,0,465.761
860.412,0,507.026
822.139,0,393.147
115
-1248.5,0,-446.5
819.037,0,326.803
823.85,0,358.879
815.265,0,365.955
812.247,0,397.276
809.984,0,420.767
838.756,0,368.218
836.493,0,391.709
833.475,0,423.031
817.814,0,421.522
814.042,0,460.674
817.346,0,508.411
834.23,0,415.2
845.364,0,463.692
865.083,0,505.107
828.662,0,390.955
116
-1255.5,0,-446.5
824.759,0,327.858
830.91,0,352.397
821.716,0,367.742
827.259,0,400.258
817.456,0,423.58
846.255,0,361.591
851.798,0,394.107
841.387,0,425.405
825.433,0,424.188
830.367,0,464.681
826.716,0,512.542
841.995,0,417.428
854.298,0,466.506
875.185,0,508.216
835.844,0,392.889
117
-1261.5,0,-446.5
832.679,0,327.567
838.396,0,351.646
828.936,0,366.419
833.904,0,398.268
823.695,0,420.813
853.574,0,360.951
858.542,0,392.8
847.585,0,423.114
831.658,0,421.58
835.13,0,468.97
831.386,0,507.822
848.333,0,415.344
859.768,0,463.501
887.877,0,505.422
842.616,0,391.265
118
-1269.5,0,-446.5
836.161,0,325.736
841.436,0,357.487
833.029,0,364.642
838.305,0,396.394
828.644,0,419.111
856.373,0,366.521
862.275,0,390.491
851.988,0,420.99
836.426,0,419.737
840.449,0,467.052
845.098,0,506.584
851.988,0,420.99
864.419,0,461.149
892.412,0,502.561
846.712,0,389.239
119
-1277,0,-446.5
845.63,0,327.565
850.89,0,360.128
842.241,0,367.421
847.501,0,399.984
837.496,0,423.22
866.832,0,361.484
872.092,0,394.046
861.41,0,425.254
845.468,0,423.898
850.05,0,464.432
853.954,0,512.937
862.088,0,417.282
873.964,0,466.465
902.459,0,509.033
856.15,0,392.691
120
-1286.5,0,-448.5
857.369,0,327.422
863.15,0,351.631
853.935,0,366.626
851.188,0,397.99
841.287,0,420.826
870.304,0,360.159
875.398,0,392.21
864.81,0,422.887
856.969,0,422.2
853.535,0,461.405
857.255,0,509.137
873.337,0,415.732
877.058,0,463.465
904.988,0,505.417
859.716,0,390.836
121
-1294,0,-448.5
863.398,0,326.234
868.531,0,358.009
860.091,0,365.126
857.446,0,396.24
847.683,0,418.914
876.309,0,358.671
881.442,0,390.446
871.018,0,420.898
855.461,0,419.575
867.05,0,467.568
863.743,0,506.46
871.68,0,413.119
875.49,0,460.451
911.075,0,502.65
865.885,0,389.123
122
-1304,0,-449.5
862.847,0,327.949
870.592,0,359.964
862.77,0,367.949
862.709,0,399.949
854.857,0,423.934
886.189,0,367.994
886.143,0,391.994
878.276,0,423.979
870.469,0,423.964
870.378,0,471.964
870.301,0,511.963
886.082,0,423.993
886.006,0,463.993
917.155,0,504.053
870.531,0,391.964
123
-1311,0,-449.5
878.593,0,328.202
882.777,0,352.594
872.401,0,366.74
876.585,0,391.132
863.733,0,420.693
897.336,0,362.84
900.281,0,394.939
887.429,0,424.501
871.631,0,421.962
881.237,0,463.039
881.705,0,510.553
896.566,0,418.062
897.034,0,465.577
923.675,0,501.484
884.484,0,392.401
124
-1320,0,-451.5
885.778,0,321.735
891.848,0,354.157
882.905,0,369.649
881.469,0,393.606
872.046,0,417.084
899.355,0,362.621
905.426,0,395.043
895.525,0,426.506
887.539,0,426.028
885.145,0,465.956
890.257,0,514.349
896.003,0,418.521
901.116,0,466.914
931.143,0,500.772
889.454,0,394.085
125
-1327,0,-451
888.555,0,320.937
894.49,0,352.572
885.768,0,367.693
884.375,0,391.071
875.189,0,413.984
901.818,0,360.83
907.753,0,392.464
898.102,0,423.17
890.31,0,422.706
895.78,0,462.134
893.457,0,501.097
906.359,0,415.842
903.572,0,462.598
932.885,0,495.627
892.168,0,391.535
126
-1335,0,-450.5
893.898,0,327.267
899.483,0,351.941
889.939,0,367.071
894.734,0,399.705
884.398,0,422.796
914.613,0,361.485
919.407,0,394.119
908.28,0,425.171
900.319,0,424.379
904.322,0,464.974
908.324,0,505.57
909.072,0,417.21
912.283,0,465.766
940.959,0,500.776
903.486,0,392.536
127
-1342.5,0,-451
902.148,0,320.959
906.425,0,353.666
896.643,0,368.642
900.92,0,401.349
890.22,0,424.273
921.402,0,363.448
925.679,0,396.154
914.062,0,427.025
907.032,0,418.161
909.474,0,466.762
912.834,0,507.415
914.979,0,419.078
917.421,0,467.679
945.54,0,503.138
909.785,0,394.319
128
-1350,0,-452
905.073,0,327.469
918.84,0,352.816
909.427,0,368.028
906.536,0,399.897
896.401,0,423.076
926.084,0,361.506
931.161,0,394.098
920.303,0,425.244
913.058,0,416.554
916.69,0,465.081
921.767,0,497.673
921.026,0,417.277
924.657,0,465.803
953.636,0,500.563
915.226,0,392.653
129
-1360,0,-451.5
915.859,0,326.06
919.615,0,358.31
910.642,0,365.046
914.398,0,397.296
895.409,0,418.565
935.473,0,360.432
939.229,0,392.682
927.126,0,422.809
919.197,0,421.748
921.909,0,461.795
933.595,0,495.106
928.17,0,415.012
929.839,0,462.856
957.383,0,498.289
923.37,0,390.56
130
-1369.5,0,-453
918.864,0,321.259
923.978,0,353.272
914.878,0,368.291
912.885,0,391.806
903.119,0,414.663
938.858,0,362.428
943.973,0,394.441
933.544,0,425.137
918.664,0,415.981
930.222,0,464.33
935.337,0,496.342
934.208,0,417.298
930.222,0,464.33
957.989,0,506.157
928.429,0,393.124
131
-1376,0,-452
923.995,0,327.207
938.077,0,352
928.857,0,367.051
918.392,0,397.785
908.549,0,420.678
945.429,0,360.475
950.914,0,392.476
940.449,0,423.211
933.096,0,414.736
937.336,0,462.421
950.795,0,495.055
941.071,0,415.369
937.336,0,462.421
966.123,0,504.163
934.964,0,391.21
132
-1384.5,0,-452
936.251,0,324.24
939.447,0,357.069
930.356,0,363.803
925.64,0,395.454
914.19,0,418.013
954.093,0,367.34
958.469,0,392.257
945.84,0,422.729
937.928,0,421.55
947.858,0,463.471
965.701,0,506.571
947.019,0,414.816
946.679,0,471.383
973.614,0,507.75
942.644,0,389.899
133
-1390,0,-452.5
942.96,0,326.835
949.394,0,350.732
940.38,0,365.782
930.333,0,396.411
920.803,0,419.25
956.861,0,359.05
962.779,0,390.736
952.733,0,421.365
944.75,0,420.836
950.153,0,460.312
971.521,0,500.845
953.249,0,413.576
950.153,0,460.312
978.987,0,509.163
946.814,0,389.679
134
-1400.5,0,-452.5
948.92,0,327.595
955.301,0,352.075
946.252,0,367.506
936.136,0,398.902
926.553,0,422.315
962.75,0,360.591
968.598,0,393.053
958.482,0,424.449
950.5,0,423.915
955.815,0,464.36
977.094,0,505.871
959.016,0,416.466
955.815,0,464.36
976.56,0,513.853
952.634,0,391.986
135
-1407,0,-452.5
951.867,0,319.893
957.693,0,351.548
948.92,0,366.639
939.164,0,397.312
929.899,0,420.194
964.993,0,359.831
970.819,0,391.486
961.063,0,422.159
953.764,0,413.876
966.398,0,461.605
972.224,0,493.26
969.346,0,414.859
958.607,0,461.113
979.524,0,501.542
955.237,0,390.503
136
-1415,0,-453.5
953.218,0,322.111
965.565,0,354.767
957.003,0,361.736
946.052,0,392.003
935.897,0,414.504
972.534,0,363.329
977.115,0,395.188
966.96,0,417.689
959.194,0,416.893
970.744,0,457.314
982.294,0,497.735
974.726,0,418.485
962.182,0,464.283
981.498,0,505.501
962.379,0,385.83
137
-1423.5,0,-455
962.903,0,324.133
967.297,0,348.425
965.075,0,363.879
952.904,0,393.676
941.844,0,415.746
981.64,0,358.374
984.923,0,390.393
972.752,0,420.19
966.136,0,411.352
974.925,0,459.936
984.824,0,500.793
981.59,0,413.574
967.198,0,458.825
983.713,0,508.52
969.469,0,388.171
138
-1432,0,-455.5
967.164,0,320.581
971.066,0,352.531
970.104,0,360.278
958.512,0,390.305
947.881,0,412.585
985.598,0,362.2
989.5,0,394.15
977.908,0,424.177
971.122,0,415.468
988.596,0,464.835
992.498,0,496.784
986.616,0,417.391
973.102,0,462.912
985.712,0,488.076
974.006,0,392.227
139
-1439,0,-455.5
975.31,0,326.294
980.258,0,350.673
970.542,0,365.337
966.728,0,396.571
956.058,0,419.044
994.922,0,360.389
998.916,0,392.577
987.293,0,422.858
980.438,0,414.096
990.333,0,462.855
1001.18,0,503.806
988.246,0,415.05
982.525,0,461.902
994.327,0,495.043
983.299,0,390.67
140
-1447,0,-455.5
978.525,0,325.715
983.949,0,349.993
982.348,0,365.644
971.32,0,396.147
961.092,0,418.824
998.8,0,359.42
1003.42,0,391.524
992.395,0,422.026
985.37,0,413.4
996.218,0,461.956
1007.87,0,502.686
1001.02,0,415.001
988.392,0,461.155
1000.84,0,494.06
987.772,0,389.922
141
-1454,0,-455.5
982.685,0,322.987
994.248,0,348.623
984.001,0,362.738
978.898,0,393.517
967.376,0,415.326
1000.67,0,357.594
1010.95,0,390.926
990.461,0,419.154
991.737,0,411.459
1007.17,0,461.456
1016.18,0,502.482
999.432,0,412.735
991.777,0,458.904
1003.34,0,484.541
995.564,0,388.374
142
-1460,0,-455.5
993.188,0,323.847
997.593,0,348.33
987.553,0,362.774
983.045,0,393.916
971.879,0,416.146
1012.04,0,358.37
1015.31,0,390.639
1003.02,0,420.654
1004.15,0,412.868
1012.96,0,461.835
1022.89,0,503.017
1011.93,0,413.995
997.386,0,459.581
1008.45,0,492.977
999.743,0,388.385
143
-1467,0,-455.5
992.329,0,322.197
1003.99,0,348.052
993.657,0,362.287
988.51,0,393.33
976.889,0,415.326
1018.23,0,358.387
1020.84,0,390.716
1007.93,0,420.472
1009.22,0,412.712
1017.02,0,461.849
1026.11,0,503.226
1016.98,0,413.998
1001.5,0,459.276
1013.16,0,485.132
1005.32,0,388.143
144
-1474,0,-455.5
1002.83,0,320.886
1011.18,0,355.062
1001.76,0,360.984
994.771,0,391.665
981.858,0,412.927
1018.85,0,356.809
1019.53,0,389.237
1012.54,0,419.918
1014.29,0,412.247
1026.81,0,463.511
1033.41,0,505.356
1021.96,0,413.995
1003.8,0,458.268
1019.82,0,494.191
1011.86,0,387.49
145
-1480,0,-455.5
1009.76,0,321.946
1012.42,0,354.823
1011.11,0,362.716
1005.87,0,394.285
994.057,0,416.653
1026.89,0,365.333
1030.86,0,390.318
1017.73,0,420.578
1017.73,0,420.578
1034.87,0,463.965
1044.11,0,506.043
1026.93,0,413.995
1009.88,0,467.932
1029.63,0,495.534
1022.97,0,389.009
146
-1486,0,-455.5
1009.82,0,316.656
1021.22,0,349.656
1011.44,0,364.114
1007.35,0,395.071
996.552,0,417.269
1027.94,0,358.416
1031.59,0,390.394
1019.77,0,420.331
1020.79,0,412.592
1037.88,0,462.091
1048.26,0,502.83
1028.53,0,413.613
1014.67,0,459.028
1018.32,0,491.007
1023.85,0,389.374
147
-1492,0,-455.5
1015.92,0,319.927
1026.6,0,353.164
1017.7,0,359.692
1012.95,0,390.555
1001.67,0,412.515
1034.32,0,354.351
1037.28,0,386.401
1024.82,0,416.076
1032.54,0,417.263
1042.03,0,458.216
1051.53,0,499.168
1033.72,0,409.548
1017.7,0,462.37
1020.66,0,494.42
1029.57,0,385.214
148
-1498,0,-455.5
1023.68,0,319.346
1025.7,0,351.469
1024.29,0,359.147
1018.63,0,389.856
1006.72,0,411.475
1039.64,0,361.974
1043.08,0,386.42
1029.75,0,415.716
1029.75,0,415.716
1045.71,0,458.343
1061.68,0,500.971
1038.84,0,409.452
1030.36,0,455.516
1023.29,0,493.903
1035.4,0,385.006
149
-1504,0,-455.5
1022.2,0,320.825
1034.18,0,353.617
1025.54,0,360.49
1022.01,0,391.516
1011.6,0,413.902
1041.94,0,354.5
1046.16,0,386.408
1034.87,0,416.551
1042.63,0,417.434
1053.73,0,457.982
1065.71,0,490.773
1043.51,0,409.677
1029.58,0,463.089
1025.16,0,501.871
1038.41,0,385.525
150
-1510.5,0,-455.5
1032.28,0,319.474
1042.62,0,346.401
1039.11,0,362.011
1032.08,0,393.23
1019.01,0,414.888
1048.67,0,355.963
1057.25,0,390.695
1042.42,0,420.157
1051.98,0,414.109
1058.81,0,456.646
1079.49,0,510.501
1051.98,0,414.109
1041.44,0,460.938
1030.9,0,507.766
1049.45,0,388.938
151
-1516.5,0,-455.5
1033.09,0,316.567
1042.08,0,350.598
1040.48,0,358.304
1034.06,0,389.127
1021.54,0,410.64
1055.89,0,361.512
1057.18,0,393.939
1044.66,0,415.452
1053.97,0,409.351
1067.46,0,460.398
1084.16,0,496.034
1053.97,0,409.351
1042.74,0,463.291
1034.72,0,501.82
1051.08,0,384.629
152
-1522.5,0,-455.5
1036.89,0,319.864
1047.07,0,346.357
1043.61,0,361.715
1036.7,0,392.43
1023.83,0,413.739
1060.7,0,357.493
1061.46,0,389.936
1054.55,0,420.652
1056.28,0,412.973
1070.67,0,456.552
1085.07,0,500.132
1056.28,0,412.973
1045.91,0,459.046
1035.54,0,505.12
1053.78,0,388.208
153
-1528,0,-455.5
1040.98,0,316.551
1057.68,0,352.187
1048.37,0,358.289
1041.95,0,389.112
1037.14,0,412.229
1063.78,0,361.497
1066.67,0,386.218
1060.25,0,417.041
1060.25,0,417.041
1075.35,0,460.383
1092.05,0,496.018
1061.86,0,409.336
1050.63,0,463.276
1042.61,0,501.805
1058.96,0,384.614
154
-1534,0,-455.5
1044.96,0,316.562
1061.67,0,352.192
1052.37,0,358.297
1045.96,0,389.122
1041.16,0,412.241
1067.78,0,361.5
1069.08,0,393.926
1064.28,0,417.045
1073.58,0,410.94
1079.39,0,460.381
1096.1,0,496.011
1064.28,0,417.045
1054.67,0,463.283
1046.66,0,501.815
1062.98,0,384.619
155
-1540,0,-455.5
1052.75,0,316.568
1060.46,0,350.62
1058.59,0,358.2
1051.13,0,388.522
1045.54,0,411.263
1068.04,0,352.485
1075.74,0,386.536
1068.28,0,416.858
1077.72,0,411.142
1083.56,0,452.774
1104.56,0,498.136
1070.14,0,409.277
1058.95,0,454.76
1049.63,0,492.662
1068.16,0,384.671
156
-1545,0,-455.5
1054.05,0,319.861
1064.2,0,346.365
1060.72,0,361.719
1055.52,0,384.75
1048.57,0,415.459
1077.81,0,357.515
1078.55,0,389.959
1071.6,0,420.668
1073.34,0,412.99
1087.69,0,456.585
1111.45,0,494.238
1073.34,0,412.99
1062.92,0,459.053
1054.24,0,497.438
1070.87,0,388.223
157
-1551,0,-455.5
1057.2,0,316.646
1067.7,0,342.935
1064.51,0,358.35
1058.12,0,389.179
1053.34,0,412.302
1081.39,0,353.808
1081.06,0,393.929
1076.27,0,417.051
1077.87,0,409.343
1091.22,0,460.337
1109.37,0,488.209
1077.87,0,409.343
1066.69,0,463.295
1066.36,0,503.416
1075.01,0,384.638
158
-1556,0,-455.5
1062.66,0,313.039
1071.11,0,346.914
1069.41,0,354.533
1062.62,0,385.011
1057.52,0,407.869
1077.03,0,356.232
1085.47,0,390.106
1078.68,0,420.584
1089.7,0,407.044
1094.74,0,456.157
1112.51,0,484.111
1080.38,0,412.965
1070.19,0,458.681
1061.69,0,496.778
1079.55,0,380.788
159
-1562,0,-455.5
1066.35,0,312.863
1074.54,0,346.799
1072.79,0,354.406
1065.77,0,384.832
1060.5,0,407.652
1088,0,357.916
1088.59,0,390.098
1081.57,0,420.524
1092.68,0,407.066
1097.36,0,456.216
1114.92,0,484.301
1083.32,0,412.917
1072.79,0,458.557
1069.87,0,505.952
1082.74,0,380.736
160
-1567,0,-455.5
1068.73,0,311.187
1085.31,0,347.139
1083.6,0,354.821
1076.75,0,385.551
1071.61,0,408.598
1091.41,0,356.562
1092.36,0,389.032
1085.51,0,419.762
1095.03,0,413.82
1102.09,0,455.713
1120.38,0,483.982
1087.23,0,412.079
1076.95,0,458.174
1074.48,0,506.009
1084.56,0,387.291
161
-1572,0,-455.5
1072.81,0,313.694
1089.37,0,350.105
1087.65,0,357.918
1080.77,0,389.17
1075.62,0,412.609
1095.47,0,359.637
1096.4,0,392.609
1089.52,0,423.861
1100.77,0,409.954
1106.08,0,460.271
1124.36,0,488.869
1092.96,0,408.235
1080.93,0,462.926
1078.42,0,511.524
1090.31,0,383.076
162
-1577.5,0,-455.5
1075.2,0,313.275
1090.47,0,349.353
1088.56,0,356.928
1082.83,0,379.655
1075.19,0,409.956
1098.1,0,351.279
1098.1,0,383.506
1090.46,0,413.807
1100,0,408.157
1105.72,0,449.885
1130.54,0,480.314
1090.46,0,413.807
1086.63,0,461.185
1084.72,0,500.987
1090.46,0,381.58
163
-1583,0,-455.5
1083.44,0,312.817
1092.84,0,346.643
1099.11,0,355.903
1092.83,0,386.516
1080.29,0,407.87
1099.11,0,355.903
1100.67,0,388.123
1094.39,0,418.736
1105.37,0,405.036
1111.63,0,454.169
1130.43,0,481.949
1095.96,0,411.083
1094.38,0,458.61
1094.38,0,498.483
1102.24,0,380.47
164
-1588.5,0,-454.5
1084.95,0,310.123
1095,0,344.459
1101.45,0,353.755
1103.63,0,386.668
1097.93,0,418.157
1101.45,0,353.755
1103.63,0,386.668
1097.93,0,418.157
1107.23,0,411.709
1106.56,0,460.366
1133.78,0,489.678
1099.36,0,410.285
1097.26,0,466.815
1099.44,0,499.728
1103.63,0,386.668
165
-1594,0,-454.5
1087.04,0,312.992
1098.49,0,339.467
1104.93,0,348.769
1107.08,0,381.684
1099.92,0,421.038
1103.5,0,356.64
1105.65,0,389.555
1099.92,0,421.038
1110.66,0,406.728
1109.94,0,455.384
1145,0,486.153
1101.35,0,413.167
1100.64,0,461.824
1101.35,0,502.61
1107.08,0,381.684
166
-1599,0,-454.5
1092.31,0,311.895
1103.4,0,338.52
1100.33,0,354.222
1102.04,0,387.163
1103.75,0,420.103
1108.18,0,355.758
1109.89,0,388.698
1103.75,0,420.103
1106.82,0,404.401
1113.31,0,454.579
1140.11,0,484.275
1106.82,0,404.401
1103.93,0,460.895
1104.1,0,501.687
1103.58,0,379.312
167
-1604,0,-454.5
1090.73,0,307.534
1109.48,0,342.868
1108.24,0,350.771
1111.18,0,383.624
1106.22,0,415.238
1108.24,0,350.771
1111.18,0,383.624
1106.22,0,415.238
1107.46,0,407.334
1115.83,0,457.234
1143.72,0,485.905
1107.46,0,407.334
1107.93,0,455.994
1109.63,0,496.751
1112.42,0,375.721
168
-1609,0,-454
1093.99,0,303
1104.11,0,337.143
1110.5,0,346.324
1112.91,0,379.176
1106.3,0,418.625
1110.5,0,346.324
1111.59,0,387.065
1106.3,0,418.625
1108.94,0,402.845
1116.41,0,452.768
1143.27,0,481.605
1108.94,0,402.845
1107.39,0,459.366
1108.48,0,500.107
1112.91,0,379.176
169
-1614,0,-453
1100.03,0,306.661
1110.86,0,339.88
1109.7,0,347.606
1112.8,0,379.669
1108.18,0,410.574
1109.7,0,347.606
1112.8,0,379.669
1108.18,0,410.574
1117.06,0,404.005
1110.12,0,450.363
1145.28,0,479.325
1109.33,0,402.848
1110.12,0,450.363
1119.79,0,491.308
1113.96,0,371.942
170
-1618.5,0,-452.5
1101.49,0,308.699
1112.66,0,342.513
1119.32,0,351.493
1115.01,0,383.201
1110.69,0,414.909
1111.58,0,350.44
1115.01,0,383.201
1110.69,0,414.909
1119.51,0,408.035
1113.04,0,455.597
1123.13,0,497.338
1111.77,0,406.982
1113.04,0,455.597
1148.51,0,484.643
1116.08,0,375.274
171
-1623,0,-453
1105.22,0,304.649
1116.15,0,338.541
1122.75,0,347.568
1118.21,0,379.245
1113.68,0,410.921
1115.02,0,346.46
1118.21,0,379.245
1104.81,0,417.733
1122.54,0,404.11
1115.74,0,451.625
1125.53,0,493.436
1122.54,0,404.11
1115.74,0,451.625
1151,0,480.922
1118.21,0,379.245
172
-1628,0,-450.5
1104.34,0,307.182
1123.86,0,334.943
1121.12,0,350.706
1123.51,0,383.604
1111.51,0,405.876
1121.12,0,350.706
1123.51,0,383.604
1110.14,0,413.757
1127.27,0,408.621
1120.41,0,448.028
1147.82,0,477.162
1127.27,0,408.621
1126.92,0,457.282
1154.33,0,486.416
1124.88,0,375.723
173
-1630.5,0,-450
1107.63,0,302.333
1123.72,0,338.249
1121.98,0,345.926
1122.72,0,378.371
1115.77,0,409.079
1121.98,0,345.926
1122.72,0,378.371
1115.77,0,409.079
1125.19,0,403.138
1114.77,0,449.201
1140.27,0,479.176
1125.19,0,403.138
1122.45,0,450.937
1155.63,0,482.648
1124.45,0,370.694
174
-1635.5,0,-451.5
1116.77,0,301.316
1126.87,0,335.033
1125.52,0,342.788
1127.88,0,375.155
1114.72,0,404.822
1125.52,0,342.788
1127.88,0,375.155
1113.37,0,412.576
1123.82,0,398.418
1115.72,0,444.943
1141.34,0,481.362
1131.58,0,399.768
1129.88,0,455.399
1156.85,0,484.063
1127.88,0,375.155
175
-1640,0,-451.5
1112.69,0,305.961
1125.71,0,331.177
1132.66,0,339.874
1129.16,0,371.163
1117.84,0,401.577
1123.96,0,346.822
1128.29,0,378.985
1116.97,0,409.399
1125.66,0,402.452
1120.41,0,449.385
1149.08,0,476.351
1133.49,0,403.327
1136.06,0,451.135
1148.2,0,484.173
1129.16,0,371.163
176
-1642,0,-450.5
1115.21,0,301.276
1133.49,0,336.156
1132.15,0,343.847
1134.68,0,375.982
1121.44,0,405.373
1132.15,0,343.847
1126.8,0,374.61
1121.44,0,405.373
1130.66,0,399.054
1122.62,0,445.199
1150.13,0,473.761
1138.54,0,400.427
1138.39,0,447.944
1155.33,0,490.515
1136.02,0,368.292
177
-1646.5,0,-450.5
1118.7,0,303.225
1129.58,0,329.434
1135.79,0,338.678
1128.18,0,377.291
1115.89,0,398.938
1134.26,0,346.401
1128.18,0,377.291
1114.37,0,406.66
1131.34,0,401.98
1123.73,0,440.593
1148.54,0,477.568
1140.58,0,395.778
1139.18,0,443.635
1148.54,0,477.568
1137.42,0,371.09
178
-1650.5,0,-450
1120.45,0,298.382
1130.13,0,332.645
1136.39,0,341.904
1130.71,0,373.396
1117.34,0,403.501
1136.39,0,341.904
1123.03,0,372.01
1115.92,0,411.374
1134.13,0,398.401
1117.92,0,444.252
1144.39,0,473.415
1141.81,0,399.787
1140.97,0,448.41
1150.65,0,482.674
1138.39,0,374.782
179
-1652.5,0,-450.5
1120.95,0,297.413
1130.85,0,331.616
1137.17,0,340.836
1131.68,0,372.362
1118.5,0,402.55
1137.17,0,340.836
1131.68,0,372.362
1118.5,0,402.55
1135.26,0,397.345
1119.34,0,443.296
1145.99,0,472.294
1142.95,0,398.683
1142.41,0,447.311
1152.31,0,481.514
1139.37,0,373.7
180
-1657,0,-449.5
1125.85,0,296.181
1136.05,0,329.752
1142.54,0,338.855
1136.99,0,369.585
1123.57,0,398.894
1142.54,0,338.855
1129.12,0,368.164
1123.57,0,398.894
1140.71,0,394.052
1124.52,0,438.726
1150.46,0,475.138
1148.58,0,395.473
1148.13,0,442.988
1158.33,0,476.558
1144.86,0,371.005
181
-1658,0,-448.5
1120.44,0,299.597
1137.45,0,335.417
1145.12,0,336.878
1137.63,0,376.171
1116.3,0,404.681
1135.95,0,343.275
1129.96,0,374.709
1116.3,0,404.681
1133.14,0,399.746
1124.15,0,446.897
1150.33,0,476.32
1142.3,0,393.35
1147.15,0,451.283
1157.99,0,477.782
1139.13,0,368.312
182
-1661,0,-447.5
1132.14,0,298.233
1142.28,0,332.544
1148.75,0,341.823
1143.13,0,373.327
1121.77,0,402.023
1140.87,0,340.42
1135.26,0,371.923
1121.77,0,402.023
1146.8,0,398.358
1122.63,0,442.806
1148.52,0,479.924
1146.8,0,398.358
1154.13,0,448.421
1164.27,0,482.732
1144.54,0,365.451
183
-1664.5,0,-447.5
1127.19,0,298.029
1138.01,0,331.953
1144.57,0,341
1139.94,0,372.662
1119.85,0,402.063
1136.85,0,339.869
1132.21,0,371.531
1119.85,0,402.063
1136.46,0,396.409
1121.78,0,442.772
1140.32,0,477.827
1144.18,0,397.54
1144.95,0,446.164
1163.49,0,481.219
1141.09,0,364.746
184
-1668,0,-446.5
1127.74,0,296.763
1139.11,0,329.771
1145.82,0,338.536
1141.71,0,369.491
1122.13,0,398.392
1138.08,0,337.509
1133.98,0,368.464
1114.39,0,397.365
1146.37,0,393.733
1124.74,0,438.112
1142.82,0,479.885
1146.37,0,393.733
1147.95,0,441.192
1166.03,0,482.965
1142.74,0,361.752
185
-1669,0,-446.5
1128.55,0,298.311
1139.43,0,324.446
1153.27,0,335.122
1138.18,0,372.297
1126.06,0,394.012
1136.45,0,339.905
1138.18,0,372.297
1116.91,0,400.268
1142.87,0,389.229
1126.3,0,434.133
1141.87,0,477.2
1150.54,0,390.702
1155.48,0,447.755
1166.35,0,473.89
1147.33,0,366.04
186
-1672.5,0,-445.5
1130.62,0,297.004
1141.27,0,323.581
1147.38,0,332.945
1139.6,0,372.183
1125.72,0,402.055
1138.16,0,339.276
1131.94,0,370.665
1118.07,0,400.538
1142.59,0,397.242
1125.61,0,442.81
1134.7,0,477.234
1151.81,0,390.912
1157.79,0,441.031
1174.55,0,476.972
1148.81,0,365.852
187
-1676,0,-445.5
1129.54,0,293.508
1139.55,0,327.679
1153.59,0,338.194
1140.51,0,368.423
1127.42,0,398.652
1145.89,0,336.879
1132.81,0,367.108
1118.38,0,405.223
1144.16,0,393.394
1128.39,0,439.395
1137.04,0,481.452
1151.86,0,394.709
1159.17,0,444.652
1176.86,0,480.138
1149.55,0,361.851
188
-1677.5,0,-445.5
1131.24,0,290.795
1148.59,0,325.991
1154.84,0,335.143
1141.48,0,364.699
1128.11,0,394.254
1147.16,0,333.733
1140.05,0,372.44
1119.01,0,400.586
1144.89,0,389.333
1136.36,0,435.782
1135.51,0,483.641
1152.57,0,390.743
1159.39,0,440.012
1176.74,0,475.209
1149.15,0,366.109
189
-1680.5,0,-444
1138.39,0,294.671
1148.59,0,328.962
1155.08,0,338.229
1149.53,0,369.744
1128.22,0,398.481
1147.2,0,336.841
1141.65,0,368.355
1118.95,0,404.971
1145.36,0,393.38
1137.03,0,440.651
1137.97,0,481.432
1153.24,0,394.768
1160.67,0,444.816
1180.14,0,472.618
1150.92,0,361.865
190
-1682,0,-444.5
1133.36,0,293.162
1145.58,0,326.176
1152.54,0,334.858
1141.28,0,365.295
1130.02,0,395.732
1144.72,0,333.999
1140.42,0,373.119
1122.2,0,394.873
1146.53,0,389.626
1141.37,0,436.57
1129.25,0,474.831
1154.35,0,390.485
1164.85,0,439.147
1184.88,0,473.02
1149.1,0,366.154
191
-1684.5,0,-444.5
1131.84,0,294.722
1150.99,0,322.074
1157.38,0,331.192
1142.8,0,368.583
1130.95,0,390.472
1148.26,0,337.577
1142.8,0,368.583
1121.83,0,396.857
1146.45,0,393.204
1139.62,0,431.962
1131.42,0,478.471
1155.57,0,386.819
1162.87,0,436.06
1180.66,0,471.164
1151.91,0,362.198
192
-1687.5,0,-442.5
1134.98,0,295.1
1145.79,0,321.165
1151.97,0,330.37
1145.81,0,360.983
1131.93,0,390.042
1151.97,0,330.37
1136.55,0,367.083
1122.68,0,396.143
1148.9,0,385.494
1139.67,0,431.413
1138.14,0,478.884
1156.62,0,387.047
1170.53,0,437.623
1187.52,0,472.893
1153.52,0,362.535
193
-1689.5,0,-443.5
1135.77,0,291.115
1145.11,0,324.753
1151.28,0,333.91
1145.3,0,364.558
1133.15,0,386.049
1143.62,0,332.415
1137.64,0,363.063
1124,0,392.216
1148.48,0,389.038
1139.51,0,435.01
1132.04,0,473.32
1156.14,0,390.533
1163.99,0,431.833
1188.66,0,468.46
1154.46,0,358.39
194
-1692,0,-442.5
1134.45,0,287.983
1144.69,0,321.36
1151.09,0,330.35
1145.93,0,361.146
1133.07,0,390.651
1151.09,0,330.35
1136.94,0,367.554
1124.08,0,397.06
1149.76,0,385.534
1142.01,0,431.728
1132.98,0,485.621
1157.46,0,386.824
1165.11,0,435.6
1190.74,0,471.559
1153.63,0,362.437
195
-1693,0,-441.5
1136.31,0,288.888
1153.74,0,324.891
1160.06,0,334.275
1146.08,0,364.151
1133.63,0,386.175
1152.21,0,332.743
1136.69,0,370.471
1122.72,0,400.347
1157.19,0,390.77
1140.14,0,436.35
1132.49,0,475.61
1157.19,0,390.77
1171.55,0,442.478
1190.51,0,470.629
1153.93,0,365.683
196
-1696,0,-440.5
1139.81,0,293.532
1150.61,0,320.243
1156.8,0,329.68
1150.38,0,361.028
1136.15,0,390.777
1147.39,0,335.917
1140.97,0,367.266
1126.74,0,397.015
1151.76,0,393.976
1142.13,0,440.999
1135.7,0,472.348
1161.17,0,387.739
1167.15,0,437.96
1191.95,0,475.707
1150.38,0,361.028
197
-1697,0,-440.5
1137.94,0,286.377
1148.06,0,320.574
1154.47,0,329.787
1149.07,0,361.329
1128.15,0,390.215
1146.71,0,328.46
1139.96,0,367.886
1126.8,0,398.1
1152.78,0,386.312
1136.92,0,432.297
1128.83,0,479.609
1160.54,0,387.64
1167.96,0,437.608
1193.59,0,474.46
1149.07,0,361.329
198
-1698,0,-439.5
1137.76,0,288.126
1147.78,0,321.775
1154.21,0,330.919
1148.5,0,361.642
1134.92,0,390.901
1154.21,0,330.919
1148.5,0,361.642
1127.05,0,389.438
1152.07,0,386.148
1143.5,0,432.232
1136.35,0,470.635
1159.94,0,387.611
1167.09,0,436.622
1194.27,0,465.518
1157.79,0,355.425
199
-1701,0,-439.5
1137.29,0,289.988
1155.08,0,325.815
1153.62,0,333.682
1147.81,0,365.15
1134.13,0,395.164
1153.62,0,333.682
1147.81,0,365.15
1134.13,0,395.164
1151.32,0,390.204
1142.6,0,437.405
1143.2,0,478.193
1159.19,0,391.657
1167.65,0,433.898
1193.31,0,471.179
1157.13,0,358.736
200
-1702,0,-438.5
1137.07,0,286.195
1155.09,0,321.904
1153.69,0,329.78
1148.08,0,361.286
1134.6,0,391.389
1153.69,0,329.78
1148.08,0,361.286
1134.6,0,391.389
1151.75,0,386.316
1141.94,0,441.45
1134.94,0,480.831
1159.63,0,387.717
1166.97,0,437.778
1194.27,0,467.013
1155.96,0,362.687
201
-1704,0,-437.5
1133.62,0,287.679
1150.99,0,322.667
1149.58,0,330.349
1143.9,0,361.079
1130.54,0,390.39
1149.58,0,330.349
1143.9,0,361.079
1130.54,0,390.39
1147.32,0,385.546
1138.81,0,431.641
1139.39,0,471.473
1155.01,0,386.965
1169.54,0,437.318
1196.01,0,466.042
1153,0,354.816
202
-1707,0,-436.5
1139.6,0,290.493
1151.15,0,316.924
1157.62,0,326.202
1142.74,0,364.182
1138.53,0,387.811
1157.62,0,326.202
1150.61,0,365.584
1137.13,0,395.687
1146.41,0,389.212
1138,0,436.47
1138.87,0,477.253
1154.28,0,390.614
1170.91,0,434.2
1196.81,0,471.311
1152.01,0,357.707
203
-1708.5,0,-436
1140.86,0,288.392
1153.33,0,321.926
1152.47,0,329.88
1149.03,0,361.695
1137.63,0,392.649
1152.47,0,329.88
1149.03,0,361.695
1137.63,0,392.649
1146.45,0,385.555
1141.29,0,433.277
1136.99,0,473.046
1162.35,0,387.275
1165.15,0,435.857
1201.48,0,471.971
1149.03,0,361.695
204
-1709.5,0,-436.5
1138.91,0,290.983
1151.48,0,316.947
1150.38,0,324.872
1146.01,0,356.57
1141.63,0,388.269
1150.38,0,324.872
1152.84,0,365.59
1132.61,0,395.099
1149.55,0,389.364
1135.06,0,435.818
1138.6,0,468.612
1157.48,0,390.459
1167.85,0,432.272
1195.17,0,468.35
1153.93,0,357.665
205
-1713,0,-436
1140.88,0,287.054
1152.04,0,321.047
1150.87,0,328.961
1146.2,0,360.618
1142.69,0,384.361
1150.87,0,328.961
1146.2,0,360.618
1133.61,0,391.107
1150.61,0,385.529
1143.6,0,433.015
1137.76,0,472.586
1158.52,0,386.697
1159.43,0,435.351
1196.67,0,457.019
1155.28,0,353.872
206
-1714.5,0,-437
1140.2,0,284.692
1151.48,0,318.034
1150.4,0,325.831
1146.1,0,357.019
1141.79,0,388.206
1150.4,0,325.831
1146.1,0,357.019
1133.99,0,387.129
1142.86,0,380.409
1136.4,0,427.191
1146.61,0,468.33
1158.46,0,382.564
1159.79,0,430.422
1195.55,0,459.199
1146.1,0,357.019
207
-1715.5,0,-437
1141.12,0,282.011
1145.5,0,314.152
1144.65,0,321.977
1141.27,0,353.279
1137.88,0,384.58
1152.41,0,322.816
1149.03,0,354.118
1137.88,0,384.58
1137.88,0,384.58
1140.57,0,432.371
1144.1,0,472.337
1154.25,0,378.433
1156.09,0,434.05
1193.21,0,453.896
1149.03,0,354.118
208
-1717,0,-436
1138.08,0,281.951
1152.25,0,313.92
1151.86,0,321.717
1150.31,0,352.904
1140.9,0,383.7
1151.86,0,321.717
1150.31,0,352.904
1140.9,0,383.7
1148.76,0,384.091
1138.57,0,430.481
1144.5,0,469.856
1148.76,0,384.091
1154.3,0,431.263
1192.44,0,456.608
1150.31,0,352.904
209
-1718,0,-435
1138.67,0,284.125
1151.05,0,317.076
1150.23,0,324.904
1146.96,0,356.217
1144.5,0,379.702
1150.23,0,324.904
1146.96,0,356.217
1143.68,0,387.53
1144.5,0,379.702
1138.77,0,434.5
1150.33,0,475.278
1152.33,0,380.52
1155.25,0,428.309
1191.11,0,463.716
1147.78,0,348.389
210
-1719,0,-435
1138.44,0,278.477
1150.87,0,311.904
1150.06,0,319.863
1146.83,0,351.699
1143.59,0,383.535
1150.06,0,319.863
1146.83,0,351.699
1143.59,0,383.535
1143.59,0,383.535
1146.58,0,432.085
1176.28,0,451.183
1151.42,0,384.33
1154.41,0,432.88
1184.11,0,451.978
1146.83,0,351.699
211
-1721,0,-435
1139.09,0,277.586
1152.35,0,310.068
1151.68,0,317.846
1149.01,0,348.956
1146.33,0,380.067
1151.68,0,317.846
1156.98,0,349.642
1145.66,0,387.845
1146.33,0,380.067
1150.29,0,427.419
1180.83,0,445.717
1146.33,0,380.067
1150.29,0,427.419
1180.83,0,445.717
1149.01,0,348.956
212
-1722.5,0,-434
1137.52,0,276.855
1143.15,0,308.798
1142.04,0,324.493
1140.38,0,348.034
1138.16,0,379.422
1150.44,0,317.2
1148.22,0,348.588
1145.45,0,387.824
1146.01,0,379.977
1142.68,0,427.059
1180.8,0,445.527
1146.01,0,379.977
1150.52,0,427.614
1180.8,0,445.527
1148.22,0,348.588
213
-1723,0,-434
1130.99,0,277.022
1143.98,0,309.396
1143.34,0,317.17
1148.56,0,348.905
1138.22,0,379.36
1151.11,0,317.81
1148.56,0,348.905
1145.36,0,387.773
1146,0,379.999
1142.16,0,426.642
1171.34,0,452.521
1146,0,379.999
1142.16,0,426.642
1179.11,0,453.161
1148.56,0,348.905
214
-1724.5,0,-433
1137.47,0,276.286
1148.4,0,309.409
1147.28,0,317.128
1142.78,0,348.002
1138.28,0,378.875
1147.28,0,317.128
1150.5,0,349.126
1146,0,380
1146,0,380
1148.09,0,419.717
1175.59,0,447.372
1146,0,380
1146.97,0,427.436
1183.31,0,448.497
1142.78,0,348.002
215
-1726,0,-433
1130.99,0,276.023
1143.98,0,308.397
1143.34,0,316.171
1148.56,0,347.905
1130.45,0,377.721
1151.12,0,316.81
1147.92,0,355.679
1145.36,0,386.774
1146,0,379
1142.16,0,425.642
1171.98,0,443.748
1146.64,0,371.226
1142.16,0,425.642
1171.34,0,451.522
1148.56,0,347.905
216
-1726.5,0,-433
1137.2,0,278.952
1140.14,0,310.978
1146.65,0,319.878
1141.88,0,350.712
1129.41,0,380.353
1146.65,0,319.878
1149.59,0,351.904
1144.82,0,382.737
1146.02,0,375.029
1146.57,0,422.471
1167.31,0,441.465
1146.02,0,375.029
1138.86,0,421.279
1166.12,0,449.173
1141.88,0,350.712
217
-1728,0,-432
1134.49,0,281.556
1148.23,0,306.918
1146.77,0,322.851
1135.88,0,353.986
1125.72,0,377.154
1155.47,0,315.615
1151.81,0,355.448
1148.89,0,387.314
1141.65,0,378.616
1145.23,0,427.147
1167.67,0,445.273
1149.62,0,379.348
1137.27,0,426.416
1159.7,0,444.542
1144.58,0,346.75
218
-1729.5,0,-432
1128.97,0,279.159
1141.79,0,304.158
1140.02,0,319.643
1128.74,0,349.728
1126.08,0,372.956
1147.77,0,320.529
1151.97,0,352.385
1140.68,0,382.47
1149.31,0,375.613
1144.88,0,414.326
1165.45,0,440.21
1149.31,0,375.613
1136.25,0,421.183
1157.71,0,439.325
1145.11,0,343.757
219
-1730,0,-432
1130.43,0,273.644
1147.43,0,309.35
1145.81,0,317.038
1131.49,0,346.138
1125.01,0,376.89
1153.63,0,318.689
1154.98,0,351.092
1148.49,0,381.844
1150.11,0,374.156
1149.83,0,414.247
1165.21,0,457.64
1150.11,0,374.156
1140.38,0,420.284
1159,0,448.301
1147.15,0,349.441
220
-1731.5,0,-431
1132.68,0,278.454
1143.58,0,304.622
1140.56,0,320.054
1126.8,0,349.405
1122.27,0,372.552
1149.79,0,313.849
1151.46,0,346.222
1145.42,0,377.084
1145.42,0,377.084
1145.58,0,417.172
1162.68,0,452.567
1145.42,0,377.084
1136.35,0,423.377
1156.48,0,443.34
1143.75,0,344.711
221
-1732,0,-431
1130.82,0,276.023
1142.66,0,309.261
1141.66,0,317.058
1129.69,0,347.223
1126.67,0,370.615
1149.59,0,318.083
1153.5,0,350.297
1149.47,0,381.486
1150.48,0,373.689
1153.38,0,413.7
1165.22,0,446.938
1150.48,0,373.689
1136.5,0,419.448
1165.22,0,446.938
1146.57,0,341.475
222
-1732.5,0,-431
1125.38,0,275.929
1143.84,0,303.705
1140.74,0,319.12
1126.83,0,348.399
1122.18,0,371.522
1150,0,312.964
1151.5,0,345.345
1145.3,0,376.175
1145.3,0,376.175
1145.25,0,416.264
1162.17,0,451.748
1145.3,0,376.175
1128.28,0,420.869
1154.46,0,450.197
1143.8,0,343.794
223
-1733.5,0,-430
1128.5,0,272.658
1137.79,0,306.568
1136.26,0,314.279
1130.13,0,345.124
1116.28,0,374.437
1143.97,0,315.812
1153.26,0,349.722
1139.42,0,379.034
1148.66,0,372.856
1148.71,0,412.945
1158,0,446.855
1140.95,0,371.323
1131.76,0,417.591
1150.29,0,445.322
1147.08,0,340.478
224
-1734,0,-430
1125.02,0,269.164
1143.2,0,304.015
1132.9,0,318.26
1127.81,0,349.293
1116.23,0,371.296
1149.69,0,313.046
1152.36,0,345.353
1139.51,0,375.114
1139.51,0,375.114
1148.66,0,416.451
1160.36,0,442.271
1148.54,0,368.628
1124.12,0,420.391
1152.6,0,440.999
1144.6,0,344.08
225
-1734.5,0,-430
1125.31,0,275.07
1143.09,0,310.902
1133.76,0,317.313
1127.94,0,348.779
1115.71,0,370.923
1150.95,0,312.358
1153,0,345.279
1147.17,0,376.745
1147.17,0,376.745
1147.76,0,417.533
1164.08,0,461.232
1148.63,0,368.879
1130.57,0,422.488
1151.26,0,442.588
1145.13,0,343.824
