data/BP_videos/8.MOV
0
,,
,,
,,
,,
,,
,,
,,
,,
,,
,,
,,
,,
,,
,,
,,
,,
1
,,
,,
,,
,,
,,
,,
,,
,,
,,
,,
,,
,,
,,
,,
,,
,,
2
,,
,,
,,
,,
,,
,,
,,
,,
,,
,,
,,
,,
,,
,,
,,
,,
3
,,
,,
,,
,,
,,
,,
,,
,,
,,
,,
,,
,,
,,
,,
,,
,,
4
,,
,,
,,
,,
,,
,,
,,
,,
,,
,,
,,
,,
,,
,,
,,
,,
5
,,
,,
,,
,,
,,
,,
,,
,,
,,
,,
,,
,,
,,
,,
,,
,,
6
,,
,,
,,
,,
,,
,,
,,
,,
,,
,,
,,
,,
,,
,,
,,
,,
7
,,
,,
,,
,,
,,
,,
,,
,,
,,
,,
,,
,,
,,
,,
,,
,,
8
,,
,,
,,
,,
,,
,,
,,
,,
,,
,,
,,
,,
,,
,,
,,
,,
9
,,
,,
,,
,,
,,
,,
,,
,,
,,
,,
,,
,,
,,
,,
,,
,,
10
,,
,,
,,
,,
,,
,,
,,
,,
,,
,,
,,
,,
,,
,,
,,
,,
11
,,
,,
,,
,,
,,
,,
,,
,,
,,
,,
,,
,,
,,
,,
,,
,,
12
,,
,,
,,
,,
,,
,,
,,
,,
,,
,,
,,
,,
,,
,,
,,
,,
13
,,
,,
,,
,,
,,
,,
,,
,,
,,
,,
,,
,,
,,
,,
,,
,,
14
,,
,,
,,
,,
,,
,,
,,
,,
,,
,,
,,
,,
,,
,,
,,
,,
15
,,
,,
,,
,,
,,
,,
,,
,,
,,
,,
,,
,,
,,
,,
,,
,,
16
,,
,,
,,
,,
,,
,,
,,
,,
,,
,,
,,
,,
,,
,,
,,
,,
17
,,
,,
,,
,,
,,
,,
,,
,,
,,
,,
,,
,,
,,
,,
,,
,,
18
,,
,,
,,
,,
,,
,,
,,
,,
,,
,,
,,
,,
,,
,,
,,
,,
19
,,
,,
,,
,,
,,
,,
,,
,,
,,
,,
,,
,,
,,
,,
,,
,,
20
,,
,,
,,
,,
,,
,,
,,
,,
,,
,,
,,
,,
,,
,,
,,
,,
21
,,
,,
,,
,,
,,
,,
,,
,,
,,
,,
,,
,,
,,
,,
,,
,,
22
,,
,,
,,
,,
,,
,,
,,
,,
,,
,,
,,
,,
,,
,,
,,
,,
23
,,
,,
,,
,,
,,
,,
,,
,,
,,
,,
,,
,,
,,
,,
,,
,,
24
,,
,,
,,
,,
,,
,,
,,
,,
,,
,,
,,
,,
,,
,,
,,
,,
25
,,
,,
,,
,,
,,
,,
,,
,,
,,
,,
,,
,,
,,
,,
,,
,,
26
,,
,,
,,
,,
,,
,,
,,
,,
,,
,,
,,
,,
,,
,,
,,
,,
27
,,
,,
,,
,,
,,
,,
,,
,,
,,
,,
,,
,,
,,
,,
,,
,,
28
,,
,,
,,
,,
,,
,,
,,
,,
,,
,,
,,
,,
,,
,,
,,
,,
29
,,
,,
,,
,,
,,
,,
,,
,,
,,
,,
,,
,,
,,
,,
,,
,,
30
,,
,,
,,
,,
,,
,,
,,
,,
,,
,,
,,
,,
,,
,,
,,
,,
31
,,
,,
,,
,,
,,
,,
,,
,,
,,
,,
,,
,,
,,
,,
,,
,,
32
,,
,,
,,
,,
,,
,,
,,
,,
,,
,,
,,
,,
,,
,,
,,
,,
33
,,
,,
,,
,,
,,
,,
,,
,,
,,
,,
,,
,,
,,
,,
,,
,,
34
,,
,,
,,
,,
,,
,,
,,
,,
,,
,,
,,
,,
,,
,,
,,
,,
35
,,
,,
,,
,,
,,
,,
,,
,,
,,
,,
,,
,,
,,
,,
,,
,,
36
,,
,,
,,
,,
,,
,,
,,
,,
,,
,,
,,
,,
,,
,,
,,
,,
37
,,
,,
,,
,,
,,
,,
,,
,,
,,
,,
,,
,,
,,
,,
,,
,,
38
,,
,,
,,
,,
,,
,,
,,
,,
,,
,,
,,
,,
,,
,,
,,
,,
39
,,
,,
,,
,,
,,
,,
,,
,,
,,
,,
,,
,,
,,
,,
,,
,,
40
-691.5,0,-355.5
688,0,320.111
696,0,343.778
688,0,351.667
680,0,375.333
688,0,383.222
704,0,351.667
688,0,359.556
664,0,367.444
688,0,391.111
672,0,430.556
696,0,430.556
704,0,391.111
696,0,430.556
688,0,470
696,0,367.444
41
-696.5,0,-355.5
691.924,0,321.169
697.081,0,345.419
689.291,0,344.541
677.989,0,374.826
685.779,0,375.704
704.872,0,346.297
687.535,0,360.123
663.285,0,365.28
691.814,0,392.163
664.931,0,420.692
681.39,0,414.657
699.605,0,393.041
695.216,0,431.994
688.303,0,423.326
694.448,0,368.791
42
-702.5,0,-355.5
691.828,0,321.64
698.547,0,346.03
690.134,0,353.595
681.299,0,369.149
688.441,0,385.55
706.112,0,354.442
681.722,0,361.161
665.321,0,368.303
687.594,0,401.528
662.781,0,416.235
685.901,0,433.483
703.572,0,402.375
693.466,0,441.895
699.761,0,474.274
696.853,0,377.985
43
-708.5,0,-355
694.274,0,325.384
693.176,0,348.858
692.81,0,356.683
683.722,0,379.784
668.105,0,371.212
709.159,0,349.606
684.819,0,356.309
668.471,0,363.387
690.981,0,395.807
666.276,0,410.336
681.161,0,434.557
706.964,0,396.554
696.777,0,443.129
703.305,0,474.802
700.07,0,372.706
44
-714.5,0,-354
691.065,0,323.87
697.308,0,348.087
689.492,0,347.568
680.627,0,362.848
664.995,0,361.81
705.124,0,348.605
688.968,0,355.467
664.995,0,361.81
686.347,0,394.964
661.85,0,409.206
675.385,0,441.841
701.455,0,403.9
698.833,0,443.397
712.369,0,476.031
695.735,0,371.785
45
-722.5,0,-355
692.7,0,325.067
699.794,0,349.35
699.794,0,349.35
690.6,0,381.028
690.6,0,381.028
699.794,0,349.35
683.505,0,356.745
667.217,0,364.139
690,0,397.016
665.417,0,412.105
672.211,0,444.383
705.988,0,397.617
704.188,0,445.583
718.977,0,478.16
698.894,0,373.333
46
-728,0,-354.5
693.739,0,320.824
692.02,0,344.282
691.447,0,352.101
682.482,0,367.166
666.844,0,366.02
699.839,0,344.855
683.628,0,351.528
667.417,0,358.201
688.582,0,391.196
663.979,0,405.115
668.934,0,444.783
704.22,0,392.342
708.602,0,439.829
721.948,0,472.251
698.12,0,368.312
47
-736,0,-355.5
695.559,0,321.582
694.668,0,345.326
694.668,0,345.326
685.565,0,376.686
677.948,0,368.475
702.582,0,345.623
686.456,0,352.943
670.33,0,360.263
692.886,0,392.812
668.548,0,407.75
659.149,0,447.025
700.8,0,393.109
714.847,0,441.19
721.87,0,465.23
693.777,0,369.069
48
-741.5,0,-355
695.42,0,318.465
694.997,0,341.981
694.856,0,349.82
686.594,0,373.195
671.058,0,365.075
694.997,0,341.981
679.038,0,357.377
663.219,0,364.934
694.01,0,396.853
662.373,0,411.966
653.829,0,451.019
701.849,0,396.994
708.983,0,436.328
724.237,0,460.126
694.433,0,373.336
49
-747.5,0,-356
693.306,0,320.789
692.538,0,344.777
692.538,0,344.777
684.031,0,360.513
667.783,0,367.998
700.534,0,345.033
684.031,0,360.513
667.783,0,367.998
690.748,0,400.748
666.249,0,415.973
656.974,0,455.697
706.74,0,401.26
713.457,0,441.495
728.938,0,457.999
699.767,0,369.021
50
-753.5,0,-356
695.991,0,315.603
694.385,0,339.299
685.951,0,346.662
684.88,0,362.459
669.083,0,361.388
701.748,0,347.733
684.88,0,362.459
668.547,0,369.286
690.636,0,394.589
665.334,0,416.678
654.222,0,463.533
706.433,0,395.66
711.654,0,435.688
734.279,0,453.092
700.141,0,371.429
51
-760.5,0,-356
694.31,0,316.78
693.542,0,340.768
693.287,0,348.764
684.779,0,364.5
668.788,0,363.988
701.283,0,349.019
692.775,0,364.755
668.532,0,371.984
691.752,0,396.739
666.742,0,427.956
657.467,0,467.679
707.744,0,397.251
706.21,0,445.226
738.193,0,446.249
700.515,0,373.007
52
-768.5,0,-356
693.738,0,314.246
692.131,0,337.952
683.693,0,345.318
682.086,0,369.024
666.282,0,367.952
699.497,0,346.39
689.988,0,369.559
666.282,0,367.952
688.381,0,393.265
669.898,0,431.703
667.219,0,471.212
704.184,0,394.336
708.872,0,442.283
732.577,0,443.891
697.89,0,370.095
53
-775,0,-356.5
692.417,0,316.662
691.657,0,340.41
683.408,0,348.07
682.649,0,371.818
666.657,0,371.306
699.4,0,348.581
690.645,0,372.073
666.657,0,371.306
689.885,0,395.821
672.628,0,434.89
671.108,0,482.385
705.877,0,396.333
704.358,0,443.828
720.603,0,436.424
698.641,0,372.329
54
-782,0,-356.5
687.664,0,317.878
693.937,0,342.135
685.488,0,349.496
683.857,0,373.209
668.048,0,372.121
701.297,0,350.583
691.761,0,373.753
667.504,0,380.025
690.13,0,397.466
679.506,0,436.444
676.243,0,483.87
705.938,0,398.554
702.675,0,445.98
726.932,0,439.707
691.761,0,373.753
55
-789,0,-356.5
686.981,0,317.226
691.614,0,342.026
682.874,0,348.961
687.507,0,373.761
663.34,0,378.7
698.301,0,350.958
687.507,0,373.761
663.34,0,378.7
692.141,0,398.561
678.267,0,445.166
687.533,0,494.765
699.854,0,399.559
693.694,0,447.162
717.861,0,442.223
695.221,0,374.759
56
-794.5,0,-356.5
691.456,0,321.147
696.78,0,345.878
687.952,0,352.954
685.324,0,376.81
668.544,0,383.009
703.856,0,354.706
693.276,0,377.686
668.544,0,383.009
690.647,0,401.542
685.391,0,449.253
696.914,0,490.764
706.551,0,403.294
693.343,0,450.129
718.95,0,436.854
693.276,0,377.686
57
-803,0,-357.5
692.944,0,317.3
690.217,0,348.323
681.78,0,355.397
679.735,0,378.665
664.223,0,377.301
705.729,0,349.686
688.172,0,371.591
664.223,0,377.301
693.201,0,403.295
681.356,0,449.149
701.215,0,489.973
700.957,0,403.977
681.356,0,449.149
701.215,0,489.973
695.246,0,380.028
58
-810,0,-357.5
692.887,0,321.144
691.759,0,344.689
683.535,0,352.161
674.559,0,375.33
674.559,0,375.33
699.232,0,352.913
690.256,0,376.081
658.863,0,374.578
696.6,0,407.85
694.344,0,454.939
708.537,0,487.083
704.448,0,408.226
679.4,0,438.491
710.793,0,439.994
697.728,0,384.306
59
-817,0,-358
693.986,0,320.328
691.941,0,343.595
683.504,0,350.669
680.777,0,381.692
687.851,0,390.13
699.015,0,352.032
681.459,0,373.937
657.51,0,379.648
694.244,0,406.323
697.91,0,453.54
718.451,0,486.608
702,0,407.005
676.006,0,435.983
706.347,0,446.466
696.289,0,383.056
60
-826,0,-358.5
693.305,0,320.076
692.187,0,343.407
684.038,0,350.811
675.144,0,373.769
659.218,0,380.801
699.592,0,351.556
682.921,0,374.142
659.218,0,380.801
689.207,0,405.621
702.898,0,445.25
716.589,0,484.879
696.984,0,405.994
672.536,0,428.207
694.749,0,452.655
698.102,0,382.663
61
-834,0,-358.5
689.79,0,318.356
689.847,0,341.713
682.08,0,349.518
674.352,0,372.894
658.799,0,380.718
697.652,0,349.48
682.137,0,372.875
658.799,0,380.718
689.999,0,403.999
697.899,0,450.694
721.351,0,489.566
697.785,0,403.98
666.68,0,419.627
690.132,0,458.499
689.942,0,380.642
62
-842,0,-358.5
688.287,0,315.276
694.632,0,347.044
678.559,0,354.14
677.431,0,377.685
661.735,0,376.933
702.48,0,347.42
677.807,0,369.837
661.735,0,376.933
692,0,401.981
705.441,0,449.822
727.481,0,482.342
699.848,0,402.357
667.704,0,416.55
681.52,0,456.542
693.128,0,378.437
63
-850,0,-358.5
696.148,0,319.625
694.047,0,343.533
677.692,0,350.126
675.591,0,374.034
675.591,0,374.034
701.173,0,352.19
684.118,0,366.752
659.237,0,380.627
688.443,0,407.287
700.595,0,448.509
729.102,0,483.138
704.097,0,408.663
671.389,0,421.85
675.714,0,462.384
691.245,0,375.41
64
-857.5,0,-358
692.263,0,320.561
692.23,0,344.132
676.505,0,351.968
676.472,0,375.539
668.615,0,375.528
700.076,0,352
684.34,0,367.693
660.758,0,375.517
692.143,0,406.99
699.945,0,446.286
731.33,0,477.758
700.011,0,399.143
668.55,0,422.671
668.495,0,461.957
692.186,0,375.561
65
-866,0,-358.5
690.104,0,316.75
688.996,0,340.724
680.849,0,348.356
679.371,0,380.322
679.002,0,388.313
704.181,0,349.435
679.741,0,372.33
656.039,0,379.243
686.04,0,404.656
699.379,0,453.324
729.38,0,478.736
693.818,0,405.015
669.377,0,427.911
659.383,0,475.5
694.926,0,381.041
66
-873.5,0,-358
685.833,0,317.999
693.666,0,341.984
678.111,0,350.015
678.175,0,382.015
678.19,0,390.015
701.468,0,349.968
678.143,0,366.015
654.817,0,382.061
686.008,0,405.999
693.889,0,453.984
725.064,0,469.922
693.794,0,405.984
670.484,0,430.03
655.008,0,478.061
693.73,0,373.984
67
-881.5,0,-359.5
688.29,0,312.898
694.73,0,345.23
678.525,0,352.49
677.417,0,376.464
669.13,0,384.09
702.647,0,345.596
677.787,0,368.473
653.295,0,383.358
691.774,0,409.162
697.475,0,457.477
729.145,0,458.941
699.692,0,409.528
666.914,0,432.038
656.78,0,479.621
693.252,0,377.196
68
-889.5,0,-359.5
683.789,0,313.527
689.089,0,346.031
680.711,0,353.408
671.102,0,376.738
654.961,0,383.516
704.615,0,347.229
679.48,0,369.361
654.961,0,383.516
684.781,0,401.865
666.178,0,440.548
719.9,0,452.718
700.306,0,403.063
666.178,0,440.548
654.722,0,487.807
694.39,0,378.535
69
-897.5,0,-359.5
681.824,0,311.443
686.565,0,343.49
677.976,0,350.54
667.848,0,373.229
659.259,0,380.278
701.434,0,352.849
675.667,0,373.998
651.439,0,379.509
688.227,0,406.815
683.609,0,453.731
715.656,0,448.99
696.046,0,407.585
668.74,0,444.372
656.303,0,490.519
691.306,0,375.538
70
-906,0,-359.5
680.104,0,314.445
684.426,0,347.096
675.821,0,354.216
673.251,0,378.078
656.898,0,384.363
699.923,0,348.765
674.108,0,370.124
649.15,0,383.528
685.322,0,411.562
680.182,0,459.287
712.032,0,454.67
693.926,0,404.443
665.542,0,449.664
660.402,0,497.388
688.748,0,379.746
71
-915.5,0,-359.5
685.373,0,317.303
690.092,0,349.949
681.323,0,357.098
670.935,0,380.165
654.207,0,386.504
698.051,0,350.759
679.704,0,373.016
654.207,0,386.504
684.423,0,405.661
679.564,0,453.415
666.746,0,500.358
700.341,0,407.281
670.795,0,460.564
665.936,0,508.317
694.812,0,382.594
72
-922,0,-359.5
687.134,0,318.471
684.669,0,349.841
676.21,0,357.067
666.518,0,379.978
650.216,0,386.588
700.353,0,351.074
674.977,0,372.752
650.216,0,386.588
679.737,0,412.581
668.195,0,459.019
672.339,0,506.691
696.038,0,405.972
676.038,0,459.636
672.339,0,506.691
690.045,0,381.828
73
-931,0,-359.5
679.74,0,322.163
687.546,0,345.648
679.482,0,353.388
671.223,0,384.547
647.224,0,384.348
695.481,0,353.521
671.288,0,376.74
647.224,0,384.348
679.028,0,408.031
654.641,0,454.67
686.575,0,462.741
695.028,0,408.164
678.575,0,462.675
686.187,0,509.578
687.222,0,384.679
74
-941.5,0,-359.5
681.617,0,318.826
686.949,0,350.616
678.318,0,357.719
668.368,0,380.378
643.794,0,386.129
694.261,0,359.071
669.028,0,372.6
643.794,0,386.129
681.672,0,412.845
654.46,0,449.709
686.345,0,452.413
697.615,0,414.197
685.685,0,460.192
689.699,0,507.539
684.311,0,381.731
75
-950.5,0,-359.5
677.493,0,325.96
683.278,0,350.148
682.613,0,357.991
665.061,0,380.201
641.061,0,386.066
690.391,0,358.65
665.061,0,380.201
641.061,0,386.066
677.959,0,412.891
643.521,0,449.468
675.3,0,444.262
693.516,0,414.21
681.084,0,468.45
693.317,0,508.983
687.732,0,390.022
76
-959.5,0,-359.5
679.758,0,325.548
684.604,0,357.368
676.1,0,364.409
658.362,0,386.262
635.045,0,384.067
692.376,0,358.1
659.093,0,378.49
635.045,0,384.067
670.98,0,418.814
637.697,0,439.204
675.094,0,458.406
686.524,0,420.277
682.135,0,466.909
701.793,0,507.964
681.678,0,388.457
77
-968.5,0,-359.5
682.966,0,319.925
683.309,0,351.923
691.394,0,359.837
667.738,0,392.092
643.654,0,384.35
683.395,0,359.923
659.653,0,384.178
635.74,0,392.435
675.995,0,416.005
636.254,0,440.432
668.595,0,472.088
692.079,0,423.834
692.593,0,471.831
717.02,0,511.572
683.737,0,391.921
78
-978,0,-359.5
676.163,0,323.366
683.697,0,354.932
683.612,0,362.803
667.703,0,378.375
636.137,0,385.909
683.697,0,354.932
651.962,0,378.207
636.137,0,385.909
675.152,0,417.812
635.631,0,433.132
658.821,0,472.737
683.023,0,417.896
698.258,0,465.288
721.448,0,504.893
683.36,0,386.414
79
-988,0,-359.5
672.121,0,319.536
679.014,0,351.248
686.638,0,359.359
677.797,0,390.584
669.443,0,406.075
678.771,0,359.115
654.682,0,374.119
630.837,0,381.256
677.066,0,414.186
629.376,0,428.459
643.65,0,476.149
684.69,0,422.296
699.207,0,462.119
721.592,0,502.186
677.797,0,390.584
80
-998,0,-359.5
676.937,0,314.908
681.299,0,354.804
681.299,0,354.804
686.357,0,386.861
631.476,0,381.991
681.299,0,354.804
647.852,0,375.542
623.635,0,381.296
675.734,0,417.526
626.606,0,436.872
638.113,0,485.305
683.574,0,418.221
695.081,0,466.653
724.355,0,492.956
678.517,0,386.165
81
-1008,0,-359.5
672.781,0,318.164
679.826,0,349.587
687.488,0,357.598
671.134,0,380.594
670.516,0,404.005
679.62,0,357.391
647.735,0,372.168
623.925,0,379.348
677.972,0,419.82
630.351,0,434.182
628.91,0,488.808
685.841,0,420.028
692.473,0,467.058
731.197,0,491.508
678.796,0,388.606
82
-1018.5,0,-359.5
670.276,0,321.09
675.263,0,352.888
683.038,0,353.586
672.474,0,383.989
670.382,0,407.315
675.263,0,352.888
642.767,0,365.65
618.047,0,379.109
669.685,0,415.091
628.019,0,442.705
623.836,0,489.357
685.235,0,416.485
688.13,0,471.609
726.309,0,482.87
680.249,0,384.687
83
-1027,0,-359.5
673.282,0,321.24
678.746,0,353.212
678.151,0,361.056
645.584,0,374.364
622.052,0,372.579
678.746,0,353.212
646.179,0,366.52
614.208,0,371.984
673.985,0,415.965
631.789,0,452.21
620.375,0,498.68
681.829,0,416.56
685.508,0,472.064
724.134,0,482.883
676.365,0,384.588
84
-1036.5,0,-359.5
676.636,0,321.352
675.106,0,352.782
674.723,0,360.639
642.379,0,366.941
618.024,0,373.631
683.096,0,353.171
642.379,0,366.941
610.034,0,373.242
672.046,0,415.641
638.171,0,453.372
627.503,0,507.984
680.036,0,416.03
684.967,0,479.278
725.302,0,473.365
673.576,0,384.211
85
-1048.5,0,-359.5
671.482,0,317.64
671.73,0,356.994
671.73,0,356.994
640.603,0,372.932
609.378,0,373.128
671.73,0,356.994
640.554,0,365.061
609.378,0,373.128
664.32,0,420.009
633.342,0,459.56
633.689,0,514.656
679.932,0,419.911
672.522,0,482.927
719.31,0,474.761
671.928,0,388.477
86
-1055.5,0,-359.5
668.59,0,319.252
668.393,0,350.502
668.344,0,358.314
629.282,0,358.068
613.609,0,365.782
668.344,0,358.314
637.046,0,365.93
605.747,0,373.545
667.951,0,420.813
636.406,0,467.49
636.062,0,522.177
675.763,0,420.862
667.558,0,483.311
714.481,0,475.794
668.147,0,389.563
87
-1066.5,0,-359.5
665.12,0,325.286
672.041,0,357.025
671.788,0,364.895
647.229,0,387.743
639.548,0,379.617
671.788,0,364.895
632.121,0,363.62
608.068,0,370.725
661.83,0,427.608
644.444,0,474.323
650.605,0,529.675
677.696,0,428.118
660.058,0,482.704
707.911,0,476.364
670.776,0,396.379
88
-1078,0,-360
666.494,0,329.455
665.07,0,360.938
672.94,0,361.294
648.259,0,383.837
640.745,0,375.61
672.94,0,361.294
633.23,0,367.384
601.747,0,365.959
661.864,0,431.774
643.628,0,486.157
665.103,0,534.45
669.734,0,432.131
651.499,0,486.513
699.436,0,472.909
671.159,0,400.648
89
-1086.5,0,-360.5
667.217,0,322.613
667.485,0,362.006
667.485,0,362.006
651.995,0,401.506
635.917,0,354.341
667.485,0,362.006
628.145,0,370.152
627.985,0,346.516
667.966,0,432.913
644.704,0,488.224
676.54,0,535.282
667.966,0,432.913
644.704,0,488.224
691.923,0,480.025
667.752,0,401.399
90
-1097,0,-361.5
662.808,0,326.248
662.596,0,357.541
662.543,0,365.365
654.395,0,404.428
599.485,0,364.937
670.425,0,365.418
623.132,0,365.097
591.603,0,364.883
662.065,0,435.775
653.811,0,490.485
677.192,0,529.762
662.065,0,435.775
638.1,0,482.554
685.393,0,482.875
662.277,0,404.481
91
-1106.5,0,-362.5
657.254,0,323.645
657.522,0,363.055
657.575,0,370.938
649.907,0,402.52
625.886,0,347.505
665.404,0,363.002
618.111,0,363.323
625.833,0,339.623
665.939,0,441.824
658.378,0,489.17
690.227,0,536.249
665.939,0,441.824
626.796,0,481.502
674.196,0,496.945
665.672,0,402.413
92
-1116.5,0,-362.5
656.344,0,323.98
661.354,0,364.161
660.772,0,372.081
650.524,0,403.178
622.919,0,345.412
661.354,0,364.161
621.173,0,369.171
590.076,0,358.923
663.454,0,443.942
667.882,0,492.042
696.651,0,533.97
663.454,0,443.942
620.945,0,480.631
658.798,0,507.3
658.444,0,403.76
93
-1126.5,0,-363.5
654.23,0,321.021
659.884,0,360.854
659.417,0,368.726
641.579,0,399.267
620.887,0,342.744
659.417,0,368.726
611.501,0,365.886
621.353,0,334.872
655.218,0,439.573
668.391,0,487.751
698.002,0,529.004
655.218,0,439.573
613.422,0,468.694
651.019,0,510.42
657.551,0,400.214
94
-1137.5,0,-365.5
652.881,0,322.039
652.547,0,362.038
652.481,0,370.037
636.443,0,401.905
613.32,0,337.71
652.547,0,362.038
605.235,0,361.643
613.32,0,337.71
651.947,0,434.035
659.366,0,490.099
698.46,0,530.426
651.947,0,434.035
612.187,0,473.705
627.558,0,521.835
652.214,0,402.036
95
-1147,0,-365.5
652.072,0,327.97
644.453,0,360.035
652.405,0,367.969
636.901,0,400.099
612.644,0,328.299
652.405,0,367.969
605.026,0,360.363
581.303,0,352.561
653.005,0,439.966
661.29,0,487.899
701.051,0,527.569
645.119,0,440.032
605.959,0,472.36
614.311,0,528.292
644.853,0,408.033
96
-1155.5,0,-366.5
647.886,0,323.602
640.793,0,355.346
641.005,0,363.229
600.882,0,348.53
608.398,0,332.551
648.945,0,363.016
601.093,0,356.413
577.273,0,357.053
642.911,0,434.175
660.273,0,488.929
700.82,0,519.394
642.911,0,434.175
604.27,0,474.656
605.964,0,537.719
642.064,0,402.644
97
-1164.5,0,-366.5
637.51,0,329.94
638.948,0,361.908
639.308,0,369.9
598.555,0,347.709
605.771,0,331.368
647.243,0,369.543
598.915,0,355.701
575.11,0,356.772
642.544,0,441.827
652.996,0,497.413
701.325,0,511.255
642.544,0,441.827
604.668,0,483.572
591.316,0,540.229
640.746,0,401.867
98
-1174.5,0,-366.5
637.203,0,326.768
635.418,0,366.442
635.418,0,366.442
604.165,0,349.134
605.236,0,325.33
643.41,0,366.802
595.816,0,356.709
571.84,0,355.63
640.197,0,438.215
645.69,0,494.119
693.284,0,504.211
640.197,0,438.215
606.087,0,484.386
587.247,0,547.145
641.625,0,406.476
99
-1183,0,-367.5
626.876,0,333.076
633.97,0,364.834
633.97,0,364.834
594.898,0,340.109
595.533,0,316.451
633.97,0,364.834
594.262,0,363.767
562.708,0,355.028
632.064,0,435.808
638.311,0,499.11
686.172,0,492.504
632.064,0,435.808
598.815,0,490.157
589.179,0,553.032
632.911,0,404.264
100
-1192.5,0,-368.5
624.435,0,330.663
630.713,0,362.805
630.313,0,370.74
592.106,0,344.943
593.709,0,313.199
630.313,0,370.74
590.903,0,368.75
560.177,0,351.286
626.706,0,442.163
623.5,0,505.649
671.592,0,492.166
626.706,0,442.163
600.255,0,496.52
589.167,0,559.608
628.309,0,410.419
101
-1202,0,-368.5
624.276,0,328.759
623.467,0,368.488
623.305,0,376.433
592.331,0,336.057
592.817,0,312.22
631.413,0,368.649
583.738,0,367.678
552.279,0,351.139
621.848,0,447.945
612.77,0,503.403
660.768,0,488.483
621.848,0,447.945
596.878,0,503.079
595.745,0,558.699
622.658,0,408.216
102
-1212.5,0,-369.5
621.657,0,330.168
614.508,0,369.553
622.455,0,369.391
597.975,0,338.498
597.336,0,307.12
622.455,0,369.391
574.613,0,362.517
550.453,0,347.314
615.947,0,440.153
601.331,0,503.233
648.694,0,486.573
624.053,0,447.836
601.331,0,503.233
602.449,0,558.145
615.307,0,408.775
103
-1222.5,0,-369.5
615.401,0,332.112
608.123,0,371.472
608.123,0,371.472
591.853,0,332.454
599.246,0,300.943
615.972,0,371.357
568.648,0,356.345
552.607,0,333.026
617,0,442
586.403,0,497.401
610.75,0,552.003
617,0,442
594.252,0,497.287
610.864,0,559.852
616.543,0,410.603
104
-1233.5,0,-369.5
603.155,0,330.828
608.629,0,370.498
608.629,0,370.498
595.737,0,333.406
600.26,0,298.576
608.629,0,370.498
568.642,0,351.139
553.489,0,331.462
602.162,0,447.577
570.544,0,500.139
607.952,0,512.08
609.58,0,444.998
597.956,0,507.24
616.005,0,559.169
606.685,0,412.747
105
-1242,0,-369.5
612.724,0,326.308
611.784,0,366.297
611.596,0,374.295
604.726,0,326.12
605.667,0,286.131
611.784,0,366.297
572.359,0,341.363
556.74,0,324.991
609.903,0,446.275
568.785,0,493.321
592.967,0,485.887
609.903,0,446.275
608.398,0,510.257
631.263,0,558.808
610.843,0,406.286
106
-1253.5,0,-369.5
603.149,0,318.396
604.258,0,365.546
604.258,0,365.546
603.149,0,318.396
610.408,0,286.775
604.258,0,365.546
571.528,0,334.865
554.978,0,311.667
605.922,0,436.271
558.859,0,476.691
623.026,0,483.044
605.922,0,436.271
615.398,0,498.949
640.685,0,553.393
605.182,0,404.837
107
-1263,0,-370.5
606.457,0,320.38
597.622,0,359.718
597.622,0,359.718
566.561,0,335.26
551.495,0,303.269
605.527,0,359.904
606.457,0,320.38
607.386,0,280.856
595.763,0,438.766
547.405,0,477.174
594.648,0,486.195
603.668,0,438.952
618.176,0,494.657
640.589,0,550.549
596.693,0,399.242
108
-1273.5,0,-370.5
601.15,0,315.758
595.532,0,355.46
595.532,0,355.46
601.596,0,323.609
606.767,0,276.057
595.532,0,355.46
570.193,0,325.396
553.151,0,302.737
592.148,0,434.416
538.978,0,468.946
587.424,0,489.819
592.148,0,434.416
619.275,0,495.883
645.508,0,541.649
597.766,0,394.714
109
-1283.5,0,-370.5
600.608,0,310.61
595.741,0,350.41
596.336,0,358.251
570.433,0,328.671
606.069,0,278.651
595.741,0,350.41
569.838,0,320.83
552.371,0,298.497
586.007,0,430.011
532.904,0,457.698
575.083,0,493.929
586.007,0,430.011
614.289,0,490.955
649.222,0,535.623
590.874,0,390.211
110
-1292.5,0,-371.5
605.563,0,312.433
594.536,0,354.08
594.536,0,354.08
566.83,0,325.23
555.005,0,294.437
602.477,0,353.109
453.198,0,516.436
555.005,0,294.437
587.394,0,427.49
525.809,0,451.14
563.399,0,494.9
587.394,0,427.49
618.985,0,488.103
656.574,0,531.864
591.451,0,394.755
111
-1303.5,0,-371.5
599.459,0,311.497
596.582,0,343.971
590.005,0,353.014
599.459,0,311.497
616.723,0,268.746
596.582,0,343.971
568.218,0,316.43
547.664,0,287.656
585.485,0,425.773
516.426,0,444.683
548.49,0,495.654
585.485,0,425.773
610.972,0,485.788
649.613,0,527.716
587.128,0,385.489
112
-1312,0,-372.5
601.225,0,306.96
590.419,0,348.111
590.419,0,348.111
601.225,0,306.96
612.991,0,273.658
590.419,0,348.111
562.214,0,311.731
551.532,0,289.139
575.65,0,421.61
515.151,0,444.94
545.276,0,497.017
575.65,0,421.61
606.735,0,481.536
650.546,0,516.008
579.613,0,389.262
113
-1323,0,-373.5
595.845,0,306.18
595.097,0,339.133
589.124,0,348.662
564.985,0,313.064
550.302,0,283.553
589.124,0,348.662
603.56,0,304.459
612.023,0,269.784
573.939,0,425.819
512.218,0,439.588
532.126,0,492.523
573.939,0,425.819
603.304,0,484.842
652.33,0,523.085
582.402,0,391.145
114
-1332.5,0,-374.5
598.048,0,306.241
595.942,0,339.159
588.073,0,340.599
566.571,0,312.004
552.939,0,281.969
595.942,0,339.159
605.917,0,304.8
615.892,0,270.442
569.564,0,417.185
508.052,0,436.581
533.876,0,488.784
578.874,0,423.614
606.139,0,483.685
652.689,0,515.827
579.539,0,382.827
115
-1342,0,-374
592.343,0,301.354
592.588,0,341.679
584.757,0,343.314
568.849,0,306.258
554.557,0,276.941
592.588,0,341.679
609.621,0,305.823
618.822,0,271.602
567.969,0,419.494
505.319,0,432.571
524.456,0,485.103
567.969,0,419.494
596.553,0,478.129
653.231,0,514.749
575.555,0,377.535
116
-1351,0,-375
380.644,0,324.467
587.699,0,338.246
587.699,0,338.246
573.475,0,308.896
559.251,0,279.545
385.436,0,347.692
604.815,0,302.43
621.931,0,266.613
562.9,0,416.004
500.22,0,428.936
519.235,0,481.511
570.734,0,414.387
591.348,0,474.704
647.941,0,511.456
580.015,0,380.187
117
-1362,0,-375
398.155,0,320.54
397.975,0,338.233
383.748,0,345.167
369.342,0,369.793
628.707,0,269.803
599.713,0,336.749
575.267,0,304.649
568.514,0,272.729
390.321,0,394.78
389.961,0,430.166
531.146,0,466.994
567.073,0,414.274
499.767,0,420.667
527.499,0,477.574
394.148,0,366.507
118
-1371.5,0,-376.5
408.835,0,318.86
593.936,0,332.76
392.783,0,347.095
382.179,0,369.648
393.664,0,380.662
415.166,0,346.746
570.671,0,299.543
564.341,0,271.657
405.149,0,391.676
501.012,0,418.163
524.864,0,473.759
416.341,0,391.502
417.222,0,425.068
418.104,0,458.635
404.562,0,369.298
119
-1381.5,0,-376.5
409.395,0,321.946
408.773,0,345.665
400.912,0,345.459
384.567,0,368.765
399.874,0,384.99
416.634,0,345.871
567.237,0,302.355
552.345,0,270.317
407.527,0,393.103
398.628,0,432.429
397.798,0,464.054
415.388,0,393.31
414.35,0,432.841
421.38,0,464.673
408.15,0,369.384
120
-1390.5,0,-376.5
421.456,0,319.006
412.913,0,342.489
404.827,0,350.166
563.571,0,299.387
403.912,0,381.78
586.228,0,331.684
420.084,0,366.428
619.715,0,261.46
411.312,0,397.815
410.169,0,437.333
409.254,0,468.948
427.026,0,398.27
566.397,0,473.495
425.197,0,461.499
419.855,0,374.331
121
-1400,0,-377.5
426.503,0,318.202
584.225,0,329.378
584.453,0,337.241
404.505,0,373.928
412.824,0,389.427
435.276,0,349.428
567.589,0,298.379
558.815,0,267.153
420.915,0,397.063
484.049,0,403.106
509.232,0,457.467
436.642,0,396.608
564.731,0,471.601
438.462,0,459.515
428.096,0,373.245
122
-1410,0,-377.5
440.205,0,323.485
439.519,0,347.189
423.297,0,354.628
414.843,0,370.2
422.383,0,386.234
447.516,0,347.421
569.066,0,295.581
561.755,0,271.646
438.147,0,394.598
429.008,0,433.874
428.093,0,465.48
446.144,0,394.829
445.001,0,434.337
452.083,0,466.174
438.605,0,378.795
123
-1419,0,-377.5
453.346,0,321.078
444.801,0,344.561
436.686,0,352.245
420.456,0,367.614
435.61,0,391.743
452.485,0,352.676
452.054,0,368.475
557.546,0,268.579
443.294,0,399.858
442.433,0,431.456
433.457,0,470.738
459.093,0,400.288
551.95,0,473.966
457.371,0,463.484
570.547,0,371.703
124
-1430,0,-378.5
462.736,0,324.196
455.393,0,348.405
447.396,0,348.623
432.055,0,373.05
440.488,0,388.826
463.608,0,356.185
566.044,0,297.373
557.175,0,265.603
456.918,0,404.385
449.793,0,436.591
450.664,0,468.579
464.915,0,404.167
465.787,0,436.155
466.658,0,468.143
456.264,0,380.394
125
-1438,0,-378.5
467.844,0,321.74
468.389,0,345.734
452.575,0,354.095
437.124,0,378.452
453.484,0,394.085
476.569,0,353.55
571.272,0,295.383
562.547,0,263.573
461.663,0,401.901
493.473,0,393.176
455.301,0,474.064
477.659,0,401.538
543.278,0,472.065
479.113,0,465.521
469.116,0,377.725
126
-1445,0,-379.5
478.454,0,326.758
477.912,0,350.598
462.019,0,350.237
445.584,0,373.716
461.116,0,389.971
485.859,0,350.779
574.536,0,297.139
559.365,0,264.991
468.882,0,398.098
467.979,0,437.831
467.257,0,469.618
484.775,0,398.459
538.777,0,471.243
483.15,0,469.979
477.37,0,374.438
127
-1453,0,-380.5
488.934,0,325.284
481.481,0,349.46
473.483,0,349.642
458.033,0,373.999
474.574,0,397.629
489.661,0,357.276
568.186,0,291.475
559.643,0,267.663
474.574,0,397.629
475.482,0,437.619
476.209,0,469.611
554.917,0,411.808
490.388,0,389.268
507.656,0,444.89
482.026,0,373.454
128
-1462.5,0,-380.5
494.633,0,326.776
494.825,0,352.074
484.744,0,357.21
469.719,0,377.563
479.991,0,397.724
502.433,0,354.546
572.806,0,293.296
565.006,0,265.526
490.072,0,392.588
495.016,0,377.371
508.144,0,440.519
553.411,0,404.758
531.161,0,473.234
531.544,0,523.829
497.489,0,369.763
129
-1473,0,-381.5
612.336,0,290.829
506.434,0,344.946
493.303,0,357.095
477.35,0,376.73
482.013,0,387.038
598.224,0,328.257
576.749,0,294.511
562.759,0,263.587
552.206,0,404.954
502.629,0,377.711
505.329,0,438.578
559.692,0,407.776
529.627,0,464.838
522.019,0,530.368
505.452,0,370.226
130
-1483,0,-381
508.228,0,328.544
592.94,0,339.96
589.474,0,332.858
614.585,0,294.223
629.128,0,251.952
514.99,0,360.417
572.144,0,297.349
558.28,0,268.942
532.32,0,395.926
497.15,0,377.917
500.107,0,438.027
556.921,0,410.299
524.539,0,470.07
509.826,0,530.011
571.465,0,368.028
131
-1493,0,-380.5
615.53,0,296.862
598.185,0,332.401
605.252,0,335.85
618.998,0,289.755
629.276,0,250.767
598.185,0,332.401
573.257,0,293.833
562.463,0,262.163
549.362,0,396.581
499.893,0,372.438
507.347,0,428.88
556.429,0,400.03
528.677,0,456.892
507.993,0,517.203
580.84,0,367.94
132
-1500,0,-381.5
526.64,0,333.846
528.23,0,351.564
521.46,0,355.743
612.05,0,290.46
633.357,0,249.255
532.409,0,358.333
569.845,0,297.82
559.896,0,266.563
539.769,0,400.538
498.563,0,379.23
503.333,0,432.384
554.897,0,409.897
520.051,0,459.461
497.744,0,529.333
576.204,0,368.691
133
-1508.5,0,-381.5
537.789,0,324.841
538.743,0,349.974
528.925,0,355.412
516.892,0,368.494
512.46,0,383.779
546.345,0,352.178
579.275,0,295.444
563.117,0,265.904
548.253,0,402.442
499.472,0,371.728
499.165,0,429.635
548.253,0,402.442
522.925,0,461.379
497.596,0,520.317
582.138,0,370.84
134
-1519.5,0,-381
549.824,0,323.339
546.651,0,346.865
537.751,0,353.65
527.794,0,368.276
632.035,0,246.594
553.436,0,355.765
577.58,0,295.143
566.126,0,261.66
547.09,0,402.817
504.268,0,365.104
503.65,0,428.898
554.932,0,403.875
524.004,0,455.596
499.859,0,516.218
542.421,0,378.233
135
-1527.5,0,-381
618.941,0,297.042
602.526,0,336.377
610.44,0,336.494
626.973,0,289.245
635.474,0,249.793
602.526,0,336.377
579.371,0,296.454
564.013,0,264.563
546.305,0,390.953
499.174,0,366.506
498.234,0,429.818
562.016,0,399.102
521.623,0,453.912
496.941,0,516.872
578.314,0,367.68
136
-1541.5,0,-382
621.583,0,298.436
601.662,0,340.077
601.662,0,340.077
623.821,0,287.466
637.139,0,250.19
586.326,0,331.236
575.466,0,300.454
564.606,0,269.672
544.355,0,396.945
498.347,0,370.42
498.128,0,427.508
559.691,0,405.787
519.958,0,460.527
495.561,0,524.109
573.008,0,368.511
137
-1551.5,0,-382
621.548,0,300.9
597.703,0,336.325
586.663,0,334.13
623.629,0,289.838
636.433,0,252.218
593.223,0,329.697
581.866,0,298.75
570.51,0,267.803
552.095,0,396.113
505.536,0,369.645
499.609,0,431.583
578.654,0,407.131
498.975,0,374.078
577.207,0,475.698
580.419,0,367.317
138
-1562,0,-381.5
626.033,0,294.586
602.853,0,334.688
602.853,0,334.688
626.033,0,294.586
638.412,0,251.449
602.853,0,334.688
583.586,0,300.142
571.268,0,261.721
551.88,0,390.291
500.968,0,364.335
507.097,0,424.324
566.535,0,400.234
526.363,0,458.871
587.318,0,470.167
582.767,0,364.007
139
-1570,0,-381.5
627.968,0,300.533
603.774,0,335.573
592.814,0,333.358
630.183,0,289.573
639.043,0,245.73
603.774,0,335.573
577.538,0,296.046
566.634,0,265.322
546.642,0,392.476
500.642,0,366.067
507.115,0,418.713
561.975,0,401.279
522.391,0,456.024
581.567,0,473.687
586.169,0,366.239
140
-1579,0,-381.5
621.379,0,303.913
605.956,0,335.486
594.942,0,334.016
577.323,0,298.035
564.476,0,268.295
594.942,0,334.016
577.323,0,298.035
564.476,0,268.295
548.31,0,389.449
500.951,0,366.315
504.617,0,422.855
562.626,0,408.175
528.478,0,454.064
502.403,0,523.451
585.761,0,360.816
141
-1583.5,0,-381
625.272,0,298.308
608.117,0,329.703
601.546,0,334.267
629.286,0,276.039
600.638,0,403.08
608.117,0,329.703
585.299,0,296.85
567.044,0,270.567
605.201,0,409.65
509.007,0,369.318
510.106,0,426.997
616.336,0,411.657
616.885,0,440.496
621.998,0,475.906
606.659,0,369.677
142
-1581.5,0,-379
626.017,0,294.852
607.686,0,336.794
615.471,0,335.789
589.355,0,378.736
599.151,0,393.302
606.681,0,329.008
578.299,0,293.096
566.494,0,262.96
608.946,0,407.867
507.481,0,357.645
515.521,0,419.928
624.517,0,405.857
535.112,0,449.059
624.772,0,469.145
580.565,0,371.955
143
-1607,0,-380
627.4,0,290.37
614.759,0,331.555
617.403,0,363.445
602.779,0,380.713
612.074,0,395.997
606.787,0,332.216
579.564,0,294.335
568.948,0,263.105
621.368,0,411.281
624.012,0,443.172
517.724,0,419.873
637.314,0,409.96
639.957,0,441.85
634.628,0,474.402
593.485,0,365.428
144
-1600,0,-380
638.568,0,331.126
630.292,0,354.68
622.271,0,362.446
606.228,0,377.979
621.761,0,394.021
638.058,0,362.701
576.055,0,290.638
560.777,0,258.809
629.4,0,409.936
628.89,0,441.511
628.38,0,473.086
645.315,0,402.297
644.678,0,441.766
644.168,0,473.34
590.696,0,361.937
145
-1611.5,0,-378.5
646.815,0,332.12
639.303,0,355.929
631.41,0,356.056
616.004,0,379.992
632.047,0,395.524
647.197,0,355.801
575.007,0,285.904
558.71,0,254.584
640.068,0,403.291
520.898,0,357.84
633.321,0,474.462
647.962,0,403.163
648.599,0,442.632
649.108,0,474.207
639.686,0,379.61
146
-1628,0,-378
656.124,0,334.731
649.121,0,358.867
641.18,0,359.18
626.235,0,383.629
642.743,0,398.886
657.062,0,358.554
582.777,0,289.898
557.702,0,259.071
650.997,0,406.514
644.62,0,446.533
645.87,0,478.298
658.938,0,406.202
557.266,0,449.973
661.44,0,469.731
650.059,0,382.691
147
-1639,0,-380
666.347,0,332.231
658.735,0,356.357
650.865,0,364.485
635.126,0,380.741
651.382,0,396.48
666.863,0,364.226
577.713,0,293.656
561.198,0,261.918
659.639,0,412.349
522.753,0,358.551
652.673,0,476.47
667.638,0,412.22
668.155,0,444.216
668.671,0,476.212
659.252,0,388.352
148
-1639,0,-381
669.528,0,327.146
662.483,0,350.936
654.906,0,359.043
640.019,0,383.099
656.233,0,398.252
670.59,0,358.513
581.944,0,290.856
557.357,0,260.285
664.34,0,405.828
521.333,0,355.712
531.297,0,418.18
672.181,0,405.563
571.566,0,448.22
674.304,0,468.296
663.544,0,382.303
149
-1647.5,0,-381
679.272,0,330.747
671.806,0,354.409
663.961,0,354.536
648.651,0,378.324
664.721,0,401.607
679.778,0,362.128
576.525,0,285.323
552.61,0,262.167
672.693,0,409.325
522.749,0,356.815
665.861,0,472.213
680.538,0,409.198
681.044,0,440.579
681.551,0,471.96
601.073,0,347.704
150
-1655.5,0,-380.5
690.024,0,335.717
682.84,0,359.973
674.845,0,360.244
659.665,0,384.771
676.197,0,400.221
690.836,0,359.703
576.195,0,283.536
551.397,0,260.361
684.463,0,407.946
530.927,0,365.113
678.902,0,480.175
692.458,0,407.675
589.87,0,451.169
694.893,0,479.634
602.345,0,346.688
151
-1662,0,-379.5
690.146,0,333.071
690.657,0,356.627
682.805,0,356.797
667.613,0,380.693
675.805,0,396.226
698.509,0,356.457
699.02,0,380.012
539.259,0,257.788
683.827,0,403.908
684.678,0,443.167
685.359,0,474.574
699.531,0,403.568
700.382,0,442.827
701.063,0,474.234
603.947,0,342.796
152
-1672.5,0,-379
705.712,0,330.303
697.299,0,353.698
689.225,0,361.382
673.079,0,376.75
688.374,0,400.658
611.389,0,304.681
572.215,0,288.114
541.284,0,256.007
696.106,0,408.685
695.425,0,440.106
545.61,0,421.14
711.912,0,409.028
711.231,0,440.449
710.549,0,471.87
704.52,0,385.29
153
-1681.5,0,-378.5
707.932,0,330.554
708.446,0,354.269
692.9,0,362.515
685.384,0,378.495
693.757,0,402.04
716.476,0,362.004
565.448,0,286.19
541.358,0,262.986
701.787,0,409.775
702.473,0,441.396
544.786,0,421.088
717.504,0,409.434
718.19,0,441.055
718.876,0,472.675
709.131,0,385.889
154
-1689,0,-379
715.168,0,328.439
714.656,0,352.024
706.624,0,359.716
690.389,0,382.96
705.772,0,399.025
722.348,0,360.057
566.646,0,285.891
535.71,0,261.624
713.463,0,407.057
533.494,0,363.827
704.067,0,477.642
729.187,0,407.398
626.301,0,436.629
727.823,0,470.292
604.932,0,333.914
155
-1696.5,0,-379.5
728.181,0,335.212
726.342,0,358.74
710.657,0,357.514
700.976,0,380.429
715.435,0,397.341
734.185,0,359.353
566.548,0,283.127
536.402,0,264.99
722.665,0,405.796
719.601,0,445.01
717.149,0,476.381
730.508,0,406.409
735.286,0,446.236
677.935,0,473.317
724.504,0,382.268
156
-1705.5,0,-380
736.323,0,330.826
728.948,0,354.731
721.217,0,362.818
705.754,0,378.992
722.106,0,402.363
744.944,0,362.284
561.078,0,279.376
529.085,0,264.269
730.193,0,410.095
547.216,0,366.732
723.708,0,473.545
746.012,0,409.739
746.723,0,441.375
691.893,0,466.348
737.569,0,386.189
157
-1711,0,-380.5
745.852,0,330.98
745.321,0,354.583
729.237,0,362.093
720.93,0,377.649
728.352,0,401.43
753.098,0,362.629
752.744,0,378.364
540.299,0,271.256
736.129,0,409.477
735.421,0,440.947
734.713,0,472.418
752.036,0,409.835
751.328,0,441.305
758.574,0,472.954
744.613,0,386.053
158
-1720,0,-380.5
746.848,0,335.628
747.379,0,359.239
739.509,0,359.416
724.299,0,383.381
732.524,0,398.944
755.25,0,359.062
755.781,0,382.673
756.135,0,398.413
740.571,0,406.638
741.456,0,445.989
742.165,0,477.471
756.312,0,406.284
757.02,0,437.765
757.728,0,469.246
747.911,0,382.85
159
-1730,0,-381
757.032,0,331.125
756.503,0,354.657
740.638,0,362.148
732.264,0,385.504
739.756,0,401.369
764.17,0,362.678
554.142,0,279.472
763.465,0,394.054
755.268,0,409.566
746.718,0,440.766
746.012,0,472.143
763.112,0,409.743
770.25,0,441.296
769.544,0,472.672
755.797,0,386.034
160
-1738,0,-381
575.968,0,243.156
761.447,0,358.293
753.593,0,358.077
737.237,0,381.208
752.514,0,397.348
769.301,0,358.509
559.18,0,281.995
520.125,0,273.062
760.152,0,405.418
759.073,0,444.689
758.21,0,476.106
775.86,0,405.85
774.782,0,445.121
773.918,0,476.537
768.654,0,382.071
161
-1746.5,0,-381.5
773.481,0,331.325
779.329,0,352.801
764.684,0,362.557
746.132,0,379.144
762.719,0,397.696
786.16,0,356.708
781.271,0,381.109
526.574,0,208.244
776.381,0,405.51
774.416,0,440.649
741.242,0,403.544
783.212,0,409.417
674.872,0,392.782
737.335,0,410.376
612.432,0,311.743
162
-1753.5,0,-381.5
787.658,0,334.342
777.802,0,357.362
769.257,0,364.598
751.51,0,386.963
773.875,0,404.709
793.585,0,358.671
791.621,0,382.345
790.312,0,398.127
781.111,0,413.255
778.493,0,444.82
775.874,0,476.385
789.657,0,406.018
794.275,0,446.129
791.657,0,477.694
783.075,0,389.581
163
-1763,0,-382
789.227,0,335.6
789.952,0,359.589
774.493,0,368.06
759.517,0,392.523
775.7,0,408.041
798.043,0,367.349
798.526,0,383.341
597.687,0,237.336
783.55,0,407.804
784.757,0,447.786
778.114,0,488.005
799.25,0,407.33
680.775,0,386.896
735.967,0,393.234
790.676,0,383.578
164
-1771,0,-383
802.355,0,332.868
793.733,0,356.346
785.589,0,364.013
769.062,0,387.252
784.396,0,403.54
809.306,0,364.729
550.573,0,285.703
511.045,0,284.51
799.968,0,411.923
791.108,0,443.306
789.914,0,482.834
808.112,0,404.256
690.246,0,376.96
745.584,0,378.63
800.684,0,388.207
165
-1779.5,0,-383.5
807.13,0,336.576
806.598,0,360.32
798.641,0,360.142
782.197,0,383.53
797.755,0,399.715
814.554,0,360.499
545.634,0,283.206
505.675,0,290.229
805.356,0,415.723
804.647,0,447.382
795.981,0,478.862
821.446,0,408.165
820.56,0,447.738
819.85,0,479.397
806.066,0,384.064
166
-1788,0,-384
820.226,0,337.929
818.245,0,361.731
801.717,0,368.345
792.462,0,383.553
807.01,0,400.742
826.179,0,362.392
544.512,0,291.018
512.116,0,296.311
813.623,0,417.27
810.982,0,449.007
808.341,0,480.743
830.152,0,410.656
826.851,0,450.327
824.21,0,482.064
816.264,0,385.534
167
-1795.5,0,-383
821.632,0,337.49
821.288,0,353.268
805.337,0,360.812
796.931,0,384.307
812.364,0,400.43
829.004,0,361.329
538.49,0,291.838
506.589,0,306.926
820.081,0,408.491
819.219,0,447.936
810.64,0,479.32
827.97,0,408.664
687.002,0,358.226
834.307,0,479.837
820.598,0,384.824
168
-1803,0,-383.5
839.761,0,335.849
830.969,0,359.251
822.974,0,358.981
806.186,0,382.114
821.646,0,398.433
846.96,0,359.789
544.991,0,294.33
504.483,0,308.765
829.11,0,414.482
828.048,0,446.044
826.985,0,477.605
845.101,0,415.021
844.039,0,446.582
842.976,0,478.143
608.955,0,296.483
169
-1811.5,0,-383.5
837.709,0,334.312
838.513,0,358.195
830.82,0,366.424
815.434,0,382.882
824.199,0,406.497
846.742,0,365.888
541.544,0,296.46
510.236,0,313.454
840.389,0,413.922
833.767,0,453.995
834.839,0,485.839
848.35,0,413.654
849.422,0,445.498
850.761,0,485.303
839.585,0,390.039
170
-1817,0,-383
850.197,0,335.514
840.345,0,358.471
831.813,0,365.684
814.749,0,380.109
836.387,0,405.706
856.09,0,359.791
543.833,0,301.913
510.364,0,322.891
843.6,0,414.238
840.961,0,445.727
838.322,0,477.217
860.004,0,407.685
856.706,0,447.047
854.067,0,478.537
845.579,0,390.621
171
-1825,0,-384
861.07,0,333.682
852.596,0,357.407
844.462,0,365.203
828.024,0,388.759
843.615,0,405.027
868.357,0,365.711
542.983,0,303.01
510.616,0,326.226
851.41,0,413.162
850.563,0,452.986
849.885,0,484.845
867.34,0,413.5
866.662,0,445.36
741.258,0,347.07
859.883,0,389.436
172
-1830,0,-384
865.815,0,332.27
858.388,0,356.237
850.625,0,364.338
835.266,0,388.474
851.468,0,404.002
874.423,0,363.832
539.902,0,307.459
516.61,0,331.764
859.57,0,411.765
612.646,0,369.401
853.156,0,483.328
875.435,0,411.428
876.279,0,451.091
876.954,0,482.822
859.064,0,387.967
173
-1840,0,-385
873.798,0,334.582
873.292,0,358.383
857.127,0,365.976
848.622,0,389.607
856.283,0,405.645
881.121,0,366.487
538.212,0,311.567
521.709,0,335.028
872.11,0,413.919
617.181,0,360.871
862.593,0,485.152
888.107,0,414.259
887.432,0,445.994
886.756,0,477.728
872.617,0,390.117
174
-1846.5,0,-385.5
880.372,0,333.583
878.489,0,357.317
862.037,0,363.973
852.242,0,387.08
866.809,0,404.159
885.772,0,365.857
540.172,0,306.582
521.837,0,336.972
874.093,0,412.699
623.433,0,360.959
868.442,0,483.904
889.916,0,413.955
887.405,0,445.601
892.805,0,477.876
875.977,0,388.964
175
-1857,0,-385
889.717,0,339.518
889.226,0,363.513
873.065,0,371.183
864.74,0,387.016
880.245,0,411.339
897.224,0,363.676
546.117,0,316.481
529.465,0,348.147
888.08,0,419.501
625.281,0,358.11
878.772,0,483.324
896.242,0,411.666
903.422,0,451.822
902.767,0,483.815
586.599,0,293.304
176
-1863,0,-385.5
892.349,0,337.27
891.584,0,361.07
883.396,0,368.749
867.019,0,384.106
882.122,0,408.416
552.997,0,270.776
906.686,0,385.38
526.648,0,349.346
889.8,0,416.604
888.781,0,448.337
887.761,0,480.071
905.667,0,417.114
904.647,0,448.847
903.628,0,480.581
583.966,0,295.596
177
-1870,0,-385.5
903.902,0,331.532
543.113,0,275.419
885.988,0,362.023
868.607,0,384.624
891.208,0,402.005
909.657,0,363.624
548.334,0,315.401
537.775,0,354.316
898.564,0,410.428
632.985,0,352.831
893.76,0,481.435
914.344,0,411.496
911.675,0,450.944
909.54,0,482.503
900.166,0,386.759
178
-1877,0,-385.5
909.671,0,337.376
908.903,0,361.273
900.651,0,368.982
501.881,0,324.275
899.371,0,408.81
551.648,0,270.058
550.112,0,317.851
540.837,0,357.422
907.111,0,417.032
906.088,0,448.895
904.808,0,488.723
923.103,0,417.546
922.08,0,449.408
921.056,0,481.271
915.875,0,393.392
179
-1895,0,-388.5
924.809,0,333.997
535.324,0,283.705
906.697,0,364.49
889.123,0,387.089
911.993,0,404.507
930.642,0,366.119
557.12,0,316.913
546.453,0,355.844
919.437,0,412.945
916.752,0,452.419
914.603,0,483.998
927.419,0,413.488
932.715,0,453.505
930.566,0,485.084
921.049,0,389.261
180
-1900,0,-388.5
925.057,0,338.969
925.472,0,362.794
519.341,0,306.318
894.121,0,387.172
910.281,0,402.779
933.414,0,362.655
559.326,0,321.509
551.938,0,353.414
918.499,0,418.523
919.053,0,450.29
911.665,0,482.195
934.383,0,418.247
934.936,0,450.013
935.49,0,481.78
926.026,0,394.56
181
-1906,0,-388.5
936.312,0,332.957
530.364,0,294.104
919.817,0,364.449
903.461,0,387.999
919.125,0,404.162
546.582,0,278.497
561.831,0,318.487
561.139,0,358.2
926.958,0,412.243
926.266,0,451.955
925.712,0,483.725
942.899,0,412.521
942.207,0,452.233
949.624,0,484.142
935.343,0,388.555
182
-1912.5,0,-388
934.498,0,336.047
934.912,0,359.797
514.504,0,319.608
507.139,0,351.413
927.823,0,407.434
545.481,0,279.473
951.159,0,383.271
570.472,0,350.309
935.878,0,415.213
649.776,0,356.846
929.203,0,486.601
951.711,0,414.937
952.263,0,446.604
944.898,0,478.408
935.464,0,391.463
183
-1920,0,-388.5
949.638,0,335.148
528.121,0,301.62
517.408,0,324.443
919.364,0,387.78
500.176,0,402.692
545.819,0,287.647
959.886,0,384.519
570.04,0,354.717
948.242,0,415.26
943.585,0,454.85
939.86,0,486.522
956.16,0,416.191
960.353,0,448.794
964.545,0,481.398
951.036,0,391.506
184
-1926.5,0,-389
955.64,0,336.403
954.882,0,360.231
938.744,0,367.669
922.1,0,390.991
508.072,0,409.624
962.572,0,368.427
970.009,0,384.564
581.577,0,348.357
953.113,0,415.83
951.85,0,455.543
942.897,0,487.061
968.998,0,416.335
967.988,0,448.106
966.977,0,479.876
953.871,0,392.002
185
-1934.5,0,-389
963.295,0,334.648
517.276,0,312.322
515.654,0,336.187
935.645,0,388.711
950.474,0,405.702
542.763,0,290.079
565.006,0,315.566
586.708,0,349.008
957.888,0,414.198
955.184,0,453.973
953.021,0,485.793
973.798,0,415.279
979.59,0,447.64
976.886,0,487.415
967.465,0,390.874
186
-1942,0,-388.5
969.682,0,335.405
968.924,0,359.237
508.17,0,344.581
523.047,0,376.863
529.728,0,416.835
976.615,0,367.434
984.054,0,383.575
587.863,0,339.164
967.155,0,414.845
965.892,0,454.566
956.937,0,486.089
983.043,0,415.351
981.78,0,455.071
980.769,0,486.847
967.913,0,391.013
187
-1948.5,0,-389
981.616,0,335.971
517.062,0,328.371
507.458,0,351.697
953.886,0,390.035
968.768,0,407.032
987.435,0,368.337
994.335,0,384.792
588.356,0,341.21
976.208,0,415.531
973.504,0,455.311
971.341,0,487.135
992.172,0,416.616
990.008,0,448.44
987.845,0,480.264
977.831,0,391.663
188
-1955,0,-389
984.216,0,335.503
983.445,0,359.491
504.697,0,360.118
958.506,0,390.706
973.933,0,407.21
530.15,0,312.911
561.776,0,321.931
585.174,0,338.691
981.647,0,415.462
980.362,0,455.441
971.364,0,487.169
997.588,0,415.974
996.304,0,455.954
995.276,0,487.937
982.418,0,391.474
189
-1962.5,0,-388.5
994.621,0,336.826
993.008,0,360.771
976.507,0,367.678
966.913,0,391.087
981.802,0,408.125
1000.45,0,369.291
1007.36,0,385.792
585.93,0,333.359
989.246,0,416.645
986.558,0,456.555
984.408,0,488.482
1005.21,0,417.72
1003.06,0,449.648
1008.35,0,490.095
990.858,0,392.699
190
-1970.5,0,-388.5
1000.1,0,338.659
999.321,0,362.569
983.122,0,370.022
966.664,0,385.446
981.829,0,409.873
1007.29,0,362.828
1014.49,0,386.997
1013.97,0,402.937
989.541,0,418.102
988.506,0,449.983
987.214,0,489.833
1005.48,0,418.619
1012.42,0,450.758
1011.38,0,482.639
998.287,0,394.45
191
-1976.5,0,-388.5
1007.43,0,336.285
1000.21,0,360.532
992.478,0,368.787
977.005,0,385.297
993.775,0,408.766
1016.46,0,368.009
1024.98,0,383.741
1017.76,0,407.988
1002.03,0,416.502
1003.33,0,456.481
996.369,0,488.724
1018.02,0,415.983
1019.32,0,455.962
1020.36,0,487.945
1009.25,0,392.255
192
-1984.5,0,-388.5
1011.75,0,335.647
1010.98,0,359.39
994.735,0,366.785
986.225,0,382.354
1001.45,0,406.616
1018.72,0,367.563
1018.21,0,383.392
699.917,0,325.531
1009.19,0,414.789
1008.16,0,446.446
1006.88,0,486.017
1017.44,0,407.134
1016.15,0,446.705
699.917,0,325.531
1009.96,0,391.047
193
-1991.5,0,-389.5
1013.05,0,331.511
1012.39,0,363.347
1004.43,0,363.183
988.017,0,386.73
1003.61,0,402.978
1028.31,0,363.677
1027.81,0,387.554
694.52,0,332.881
1011.4,0,411.102
1010.58,0,450.897
1009.75,0,490.693
1027.32,0,411.431
1026.5,0,451.227
1025.84,0,483.063
1019.85,0,387.389
194
-1998.5,0,-389.5
1023.43,0,330.855
1020.93,0,362.46
1005.13,0,361.209
995.354,0,384.287
1009.91,0,401.34
1036.74,0,363.71
1035.49,0,379.513
1033.61,0,403.216
1017.18,0,409.867
1014.06,0,449.373
1011.55,0,480.978
1032.98,0,411.117
1037.76,0,451.249
1035.26,0,482.854
1026.96,0,386.788
195
-2005,0,-389
1028.47,0,340.752
1028.64,0,366.049
1013.49,0,371.209
1003.51,0,391.514
1018.82,0,411.652
1038.79,0,371.042
1043.95,0,386.187
1044.12,0,411.484
1028.97,0,416.645
1029.14,0,441.942
,,
1044.12,0,411.484
,,
689.448,0,337.937
1028.81,0,391.347
196
-2016.5,0,-391.5
1030.89,0,337.31
1028.84,0,362.102
1013.56,0,365.832
1002,0,384.847
1015.24,0,405.909
1038.35,0,367.879
1042.08,0,383.164
1045.81,0,398.449
1024.75,0,411.686
1026.43,0,451.763
,,
1041.9,0,415.599
1041.72,0,448.033
,,
1026.8,0,386.894
197
-2023,0,-391
1034.47,0,338.998
1034.49,0,364.255
1019.54,0,369.162
1009.58,0,389.271
1024.54,0,409.62
1051.93,0,366.948
1051.94,0,392.205
1049.46,0,409.86
1037,0,422.368
1037.02,0,447.625
,,
1051.95,0,417.461
1051.96,0,442.717
,,
1036.99,0,397.112
198
-2024,0,-389
1041.04,0,334
1038.66,0,358.763
1032.76,0,368.193
1011.52,0,381.149
1024.48,0,402.385
1048.09,0,364.666
1043.95,0,381.763
1055.14,0,395.332
1035.67,0,415.955
1035.06,0,448.384
1030.92,0,465.481
1051,0,412.429
1052.15,0,452.525
1046.25,0,461.954
1045.71,0,389.429
199
-2037.5,0,-391.5
,,
,,
1035.24,0,361.301
1017.74,0,383.738
1032.69,0,403.724
1037.73,0,368.791
,,
,,
1052.64,0,413.733
,,
,,
,,
,,
,,
,,
200
-2042.5,0,-390.5
,,
,,
,,
,,
,,
,,
,,
,,
,,
,,
,,
,,
,,
,,
,,
201
-2047.5,0,-390.5
,,
,,
,,
,,
,,
,,
,,
,,
,,
,,
,,
,,
,,
658.337,0,373.204
,,
202
-2053.5,0,-390.5
,,
,,
,,
,,
,,
,,
,,
,,
,,
,,
,,
,,
,,
,,
,,
203
-2059.5,0,-390.5
,,
,,
,,
,,
,,
,,
,,
,,
,,
,,
,,
,,
,,
,,
,,
204
-2065.5,0,-390.5
,,
,,
,,
,,
,,
,,
,,
,,
,,
,,
,,
,,
,,
,,
,,
205
-2071.5,0,-390.5
,,
,,
,,
,,
,,
,,
,,
,,
,,
,,
,,
,,
,,
,,
,,
206
-2078.5,0,-390.5
,,
,,
,,
,,
,,
,,
,,
,,
,,
,,
,,
,,
,,
,,
,,
207
-2083.5,0,-390.5
1034.1,0,268.625
,,
,,
,,
,,
,,
,,
,,
,,
,,
,,
,,
,,
,,
,,
208
-2090.5,0,-389.5
,,
,,
,,
,,
,,
,,
,,
,,
,,
,,
,,
,,
,,
,,
,,
209
-2095.5,0,-390.5
,,
,,
,,
,,
,,
,,
,,
,,
,,
,,
,,
,,
,,
,,
,,
210
-2102.5,0,-390.5
,,
,,
,,
,,
,,
,,
,,
,,
,,
,,
,,
,,
,,
,,
,,
211
-2107.5,0,-390.5
,,
,,
,,
,,
,,
,,
,,
,,
,,
,,
,,
,,
,,
,,
,,
212
-2112.5,0,-390.5
,,
,,
,,
,,
,,
,,
,,
,,
,,
,,
,,
,,
,,
,,
,,
213
-2118.5,0,-390.5
,,
,,
,,
,,
,,
,,
,,
,,
,,
,,
,,
,,
,,
,,
,,
214
-2123.5,0,-390.5
,,
,,
,,
,,
,,
,,
,,
,,
,,
,,
,,
,,
,,
,,
,,
215
-2130.5,0,-390.5
,,
,,
,,
,,
,,
,,
,,
,,
,,
,,
,,
,,
,,
,,
,,
216
-2135.5,0,-390.5
,,
,,
,,
,,
,,
,,
,,
,,
,,
,,
,,
,,
,,
,,
,,
217
-2140.5,0,-390.5
,,
,,
,,
,,
,,
,,
,,
,,
,,
,,
,,
,,
,,
,,
,,
218
-2146.5,0,-390.5
,,
,,
,,
,,
,,
,,
,,
,,
,,
,,
,,
,,
,,
,,
,,
219
-2151.5,0,-389.5
,,
,,
,,
,,
,,
,,
,,
,,
,,
,,
,,
,,
,,
,,
,,
220
-2153.5,0,-389.5
,,
,,
,,
,,
,,
,,
,,
,,
,,
,,
,,
,,
,,
,,
,,
221
-2156.5,0,-389.5
,,
,,
,,
,,
,,
,,
,,
,,
,,
,,
,,
,,
,,
,,
,,
222
-2160,0,-388.5
,,
,,
,,
,,
,,
,,
,,
,,
,,
,,
,,
,,
,,
,,
,,
223
-2164.5,0,-387.5
,,
,,
,,
,,
,,
,,
,,
,,
,,
,,
,,
,,
,,
,,
,,
224
-2168,0,-388
,,
,,
,,
1060.07,0,213.441
,,
,,
,,
,,
,,
,,
,,
,,
,,
,,
,,
225
-2172.5,0,-386.5
,,
,,
,,
,,
,,
,,
,,
,,
,,
,,
,,
,,
,,
,,
,,
226
-2176,0,-387
,,
,,
,,
1068.07,0,213.441
,,
,,
,,
,,
,,
,,
,,
,,
,,
,,
,,
227
-2181,0,-387
,,
,,
,,
1071.86,0,213.826
,,
,,
,,
,,
,,
,,
,,
,,
,,
,,
,,
228
-2185,0,-387
,,
,,
,,
1074.86,0,213.826
,,
,,
,,
,,
,,
,,
,,
,,
,,
,,
,,
229
-2187.5,0,-387
,,
,,
,,
,,
,,
,,
,,
,,
,,
,,
,,
,,
,,
,,
,,
230
-2190,0,-387
,,
,,
,,
,,
,,
,,
,,
,,
,,
,,
,,
,,
,,
,,
,,
231
-2194,0,-386
,,
,,
,,
,,
,,
,,
,,
,,
,,
,,
,,
,,
,,
,,
,,
232
-2198,0,-385
,,
,,
,,
,,
,,
,,
,,
,,
,,
,,
,,
,,
,,
,,
,,
233
-2198.5,0,-385
,,
,,
,,
,,
,,
,,
,,
,,
,,
,,
,,
,,
,,
,,
,,
234
-2201.5,0,-383.5
,,
,,
,,
,,
,,
,,
,,
,,
,,
,,
,,
,,
,,
,,
,,
235
-2205.5,0,-385.5
,,
,,
,,
,,
,,
,,
,,
,,
,,
,,
,,
,,
,,
,,
,,
236
-2208,0,-383.5
,,
,,
,,
,,
,,
,,
,,
,,
,,
,,
,,
,,
,,
,,
,,
237
-2208.5,0,-382.5
,,
,,
,,
,,
,,
,,
,,
,,
,,
,,
,,
,,
,,
,,
,,
238
-2210.5,0,-382.5
,,
,,
,,
,,
,,
,,
,,
,,
,,
,,
,,
,,
,,
,,
,,
239
-2212.5,0,-381.5
,,
,,
,,
,,
,,
,,
,,
,,
,,
,,
,,
,,
,,
,,
,,
240
-2217.5,0,-381.5
,,
,,
,,
,,
,,
,,
,,
,,
,,
,,
,,
,,
,,
,,
,,
241
-2217.5,0,-381.5
,,
,,
,,
,,
,,
,,
,,
,,
,,
,,
,,
,,
,,
,,
,,
242
-2219.5,0,-381.5
,,
,,
,,
,,
,,
,,
,,
,,
,,
,,
,,
,,
,,
,,
,,
243
-2221.5,0,-380.5
,,
,,
,,
,,
,,
,,
,,
,,
,,
,,
,,
,,
,,
,,
,,
244
-2223.5,0,-380.5
,,
,,
,,
,,
,,
,,
,,
,,
,,
,,
,,
,,
,,
,,
,,
245
-2225.5,0,-379.5
,,
,,
,,
,,
,,
,,
,,
,,
,,
,,
,,
,,
,,
,,
,,
246
-2227.5,0,-379.5
,,
,,
,,
,,
,,
,,
,,
,,
,,
,,
,,
,,
,,
,,
,,
247
-2228.5,0,-378.5
1131.58,0,183.669
,,
,,
,,
,,
,,
,,
,,
,,
,,
,,
,,
,,
,,
,,
248
-2231.5,0,-379.5
,,
,,
,,
,,
,,
,,
,,
,,
,,
,,
,,
,,
,,
,,
,,
249
-2233.5,0,-378.5
,,
,,
,,
,,
,,
,,
,,
,,
,,
,,
,,
,,
,,
,,
,,
250
-2235.5,0,-378.5
,,
,,
,,
,,
,,
,,
,,
,,
,,
,,
,,
,,
,,
,,
,,
251
-2236.5,0,-378.5
,,
,,
,,
,,
,,
,,
,,
,,
,,
,,
,,
,,
,,
,,
,,
252
-2237.5,0,-377.5
,,
,,
,,
,,
,,
,,
,,
,,
,,
,,
,,
,,
,,
,,
,,
253
-2238.5,0,-377.5
,,
,,
,,
,,
,,
,,
,,
,,
,,
,,
,,
,,
,,
,,
,,
254
-2239.5,0,-376.5
,,
,,
,,
,,
,,
,,
,,
,,
,,
,,
,,
,,
,,
,,
,,
255
-2241.5,0,-376.5
,,
,,
,,
,,
,,
,,
,,
,,
,,
,,
,,
,,
,,
,,
,,
256
-2242.5,0,-375.5
,,
,,
,,
,,
,,
,,
,,
,,
,,
,,
,,
,,
,,
,,
,,
257
-2244.5,0,-376.5
,,
,,
,,
,,
,,
,,
,,
,,
,,
,,
,,
,,
,,
,,
,,
258
-2245.5,0,-376.5
,,
,,
,,
,,
,,
,,
,,
,,
,,
,,
,,
,,
,,
,,
,,
259
-2246.5,0,-376.5
,,
,,
,,
,,
,,
,,
,,
,,
,,
,,
,,
,,
,,
,,
,,
260
-2246.5,0,-375.5
,,
,,
,,
,,
,,
,,
,,
,,
,,
,,
,,
,,
,,
,,
,,
