data/BP_videos/15.MOV
0
-713,0,-425
693,0,350.152
701,0,373.788
693,0,381.667
709,0,397.424
693,0,405.303
717,0,381.667
709,0,405.303
693,0,413.182
717,0,413.182
709,0,444.697
733,0,468.333
733,0,413.182
725,0,444.697
733,0,476.212
717,0,397.424
1
-716,0,-427
699.293,0,347.364
702.618,0,375.356
699.078,0,382.327
709.482,0,396.377
695.432,0,406.78
720.099,0,375.463
716.453,0,399.916
695.432,0,406.78
719.885,0,410.426
705.728,0,438.311
733.505,0,469.95
726.856,0,413.966
726.641,0,448.929
729.966,0,476.921
719.992,0,392.945
2
-720,0,-429
697.747,0,352.988
707.069,0,373.324
704.315,0,380.738
706.223,0,398.32
703.469,0,405.734
714.483,0,376.077
710.883,0,408.488
693.301,0,410.395
715.544,0,418.656
699.869,0,438.145
719.359,0,453.82
733.126,0,416.748
726.773,0,456.573
736.094,0,476.909
716.39,0,393.659
3
-723,0,-431.5
697.997,0,356.654
706.686,0,377.129
703.715,0,384.36
705.088,0,401.829
694.802,0,406.055
721.317,0,383.14
712.404,0,404.835
687.486,0,403.049
716.749,0,415.072
697.548,0,440.993
716.525,0,457.242
734.351,0,413.852
726.811,0,453.016
742.816,0,476.496
715.375,0,397.603
4
-727,0,-430
703.501,0,353.476
711.052,0,374.397
707.688,0,381.454
708.1,0,398.972
690.457,0,399.224
718.192,0,377.8
708.1,0,398.972
690.457,0,399.224
719.015,0,412.836
698.42,0,437.663
716.475,0,454.929
733.295,0,419.642
734.118,0,454.678
741.67,0,475.598
718.604,0,395.318
5
-730,0,-431
699.521,0,355.927
709.091,0,376.005
706.436,0,383.359
701.127,0,398.066
693.688,0,395.381
716.53,0,378.69
708.567,0,400.752
686.249,0,392.696
720.791,0,413.476
697.949,0,430.167
712.304,0,460.284
735.67,0,418.846
729.837,0,458.3
746.846,0,481.064
718.66,0,396.083
6
-733,0,-433
700.269,0,350.425
711.478,0,382.052
704.339,0,378.65
704.673,0,396.332
690.393,0,389.526
722.021,0,378.316
704.673,0,396.332
686.99,0,396.665
719.285,0,420.82
698.2,0,428.293
709.41,0,459.921
736.967,0,420.486
737.635,0,455.85
752.248,0,480.338
718.952,0,403.138
7
-736,0,-430.5
700,0,354.337
716.231,0,377.802
705.958,0,382.239
700.123,0,396.95
692.767,0,394.032
723.587,0,380.719
703.04,0,389.595
685.412,0,391.115
716.354,0,420.414
695.807,0,429.29
706.203,0,467.465
733.982,0,418.894
734.104,0,461.507
750.335,0,484.971
717.751,0,395.43
8
-741,0,-434
704.769,0,356.273
713.846,0,376.731
703.617,0,381.27
700.772,0,388.654
686.005,0,382.964
721.23,0,379.576
703.617,0,381.27
686.005,0,382.964
714.389,0,419.341
693.931,0,428.418
697.318,0,463.644
732.001,0,417.647
739.928,0,463.102
751.85,0,476.176
722.924,0,397.189
9
-745,0,-438
697.861,0,356.411
708.541,0,376.079
706.294,0,383.666
698.707,0,381.419
683.532,0,376.926
716.129,0,378.326
708.541,0,376.079
691.12,0,379.173
720.069,0,420.757
692.813,0,429.19
699,0,464.034
737.49,0,417.663
741.43,0,460.094
759.698,0,482.009
719.222,0,395.748
10
-751,0,-434.5
707.475,0,350.982
711.187,0,379.271
704.088,0,375.775
693.494,0,379.379
686.394,0,375.884
721.782,0,375.667
704.088,0,375.775
693.494,0,379.379
718.504,0,418.153
693.82,0,432.461
694.037,0,467.848
736.198,0,418.045
743.514,0,456.928
757.822,0,481.612
718.395,0,400.46
11
-756,0,-435.5
701.917,0,356.229
712.598,0,375.897
702.764,0,381.238
695.177,0,378.991
687.589,0,376.744
720.185,0,378.144
705.011,0,373.65
687.589,0,376.744
724.125,0,420.575
696.87,0,429.008
693.222,0,469.192
731.713,0,422.822
747.734,0,452.324
763.755,0,481.827
721.032,0,403.153
12
-760,0,-437.5
709.376,0,350.603
715.322,0,378.507
705.047,0,382.94
697.693,0,380.02
690.338,0,377.099
722.676,0,381.428
707.968,0,375.586
690.338,0,377.099
722.781,0,424.041
694.876,0,429.987
694.981,0,472.6
733.056,0,419.607
746.356,0,450.432
762.577,0,473.903
724.189,0,399.057
13
-765,0,-439.5
700.788,0,354.616
712.116,0,373.919
710.122,0,381.577
702.465,0,379.583
685.155,0,383.254
719.774,0,375.913
712.116,0,373.919
687.149,0,375.596
723.127,0,425.847
696.167,0,435.181
693.856,0,475.464
732.779,0,420.183
747.777,0,456.795
759.105,0,476.098
721.451,0,400.88
14
-768,0,-440.5
702.956,0,347.656
716.257,0,378.482
716.257,0,378.482
710.415,0,393.19
698.627,0,379.994
719.177,0,371.127
698.627,0,379.994
688.352,0,384.428
723.715,0,424.015
700.244,0,440.236
692.995,0,479.929
733.99,0,419.582
744.37,0,457.761
763.512,0,473.878
725.124,0,399.032
15
-772,0,-441.5
707.573,0,352.686
717.295,0,372.845
707.215,0,377.706
704.606,0,385.177
697.135,0,382.567
717.295,0,372.845
704.606,0,385.177
687.056,0,387.429
724.05,0,425.496
698.672,0,450.159
703.176,0,485.259
734.13,0,420.635
746.104,0,458.344
758.436,0,471.033
724.408,0,400.475
16
-777,0,-442.5
704.042,0,352.162
714.549,0,371.923
704.668,0,377.177
702.354,0,384.744
692.474,0,389.998
722.116,0,374.237
707.608,0,394.625
692.474,0,389.998
723.369,0,424.268
698.98,0,449.91
702.547,0,492.373
733.25,0,419.014
736.817,0,461.478
759.518,0,468.419
722.743,0,399.252
17
-781,0,-444
706.518,0,351.691
716.24,0,371.851
713.631,0,379.321
708.413,0,394.262
690.862,0,396.514
721.102,0,381.93
713.274,0,404.342
690.862,0,396.514
722.996,0,424.501
702.479,0,459.244
714.453,0,496.954
733.076,0,419.64
742.441,0,464.82
759.991,0,462.568
723.353,0,399.481
18
-787,0,-444
709.686,0,353.853
710.313,0,378.88
707.998,0,386.451
710.939,0,403.907
695.798,0,399.278
725.454,0,383.51
710.939,0,403.907
695.798,0,399.278
721.451,0,423.678
702.307,0,459.217
723.332,0,498.759
738.908,0,420.737
740.161,0,470.79
757.617,0,467.849
718.51,0,406.222
19
-791,0,-444
709.196,0,351.903
717.542,0,379.2
707.685,0,384.509
710.721,0,401.949
695.555,0,397.402
725.125,0,381.473
716.031,0,411.806
693.281,0,404.985
719.067,0,429.246
707.699,0,467.162
723.628,0,496.732
736.507,0,426.21
738.032,0,476.256
757.745,0,465.637
725.887,0,406.496
20
-795,0,-445
713.14,0,351.302
715.173,0,376.254
703.714,0,389.747
715.321,0,408.895
698.058,0,412.813
728.666,0,387.713
723.01,0,410.78
698.058,0,412.813
717.355,0,433.847
717.503,0,466.488
733.03,0,502.899
734.618,0,429.928
732.881,0,470.258
750.144,0,466.339
723.01,0,410.78
21
-799,0,-445.5
708.573,0,354.584
712.615,0,379.532
711.356,0,387.432
715.399,0,412.38
698.497,0,417.786
726.998,0,389.926
723.22,0,413.627
698.497,0,417.786
719.442,0,437.327
720.966,0,478.075
732.83,0,504.27
736.344,0,431.921
728.787,0,479.322
746.948,0,466.016
723.22,0,413.627
22
-804,0,-446.5
709.167,0,360.423
718.99,0,387.237
709.432,0,393.077
713.415,0,410.333
703.857,0,416.174
726.689,0,389.095
719.255,0,419.891
703.857,0,416.174
723.237,0,437.147
721.644,0,477.499
739.166,0,506.171
740.493,0,433.165
721.644,0,477.499
746.599,0,475.376
728.812,0,414.05
23
-807,0,-447.5
711.389,0,362.821
722.049,0,382.78
709.744,0,395.765
712.749,0,413.399
702.77,0,418.729
727.379,0,392.76
720.404,0,415.724
702.77,0,418.729
731.064,0,435.683
719.439,0,473.957
743.083,0,506.221
738.718,0,438.008
719.439,0,473.957
744.728,0,473.277
728.059,0,418.049
24
-812,0,-447.5
714.436,0,361.876
714.799,0,387.172
712.378,0,394.797
715.161,0,412.467
705.116,0,417.671
730.049,0,392.013
720.366,0,422.513
705.116,0,417.671
730.774,0,442.604
728.716,0,475.525
751.953,0,508.083
740.82,0,437.4
721.091,0,473.104
743.966,0,480.367
730.411,0,417.309
25
-818,0,-447.5
715.217,0,365.152
716.667,0,390.181
706.862,0,395.711
702.684,0,410.99
702.684,0,410.99
732.101,0,394.401
718.118,0,415.21
700.596,0,418.63
737.091,0,436.819
721.019,0,465.267
758.964,0,508.485
744.807,0,438.928
713.302,0,463.157
734.364,0,477.126
725.835,0,417.32
26
-824,0,-448.5
718.107,0,358.732
717.567,0,383.999
707.432,0,388.899
706.893,0,414.166
699.426,0,411.524
732.5,0,389.283
724.494,0,411.908
699.426,0,411.524
731.421,0,439.818
735.679,0,475.269
757.539,0,508.462
741.556,0,434.918
715.949,0,459.801
730.342,0,490.352
731.961,0,414.55
27
-830,0,-449.5
718.73,0,365.668
722.878,0,383.069
713.267,0,389.038
701.835,0,402.797
694.045,0,400.976
728.847,0,392.68
715.594,0,414.229
692.224,0,408.766
733.501,0,443.062
741.797,0,477.864
767.494,0,508.518
743.112,0,437.093
714.279,0,455
730.365,0,491.623
731.174,0,417.871
28
-835,0,-450.5
712.217,0,361.556
721.138,0,388.72
704.075,0,392.503
694.526,0,398.263
694.526,0,398.263
728.652,0,390.697
717.067,0,404.193
692.491,0,406
723.952,0,439.094
736.315,0,483.708
762.298,0,507.088
741.015,0,435.311
712.368,0,452.59
719.253,0,487.491
730.059,0,415.884
29
-841,0,-452.5
717.021,0,362.899
718.538,0,388.152
710.811,0,386.082
698.943,0,399.466
691.215,0,397.396
733.993,0,392.292
722.125,0,405.677
696.873,0,407.194
729.299,0,440.727
744.201,0,477.848
768.9,0,509.312
746.825,0,437.14
719.502,0,446.385
716.878,0,487.092
727.783,0,415.475
30
-845,0,-452.5
718.245,0,360.723
719.739,0,385.32
712.029,0,383.186
700.174,0,396.028
692.464,0,393.894
735.159,0,389.587
723.305,0,402.429
700.174,0,396.028
730.437,0,436.647
745.28,0,472.999
769.905,0,503.997
747.93,0,433.427
720.655,0,442.002
715.933,0,489.062
728.943,0,412.05
31
-856,0,-452.5
723.962,0,364.62
725.153,0,389.89
709.753,0,385.551
697.714,0,398.782
690.013,0,396.612
735.023,0,384.36
722.984,0,397.59
697.714,0,398.782
729.706,0,432.73
751.828,0,472.209
768.42,0,501.819
745.106,0,437.069
715.497,0,453.661
704.649,0,492.162
726.345,0,415.16
32
-858,0,-454.5
719.963,0,358.039
723.214,0,382.392
706.493,0,387.103
697.402,0,393.274
697.402,0,393.274
738.476,0,385.311
720.295,0,397.654
695.943,0,400.905
728.258,0,438.727
746.771,0,465.999
772.916,0,494.731
737.349,0,432.556
717.708,0,452.529
702.778,0,489.224
726.466,0,406.744
33
-865,0,-455.5
717.849,0,355.987
720.29,0,388.826
712.625,0,387.558
702.348,0,402.075
694.683,0,400.806
736.926,0,383.47
717.678,0,404.611
694.683,0,400.806
727.784,0,438.719
737.89,0,472.826
773.603,0,494.953
735.449,0,439.987
716.201,0,461.128
702.006,0,499.324
724.037,0,413.772
34
-869,0,-456.5
717.078,0,354.126
727.195,0,388.23
710.56,0,393.592
701.591,0,400.219
693.926,0,398.953
734.86,0,389.496
724.587,0,404.016
700.288,0,408.112
727.039,0,436.855
735.852,0,478.852
765.21,0,491.809
742.37,0,439.387
714.159,0,467.161
699.976,0,505.361
730.949,0,413.175
35
-874,0,-457.5
724.582,0,352.174
726.029,0,384.231
716.604,0,390.192
719.647,0,414.646
710.222,0,420.606
741.688,0,387.517
729.072,0,408.685
703.988,0,411.36
730.519,0,440.743
739.795,0,474.443
771.113,0,481.015
739.944,0,434.782
717.902,0,461.911
708.329,0,507.532
736.901,0,410.328
36
-883,0,-456.5
720.497,0,351.998
724.37,0,383.796
707.991,0,389.587
712.823,0,413.676
705.114,0,412.717
739.79,0,385.715
721.492,0,406.926
697.404,0,411.758
725.365,0,438.724
735.988,0,479.191
766.828,0,483.028
740.785,0,440.642
713.818,0,468.604
708.063,0,514.863
728.243,0,415.595
37
-886,0,-459.5
720.904,0,356.038
725.436,0,380.26
715.382,0,394.532
712.069,0,417.629
704.224,0,416.504
740.023,0,390.21
721.019,0,411.056
704.224,0,416.504
725.552,0,435.278
727.876,0,474.898
759.258,0,479.4
741.243,0,437.529
720.03,0,473.773
713.404,0,519.967
728.865,0,412.181
38
-891,0,-458.5
721.977,0,356.491
724.939,0,389.036
715.889,0,395.651
720.068,0,420.364
711.019,0,426.978
748.434,0,392.689
729.118,0,413.749
703.187,0,425.761
724.248,0,445.077
725.992,0,485.454
758.537,0,482.492
741.129,0,439.68
718.16,0,484.236
719.904,0,524.613
736.95,0,414.967
39
-900,0,-458.5
723.166,0,361.852
728.001,0,385.993
711.586,0,391.792
715.458,0,423.659
706.769,0,430.421
742.49,0,395.646
724.147,0,416.897
700.006,0,421.732
728.983,0,441.038
715.475,0,486.429
726.109,0,526.986
744.434,0,442.965
723.201,0,487.393
726.109,0,526.986
731.873,0,417.86
40
-905,0,-460.5
720.943,0,359.305
724.729,0,383.633
714.458,0,397.689
718.244,0,422.017
723.326,0,438.668
746.463,0,395.201
727.218,0,415.637
701.593,0,427.1
722.029,0,446.345
715.544,0,484.73
729.6,0,495.001
745.06,0,450.236
723.22,0,486.027
732.089,0,527.005
734.894,0,416.935
41
-911,0,-461.5
726.27,0,365.103
730.704,0,389.321
713.103,0,402.556
710.92,0,417.973
708.737,0,433.391
745.03,0,399.213
718.629,0,419.065
702.12,0,424.59
723.063,0,443.283
708.804,0,488.444
741.823,0,477.393
746.189,0,446.558
724.222,0,490.627
734.181,0,531.355
734.046,0,421.248
42
-918,0,-462.5
721.664,0,369.934
726.975,0,393.975
718.421,0,400.908
715.179,0,431.881
722.112,0,440.435
741.652,0,403.339
724.544,0,417.205
692.759,0,421.706
729.044,0,448.989
701.761,0,485.274
740.478,0,489.327
744.531,0,450.61
731.924,0,496.26
743.358,0,536.598
731.476,0,425.759
43
-922,0,-463.5
726.486,0,368.902
728.341,0,400.949
720.692,0,399.501
708.696,0,421.001
693.396,0,418.104
743.641,0,403.847
725.444,0,416.249
693.396,0,418.104
725.851,0,455.946
698.556,0,474.55
720.057,0,486.545
741.15,0,458.844
733.907,0,497.092
749.614,0,539.687
730.197,0,432.997
44
-931,0,-464.5
726.226,0,373.389
732.148,0,397.311
715.994,0,403.848
706.994,0,418.77
699.225,0,418.154
739.301,0,405.695
714.763,0,419.385
699.225,0,418.154
727.221,0,459.461
694.915,0,472.535
724.758,0,490.536
742.759,0,460.692
739.064,0,507.305
752.138,0,539.611
729.684,0,428.386
45
-936,0,-464.5
725.98,0,375.034
731.526,0,399.717
722.762,0,406.871
713.193,0,421.986
697.274,0,420.376
738.681,0,408.481
721.957,0,414.831
697.274,0,420.376
733.853,0,456.237
700.406,0,468.938
721.066,0,503.189
749.772,0,457.847
744.944,0,505.603
764.799,0,547.814
736.267,0,432.359
46
-943,0,-465.5
732.331,0,370.337
734.12,0,403.274
726.265,0,401.757
718.683,0,441.032
698.151,0,420.773
741.975,0,404.79
716.894,0,408.096
698.151,0,420.773
731.36,0,459.775
696.907,0,469.419
714.407,0,505.388
747.07,0,462.808
745.826,0,511.454
763.326,0,547.423
737.426,0,428.355
47
-948,0,-467.5
729.716,0,369.884
727.361,0,400.995
727.361,0,400.995
717.229,0,431.517
695.073,0,414.196
735.139,0,401.584
718.995,0,408.184
695.073,0,414.196
731.018,0,456.028
698.73,0,469.229
703.564,0,508.706
738.796,0,456.617
750.819,0,504.461
771.798,0,537.338
733.373,0,424.917
48
-956,0,-466.5
725.56,0,371.454
731.475,0,403.066
731.475,0,403.066
714.501,0,425.489
714.501,0,425.489
731.475,0,403.066
715.436,0,409.917
699.864,0,408.982
728.202,0,457.568
696.591,0,463.483
701.571,0,510.667
743.774,0,458.503
756.541,0,506.154
770.71,0,530.447
730.073,0,426.424
49
-963,0,-467.5
730.469,0,366.409
734.681,0,398.342
733.748,0,406.086
715.064,0,427.405
715.064,0,427.405
734.681,0,398.342
717.863,0,404.173
701.045,0,410.003
728.151,0,452.55
701.525,0,472.912
696.861,0,511.632
744.036,0,454.464
762.268,0,503.798
775.355,0,528.943
738.892,0,430.275
50
-968,0,-469.5
724.094,0,372.694
729.815,0,405.13
729.815,0,405.13
712.186,0,436.058
705.949,0,411.605
737.599,0,405.633
713.732,0,412.108
698.165,0,411.103
726.206,0,461.014
694.04,0,474.97
690.947,0,522.87
741.774,0,462.019
754.764,0,502.941
776.053,0,536.383
736.053,0,429.583
51
-977,0,-469.5
730.807,0,367.246
727.352,0,398.254
719.6,0,397.391
717.873,0,412.895
702.368,0,411.167
735.104,0,399.118
717.873,0,412.895
694.616,0,410.304
728.194,0,461.134
694.595,0,480.936
689.413,0,527.448
744.562,0,455.11
754.884,0,503.349
776.413,0,521.445
731.649,0,430.126
52
-982,0,-471.5
723.872,0,367.905
729.748,0,399.524
721.963,0,399.047
713.223,0,414.14
697.652,0,413.185
737.533,0,400.001
720.531,0,422.403
697.652,0,413.185
725.93,0,461.807
701.141,0,483.731
690.492,0,529.966
741.5,0,462.762
754.207,0,510.428
777.086,0,519.646
735.624,0,431.143
53
-990,0,-471.5
731.118,0,371.882
728.691,0,395.156
720.124,0,402.105
710.748,0,416.812
695.232,0,415.193
735.64,0,403.723
717.697,0,425.379
694.423,0,422.951
729.976,0,458.028
694.899,0,493.582
697.802,0,540.938
745.492,0,459.647
747.586,0,514.761
778.618,0,517.998
732.403,0,434.755
54
-995,0,-472.5
728.941,0,371.283
726.574,0,402.394
718.205,0,409.579
717.021,0,425.134
693.689,0,423.359
734.352,0,402.985
724.207,0,433.504
700.874,0,431.728
730.209,0,457.428
703.918,0,494.54
699.776,0,548.983
745.173,0,466.389
741.622,0,513.054
772.732,0,515.421
731.985,0,434.095
55
-1006,0,-473.5
728.708,0,372.127
725.709,0,403.183
724.96,0,410.947
714.947,0,433.489
700.169,0,424.226
741.237,0,404.682
721.961,0,442.002
699.419,0,431.989
728.226,0,458.28
708.2,0,503.364
711.466,0,550.697
743.754,0,459.779
738.506,0,514.126
770.311,0,509.361
730.475,0,434.988
56
-1010,0,-475.5
726.621,0,370.198
731.789,0,401.94
723.365,0,409.062
720.76,0,440.153
697.441,0,438.199
738.91,0,410.364
728.532,0,440.804
697.441,0,438.199
726.578,0,464.122
707.125,0,509.456
718.763,0,557.396
742.124,0,465.425
737.565,0,519.834
762.186,0,506.243
728.532,0,440.804
57
-1018,0,-476.5
724.905,0,378.677
730.827,0,402.853
721.7,0,417.902
727.621,0,442.077
703.445,0,447.998
738.03,0,411.339
726.98,0,449.922
703.445,0,447.998
725.697,0,465.612
713.364,0,519.884
725.207,0,568.235
741.387,0,466.894
729.054,0,521.166
761.074,0,515.886
735.466,0,442.718
58
-1027,0,-477.5
727.307,0,374.233
732,0,406.851
722.596,0,422.002
720.241,0,445.886
726.504,0,462.581
739.047,0,415.585
727.289,0,454.62
695.957,0,451.53
733.551,0,471.315
720.222,0,526.272
739.01,0,576.358
741.384,0,472.087
728.055,0,527.045
760.957,0,514.212
735.907,0,447.431
59
-1034,0,-478.5
729.861,0,379.339
726.616,0,410.464
717.908,0,417.422
714.664,0,448.548
720.938,0,464.934
741.598,0,419.892
722.56,0,449.371
698.87,0,446.902
735.92,0,474.361
723.156,0,520.226
749.876,0,570.207
743.816,0,475.185
723.156,0,520.226
755.554,0,515.738
738.353,0,451.017
60
-1041,0,-478.5
724.369,0,386.244
728.886,0,418.183
720.29,0,425.148
717.842,0,448.491
694.499,0,446.043
736.667,0,418.999
717.842,0,448.491
694.499,0,446.043
730.14,0,481.246
732.209,0,536.528
751.472,0,577.88
745.702,0,482.878
710.499,0,518.518
749.403,0,522.598
733.404,0,450.123
61
-1050,0,-479.5
727.252,0,386.968
730.666,0,419.524
721.693,0,426.274
717.246,0,457.718
723.996,0,466.691
737.416,0,428.497
718.358,0,449.857
694.775,0,446.522
736.383,0,492.498
737.573,0,540.777
764.57,0,576.669
745.356,0,485.749
709.464,0,512.746
738.685,0,532.916
732.969,0,459.942
62
-1057,0,-480.5
728.906,0,385.444
724.772,0,416.463
715.983,0,423.185
711.848,0,454.204
718.57,0,462.993
739.248,0,426.286
720.637,0,447.483
688.583,0,451.103
739.767,0,481.604
732.531,0,535.888
767.171,0,572.077
739.767,0,481.604
704.613,0,508.489
733.565,0,528.134
735.113,0,457.305
63
-1065,0,-481.5
727.481,0,389.187
731.806,0,421.635
723.026,0,428.633
719.462,0,460.19
719.462,0,460.19
738.804,0,430.415
721.244,0,444.412
688.796,0,448.737
740.456,0,486.531
742.108,0,542.647
777.99,0,578.659
748.346,0,487.422
706.226,0,506.634
734.219,0,541.756
735.24,0,461.972
64
-1075,0,-482.5
729.887,0,388.782
732.296,0,421.429
723.119,0,427.898
717.705,0,459.191
717.705,0,459.191
740.119,0,422.782
720.412,0,443.544
695.589,0,447.307
744.937,0,488.075
744.638,0,536.367
778.34,0,574.428
744.937,0,488.075
710.937,0,498.307
718.462,0,547.953
734.705,0,454.075
65
-1084,0,-483.5
727.559,0,386.535
730.649,0,419.123
721.61,0,425.783
718.041,0,449.333
694.491,0,445.763
738.499,0,420.313
719.23,0,441.483
694.491,0,445.763
744.68,0,485.491
753.241,0,534.969
786.541,0,580.166
744.68,0,485.491
710.902,0,496.431
711.613,0,544.719
733.74,0,451.712
66
-1092,0,-484.5
728.687,0,387.602
731.096,0,420.248
714.096,0,425.364
703.566,0,439.656
687.92,0,436.949
738.919,0,421.601
719.212,0,442.364
694.389,0,446.126
743.737,0,486.894
751.262,0,536.54
784.963,0,574.6
743.737,0,486.894
709.737,0,497.126
700.262,0,551.888
733.505,0,452.894
67
-1102,0,-484.5
736.608,0,381.243
730.66,0,420.491
722.81,0,419.301
704.731,0,432.621
687.842,0,438.092
746.359,0,422.871
720.43,0,435.001
686.652,0,445.941
744.691,0,486.858
753.251,0,536.336
787.741,0,573.684
744.691,0,486.858
709.722,0,505.649
693.544,0,559.407
741.6,0,454.27
68
-1113,0,-487
729.921,0,383.06
734.853,0,422.669
719.02,0,421.458
716.633,0,452.66
723.952,0,461.067
742.769,0,423.275
717.826,0,437.059
693.481,0,443.042
737.993,0,485.681
750.244,0,533.697
788.035,0,560.128
745.91,0,486.286
704.538,0,506.66
692.443,0,560.659
740.381,0,454.478
69
-1125,0,-487
734.691,0,387.052
738.89,0,419.516
722.196,0,425.558
711.546,0,448.294
725.474,0,465.909
746.775,0,420.438
720.353,0,441.33
687.888,0,445.529
738.48,0,491.409
748.721,0,540.567
786.306,0,560.947
746.365,0,492.331
712.057,0,512.301
689.834,0,565.658
742.167,0,459.866
70
-1135,0,-486.5
732.62,0,380.285
737.618,0,420.458
721.198,0,427.208
719.446,0,450.961
726.196,0,467.381
745.536,0,421.042
720.03,0,443.044
687.774,0,448.625
740.279,0,492.303
744.693,0,540.394
783.698,0,551.232
748.197,0,492.887
706.272,0,521.638
686.347,0,575.895
742.616,0,460.631
71
-1145,0,-488
732.734,0,379.638
736.546,0,419.941
719.935,0,426.205
709.587,0,449.08
693.792,0,447.446
752.341,0,421.575
718.301,0,441.999
693.792,0,447.446
737.091,0,491.834
739.27,0,547.931
779.573,0,544.119
744.989,0,492.651
709.315,0,528.869
695.699,0,583.333
740.359,0,460.245
72
-1158,0,-489
732.451,0,380.785
737.412,0,420.67
721.111,0,427.372
718.791,0,458.816
687.347,0,456.496
753.134,0,421.83
719.951,0,443.094
687.347,0,456.496
740.055,0,491.999
735.996,0,547.026
775.881,0,542.064
747.916,0,492.579
713.572,0,529.564
701.652,0,584.012
742.374,0,460.555
73
-1166,0,-487
728.852,0,386.859
733.483,0,419.272
724.767,0,426.354
713.599,0,457.133
689.902,0,454.682
748.464,0,428.806
722.315,0,450.051
689.902,0,454.682
734.028,0,491.181
728.308,0,546.474
768.62,0,542.66
749.826,0,492.815
713.327,0,536.941
707.607,0,592.234
745.195,0,460.402
74
-1181,0,-488
737.134,0,387.446
741.094,0,419.947
724.353,0,425.868
712.553,0,456.41
687.932,0,461.35
747.995,0,428.808
721.413,0,449.509
687.932,0,461.35
732.274,0,490.872
717.534,0,545.055
718.555,0,601.198
748.035,0,492.832
717.534,0,545.055
718.555,0,601.198
744.075,0,460.33
75
-1187,0,-488.5
731.249,0,387.223
738.04,0,427.15
721.931,0,434.63
713.302,0,458.219
689.483,0,457.53
745.979,0,427.38
713.532,0,450.28
689.483,0,457.53
728.032,0,498.376
710.775,0,545.554
725.046,0,601.59
751.851,0,499.066
726.654,0,546.014
725.046,0,601.59
736.891,0,466.848
76
-1202,0,-488
730.998,0,386.006
735.808,0,426.502
727.267,0,433.86
716.861,0,465.146
693.104,0,463.294
751.023,0,435.713
717.483,0,457.17
685.185,0,462.677
730.211,0,498.284
702.724,0,544.287
751.48,0,532.039
753.968,0,500.136
725.858,0,554.115
737.343,0,611.18
740.617,0,466.998
77
-1210,0,-488.5
730.962,0,397.102
735.792,0,429.294
727.114,0,436.373
708.989,0,458.387
693.173,0,456.837
750.838,0,438.698
717.667,0,451.307
685.265,0,456.062
736.774,0,500.757
693.386,0,536.155
748.742,0,541.578
752.59,0,502.307
731.387,0,555.737
750.494,0,605.187
739.852,0,469.34
78
-1224,0,-488.5
731.321,0,394.859
735.006,0,427.4
733.971,0,435.278
708.427,0,447.951
690.707,0,461.651
741.795,0,436.306
716.251,0,448.979
690.707,0,461.651
732.48,0,507.211
689.216,0,533.583
727.305,0,546.602
749.164,0,501.388
740.884,0,564.414
759.183,0,606.89
745.48,0,468.847
79
-1232,0,-487.5
728.92,0,397.27
734.034,0,429.617
741.209,0,438.216
730.598,0,469.198
691.973,0,457.869
741.209,0,438.216
716.935,0,444.084
684.111,0,457.186
735.024,0,509.461
685.788,0,529.114
730.9,0,556.958
750.748,0,510.826
745.938,0,566.239
766.089,0,607.868
738.46,0,469.88
80
-1247,0,-489
728.53,0,396.698
740.425,0,429.978
747.342,0,438.786
734.611,0,476.971
698.089,0,448.596
739.456,0,437.81
714.83,0,442.715
689.234,0,455.452
739.589,0,501.443
689.367,0,519.086
723.951,0,563.125
747.475,0,502.419
755.494,0,567.028
782.192,0,610.091
743.466,0,470.115
81
-1259,0,-489
736.209,0,395.982
739.59,0,428.57
746.335,0,437.557
733.983,0,467.902
694.65,0,462.294
739.59,0,428.57
705.881,0,439.817
687.906,0,453.306
737.363,0,500.489
686.8,0,517.359
711.537,0,569.043
745.229,0,501.61
753.112,0,558.918
786.837,0,603.857
741.849,0,469.023
82
-1270,0,-489.5
733.342,0,392.268
739.304,0,432.333
739.304,0,432.333
721.617,0,471.253
690.855,0,453.853
739.304,0,432.333
707.389,0,438.743
690.855,0,453.853
735.845,0,503.763
679.898,0,516.964
693.358,0,565.348
743.728,0,504.144
756.803,0,560.464
794.295,0,602.056
737.382,0,472.016
83
-1279,0,-490
732.36,0,394.181
738.408,0,426.366
737.95,0,434.299
760.671,0,451.528
689.304,0,455.37
730.529,0,425.912
705.977,0,440.413
689.304,0,455.37
733.83,0,505.694
685.642,0,518.832
682.438,0,574.361
749.588,0,506.603
762.599,0,555.109
791.826,0,596.591
736.119,0,466.03
84
-1291,0,-490.5
730.035,0,386.825
734.593,0,427.073
742.458,0,427.73
756.864,0,444.88
739.152,0,467.322
734.593,0,427.073
709.677,0,440.94
684.761,0,454.807
727.981,0,506.257
679.472,0,518.154
674.182,0,581.501
744.372,0,499.652
763.337,0,557.051
800.014,0,592.008
739.152,0,467.322
85
-1299,0,-489
731.405,0,391.809
737.661,0,423.968
745.176,0,432.322
760.207,0,449.031
735.143,0,471.577
729.726,0,423.548
704.663,0,446.094
687.954,0,461.124
733.465,0,503.316
684.597,0,524.603
673.305,0,587.662
749.334,0,504.156
762.267,0,560.539
800.682,0,586.442
735.563,0,463.642
86
-1313,0,-489
724.409,0,385.761
730.245,0,425.855
738.18,0,426.275
760.726,0,451.338
727.728,0,473.464
730.245,0,425.855
705.182,0,448.401
688.473,0,463.431
734.404,0,497.688
684.696,0,534.845
673.824,0,589.969
742.338,0,498.108
754.851,0,562.426
801.621,0,580.814
736.082,0,465.949
87
-1323,0,-489.5
724.696,0,381.606
730.479,0,421.697
738.36,0,422.114
760.743,0,447.169
735.422,0,477.658
730.059,0,429.632
705.158,0,452.186
681.095,0,458.871
734.163,0,501.463
684.78,0,538.636
673.542,0,601.698
742.044,0,501.88
746.568,0,565.775
793.434,0,576.211
736.261,0,461.788
88
-1336,0,-487.5
723.521,0,388.03
729.778,0,420.189
737.293,0,428.544
759.838,0,453.607
734.775,0,476.153
729.358,0,428.124
711.81,0,459.024
687.585,0,465.7
733.516,0,499.957
691.324,0,545.468
680.032,0,608.527
741.451,0,500.377
745.609,0,572.21
793.638,0,566.793
735.195,0,468.218
89
-1345,0,-487.5
722.898,0,385.132
728.735,0,425.226
736.669,0,425.646
759.215,0,450.709
686.962,0,462.802
728.315,0,433.161
702.832,0,463.641
678.608,0,470.317
732.893,0,497.059
690.281,0,550.505
686.924,0,613.984
732.893,0,497.059
737.051,0,568.893
785.08,0,563.476
734.571,0,465.32
90
-1359,0,-486.5
715.154,0,382.912
728.928,0,423.433
736.444,0,431.789
751.058,0,456.437
686.728,0,468.952
728.508,0,431.369
703.02,0,461.855
678.792,0,468.532
724.731,0,502.796
697.984,0,557.091
702.562,0,621.001
732.667,0,503.216
721.373,0,566.286
777.347,0,561.288
734.766,0,463.534
91
-1367,0,-486.5
718.944,0,390.081
725.203,0,422.251
732.721,0,430.609
755.274,0,455.681
682.996,0,467.778
724.363,0,438.126
706.809,0,469.037
674.639,0,475.296
728.943,0,502.047
701.771,0,564.289
714.288,0,628.629
736.88,0,502.467
709.289,0,572.646
765.692,0,559.71
730.622,0,470.297
92
-1379,0,-486.5
720.845,0,391.119
727.154,0,423.292
726.315,0,439.167
749.442,0,456.31
684.692,0,468.805
726.315,0,439.167
700.669,0,469.65
676.283,0,476.321
730.526,0,511.028
703.621,0,565.324
724.649,0,622.155
738.514,0,511.451
703.201,0,573.262
759.962,0,560.344
732.625,0,471.34
93
-1389,0,-486
716.93,0,392.093
723.188,0,424.263
722.349,0,440.138
712.732,0,471.469
680.982,0,469.79
722.349,0,440.138
696.857,0,470.629
673.044,0,469.37
734.446,0,512.416
699.757,0,566.301
736.087,0,631.901
734.446,0,512.416
699.757,0,566.301
747.803,0,560.882
728.607,0,472.309
94
-1403,0,-485
715.179,0,390.332
720.905,0,430.691
720.483,0,438.68
703.115,0,469.806
671.759,0,468.148
720.483,0,438.68
695.276,0,469.391
671.759,0,468.148
732.359,0,511.409
720.717,0,582.893
741.699,0,632.07
732.359,0,511.409
682.789,0,556.854
737.24,0,567.745
726.209,0,479.039
95
-1414,0,-484
713.109,0,385.11
718.975,0,424.725
710.207,0,439.983
693.086,0,462.66
668.855,0,469.24
726.5,0,432.984
693.086,0,462.66
668.855,0,469.24
730.293,0,511.794
726.976,0,574.506
756.245,0,623.22
730.293,0,511.794
680.587,0,548.47
727.391,0,566.667
724.427,0,472.179
96
-1425,0,-484
710.69,0,388.967
716.556,0,428.582
708.202,0,436.002
691.081,0,458.679
666.849,0,465.258
724.08,0,436.841
690.666,0,466.518
666.849,0,465.258
728.288,0,507.813
724.971,0,570.525
769.703,0,627.917
727.873,0,515.652
671.057,0,536.23
716.618,0,577.944
722.007,0,476.037
97
-1435,0,-483
712.671,0,386.699
710.559,0,426.643
710.136,0,434.632
684.902,0,457.331
660.091,0,472.041
718.125,0,435.054
684.48,0,465.32
660.091,0,472.041
722.311,0,507.376
734.909,0,572.132
772.318,0,622.177
722.311,0,507.376
665.122,0,528.385
702.109,0,586.42
716.012,0,474.998
98
-1451,0,-482
709.637,0,383.708
707.524,0,423.652
707.102,0,431.641
689.857,0,454.762
665.468,0,461.484
715.091,0,432.063
689.434,0,462.751
657.056,0,469.05
719.277,0,504.385
731.875,0,569.141
777.273,0,619.609
719.277,0,504.385
662.088,0,525.394
683.097,0,582.584
712.978,0,472.007
99
-1467,0,-483
707.256,0,387.695
705.566,0,419.651
705.144,0,427.64
687.476,0,458.75
663.087,0,465.471
713.133,0,428.062
687.476,0,458.75
655.098,0,465.049
716.897,0,508.373
737.906,0,565.562
775.737,0,607.619
716.897,0,508.373
660.13,0,521.393
664.739,0,585.726
711.02,0,468.006
100
-1482,0,-482
708.67,0,380.145
706.558,0,420.089
698.147,0,427.655
680.902,0,450.777
656.09,0,465.487
714.124,0,428.5
680.479,0,458.766
656.09,0,465.487
710.322,0,500.4
730.908,0,565.578
776.729,0,608.057
718.311,0,500.822
661.121,0,521.831
649.753,0,585.319
712.012,0,468.444
101
-1494,0,-482
701.659,0,379.716
699.546,0,419.66
699.124,0,427.649
681.878,0,450.77
657.067,0,465.48
715.524,0,420.505
681.456,0,458.759
649.078,0,465.058
711.299,0,500.393
731.885,0,565.571
778.551,0,592.073
711.299,0,500.393
653.687,0,529.391
642.318,0,592.879
705.422,0,460.026
102
-1509,0,-479
696.684,0,377.675
702.56,0,418.041
694.149,0,425.608
676.904,0,448.729
652.092,0,463.439
710.549,0,418.464
676.481,0,456.718
652.092,0,463.439
714.313,0,498.775
718.922,0,563.108
781.988,0,582.465
714.313,0,498.775
656.279,0,535.761
628.932,0,598.405
708.014,0,466.397
103
-1520,0,-477.5
699.104,0,371.718
696.991,0,411.662
696.569,0,419.651
678.901,0,450.761
646.101,0,465.049
704.557,0,420.074
670.912,0,450.339
646.101,0,465.049
708.321,0,500.384
712.93,0,564.718
768.852,0,567.675
708.321,0,500.384
658.276,0,537.794
630.929,0,600.437
702.445,0,460.018
104
-1534,0,-475
694.637,0,374.683
700.936,0,407.061
692.102,0,422.616
674.857,0,445.738
642.056,0,460.025
708.502,0,415.472
674.434,0,453.726
642.056,0,460.025
704.277,0,495.361
708.464,0,567.683
764.808,0,562.651
704.277,0,495.361
653.809,0,540.759
634.452,0,603.824
706.39,0,455.416
105
-1547,0,-474.5
690.11,0,367.728
695.986,0,408.095
687.575,0,415.661
669.907,0,446.771
645.096,0,461.482
703.553,0,416.506
669.485,0,454.76
637.107,0,461.059
699.328,0,496.394
695.525,0,568.294
752.292,0,555.274
707.317,0,496.817
656.849,0,542.215
645.057,0,613.692
701.44,0,456.45
106
-1560,0,-473
682.073,0,369.2
695.77,0,409.492
687.461,0,416.966
662.117,0,447.28
637.608,0,461.811
695.352,0,417.384
662.117,0,447.28
637.608,0,461.811
699.07,0,496.715
679.949,0,559.012
736.023,0,546.15
699.07,0,496.715
657.109,0,541.977
653.353,0,613
693.266,0,456.841
107
-1573,0,-472
682.974,0,365.609
688.778,0,405.483
688.361,0,413.374
678.8,0,444.523
638.509,0,458.219
696.252,0,413.792
654.709,0,451.162
630.617,0,457.802
692.079,0,492.706
665.066,0,554.585
721.141,0,541.724
699.97,0,493.123
657.175,0,554.168
721.141,0,541.724
694.166,0,453.249
108
-1585,0,-470
677.983,0,365.609
683.787,0,405.483
691.262,0,413.792
673.392,0,452.414
633.518,0,458.219
691.262,0,413.792
650.135,0,443.271
625.626,0,457.802
679.197,0,492.289
652.184,0,554.168
708.258,0,541.307
694.98,0,493.123
660.075,0,554.585
716.15,0,541.724
689.175,0,453.249
109
-1599,0,-466
676.26,0,360.149
681.647,0,407.914
689.121,0,416.223
719.435,0,441.567
631.794,0,452.759
681.23,0,415.806
647.995,0,445.702
623.486,0,460.233
677.056,0,494.72
634.678,0,547.873
673.3,0,565.743
692.839,0,495.555
665.826,0,557.434
686.579,0,613.926
687.034,0,455.68
110
-1613,0,-465.5
674.695,0,369.271
680.466,0,408.917
687.897,0,417.178
710.606,0,434.116
623.053,0,453.09
672.205,0,416.349
639.16,0,446.073
614.792,0,460.521
676.317,0,487.379
626.335,0,539.813
689.104,0,543.132
684.163,0,487.794
672.582,0,557.995
693.216,0,614.163
677.976,0,455.994
111
-1625,0,-462.5
668.743,0,365.271
674.514,0,404.917
689.792,0,413.593
712.085,0,438.377
617.101,0,449.09
674.099,0,412.763
633.209,0,442.073
608.84,0,456.521
669.95,0,491.225
620.798,0,527.966
675.306,0,538.717
686.057,0,484.209
674.062,0,562.256
702.957,0,610.993
679.871,0,452.409
112
-1638,0,-462.5
665.696,0,365.291
671.468,0,404.937
686.745,0,413.613
708.624,0,446.242
685.085,0,444.997
663.207,0,412.368
630.162,0,442.093
606.209,0,448.694
674.749,0,491.66
610.32,0,519.725
663.999,0,546.168
674.749,0,491.66
678.861,0,562.69
715.602,0,611.842
676.824,0,452.429
113
-1649,0,-460.5
659.729,0,360.301
673.347,0,400.362
680.778,0,408.623
702.657,0,441.253
679.118,0,440.008
656.825,0,415.225
624.195,0,437.103
600.242,0,443.705
676.629,0,487.085
604.768,0,506.889
641.51,0,556.041
668.783,0,486.67
680.74,0,558.116
725.328,0,607.682
670.857,0,447.439
114
-1663,0,-459.5
657.682,0,354.759
663.071,0,402.539
678.441,0,411.268
692.558,0,443.678
605.727,0,439.086
654.759,0,410.016
621.932,0,432.027
597.416,0,446.562
666.79,0,481.894
594.494,0,501.818
631.04,0,559.161
666.372,0,489.788
686.714,0,554.19
723.678,0,603.64
668.46,0,450.319
115
-1674,0,-458.5
658.631,0,351.205
664.115,0,398.99
679.675,0,407.728
685.576,0,447.62
598.117,0,435.078
647.72,0,406.038
614.512,0,428.03
590.128,0,434.656
667.511,0,486.243
594.36,0,506.122
615.404,0,562.646
659.523,0,485.821
688.138,0,550.661
733.566,0,600.558
661.61,0,446.352
116
-1689,0,-456.5
650.446,0,350.376
656.22,0,390.039
671.089,0,406.568
676.862,0,446.231
661.994,0,429.701
640.106,0,397.058
607.047,0,426.796
575.234,0,432.985
659.503,0,476.798
587.197,0,504.46
591.725,0,567.671
651.653,0,476.383
679.315,0,548.689
724.337,0,590.427
653.729,0,437.136
117
-1699,0,-455.5
641.443,0,347.365
646.801,0,394.877
669.935,0,403.972
667.859,0,443.219
651.745,0,450.239
638.952,0,394.462
598.459,0,415.935
574.08,0,430.388
650.5,0,473.787
593.477,0,510.129
582.307,0,572.509
650.5,0,473.787
670.312,0,545.678
731.447,0,580.397
652.575,0,434.54
118
-1714,0,-452.5
640.441,0,342.381
645.8,0,389.893
661.084,0,398.573
643.309,0,436.99
573.494,0,417.555
629.686,0,396.913
597.043,0,418.801
565.23,0,424.99
641.234,0,476.238
592.061,0,512.995
573.041,0,574.96
649.083,0,476.653
661.046,0,548.129
723.012,0,567.149
643.309,0,436.99
119
-1725,0,-453.5
632.021,0,348.209
645.644,0,388.287
653.079,0,396.551
628.285,0,418.855
565.489,0,415.534
629.53,0,395.306
589.453,0,408.929
557.639,0,415.118
641.078,0,474.631
591.49,0,519.238
572.47,0,581.203
648.927,0,475.046
652.626,0,553.956
715.422,0,557.277
643.154,0,435.384
120
-1737,0,-451
632.023,0,344.201
637.797,0,383.863
653.081,0,392.543
597.719,0,397.487
558.057,0,403.261
621.683,0,390.883
581.19,0,412.355
549.792,0,410.695
641.08,0,470.623
583.228,0,522.664
580.322,0,577.61
641.08,0,470.623
636.929,0,549.118
707.574,0,552.854
635.306,0,430.96
121
-1755,0,-450.5
628.027,0,343.205
625.537,0,390.302
641.236,0,391.132
585.459,0,403.925
554.061,0,402.265
625.537,0,390.302
577.609,0,403.51
545.796,0,409.699
628.82,0,477.062
586.666,0,529.933
584.176,0,577.029
636.669,0,477.477
624.669,0,555.557
687.88,0,551.028
631.311,0,429.965
122
-1767,0,-448
616.354,0,348.423
627.827,0,386.013
639.934,0,398.755
606.933,0,425.264
604.638,0,417.746
615.085,0,398.121
567.682,0,404.37
535.315,0,406.03
622.995,0,477.891
584.136,0,539.061
592.68,0,593.983
630.513,0,475.596
613.574,0,554.732
676.013,0,543.893
626.558,0,435.711
123
-1779,0,-444.5
617.757,0,343.628
623.531,0,383.291
630.965,0,391.555
598.322,0,413.443
592.133,0,381.63
615.266,0,390.725
567.339,0,403.933
528.092,0,401.858
626.399,0,477.9
599.114,0,547.3
662.325,0,542.771
626.399,0,477.9
598.699,0,555.149
662.325,0,542.771
621.04,0,430.388
124
-1792,0,-445
610.768,0,343.656
616.127,0,391.168
623.977,0,391.583
592.163,0,397.772
585.144,0,381.658
608.278,0,390.753
560.765,0,396.112
521.518,0,394.036
619.41,0,477.928
584.691,0,539.063
639.638,0,541.969
619.41,0,477.928
584.276,0,546.913
647.487,0,542.384
621.486,0,438.68
125
-1804,0,-442.5
611.592,0,344.066
609.102,0,391.162
616.951,0,391.578
577.288,0,397.351
578.119,0,381.652
609.102,0,391.162
553.74,0,396.106
522.342,0,394.446
620.234,0,478.337
577.666,0,539.058
632.197,0,549.813
620.234,0,478.337
569.816,0,538.642
632.197,0,549.813
614.46,0,438.675
126
-1821,0,-443
607.609,0,343.072
605.119,0,390.169
612.968,0,390.584
573.721,0,388.509
567.116,0,364.545
597.269,0,389.754
549.757,0,395.113
510.925,0,385.188
616.251,0,477.344
596.816,0,547.159
626.969,0,572.368
608.402,0,476.929
557.984,0,537.234
596.401,0,555.009
610.477,0,437.681
127
-1828,0,-440.5
595.748,0,342.235
593.66,0,381.715
601.092,0,390.026
561.845,0,387.95
563.515,0,356.366
593.243,0,389.611
538.296,0,386.705
506.898,0,385.044
612.198,0,477.711
600.59,0,548.36
622.886,0,573.293
604.348,0,477.296
546.479,0,529.662
600.173,0,556.256
598.587,0,437.401
128
-1844,0,-439.5
597.598,0,337.103
595.107,0,384.2
595.107,0,384.2
555.627,0,382.112
557.288,0,350.714
587.211,0,383.783
446.329,0,352.718
500.356,0,379.189
598.436,0,470.962
602.596,0,542.025
425.141,0,453.926
598.436,0,470.962
532.778,0,514.719
577.663,0,564.321
592.616,0,431.297
129
-1858,0,-438.5
588.617,0,335.079
586.541,0,374.327
586.126,0,382.176
555.143,0,372.666
548.539,0,348.703
578.277,0,381.761
531.18,0,379.27
491.932,0,377.195
597.259,0,469.351
609.637,0,532.977
417.136,0,451.954
589.409,0,468.936
524.123,0,512.712
440.684,0,453.199
583.635,0,429.273
130
-1865,0,-435
583.606,0,331.058
573.265,0,377.74
581.115,0,378.155
542.282,0,368.23
543.528,0,344.682
573.265,0,377.74
526.168,0,375.249
486.921,0,373.174
584.398,0,464.915
612.475,0,529.371
650.062,0,562.845
576.548,0,464.5
519.111,0,508.691
532.319,0,556.618
578.624,0,425.252
131
-1882,0,-434
573.626,0,329.086
571.135,0,376.183
571.135,0,376.183
540.567,0,358.823
533.963,0,334.86
571.135,0,376.183
516.188,0,373.277
485.206,0,363.767
574.833,0,455.093
602.495,0,527.399
655.781,0,561.703
574.418,0,462.942
516.981,0,507.133
514.49,0,554.23
569.059,0,415.43
132
-1892,0,-431
574.803,0,331.931
566.615,0,371.409
573.892,0,374.502
540.6,0,351.76
535.325,0,323.743
563.522,0,378.686
516.767,0,367.405
484.566,0,362.31
572.07,0,459.643
597.174,0,521.862
652.296,0,553.883
572.07,0,459.643
515.125,0,512.764
659.573,0,556.976
572.981,0,417.072
133
-1904,0,-426.5
561.182,0,330.296
559.07,0,370.24
566.636,0,378.651
527.959,0,352.572
529.649,0,320.617
558.647,0,378.229
510.714,0,375.694
479.181,0,366.015
570.4,0,458.962
590.564,0,532.129
654.052,0,543.498
562.411,0,458.54
511.098,0,519.915
482.945,0,446.326
564.523,0,418.596
134
-1915,0,-425.5
551.181,0,326.452
549.069,0,366.397
556.635,0,374.808
525.947,0,349.152
519.648,0,316.774
548.646,0,374.386
500.713,0,371.851
493.147,0,363.439
560.399,0,455.119
572.152,0,535.852
636.485,0,531.243
560.399,0,455.119
509.086,0,516.495
644.474,0,531.666
554.523,0,414.752
135
-1926,0,-423.5
551.878,0,323.925
548.052,0,366.201
557.999,0,371.387
518.211,0,350.644
505.968,0,337.937
535.045,0,378.393
497.552,0,365.171
470.006,0,357.135
550.348,0,455.94
565.652,0,533.486
619.213,0,517.139
550.348,0,455.94
502.909,0,519.749
496.023,0,579.403
546.522,0,415.999
136
-1938,0,-422
546.505,0,324.76
535.227,0,370.023
545.214,0,375.34
515.899,0,334.101
521.861,0,298.824
529.911,0,380.01
482.312,0,361.081
460.003,0,342.797
545.613,0,458.861
553.663,0,540.047
604.889,0,516.048
537.961,0,461.196
498.412,0,523.453
612.54,0,513.713
541.588,0,418.268
137
-1955,0,-419.5
539.19,0,324.283
528.666,0,371.793
536.655,0,372.216
522.79,0,331.427
524.902,0,291.483
520.255,0,379.36
489.144,0,361.692
466.868,0,328.469
539.996,0,460.516
536.194,0,532.415
593.806,0,503.417
539.574,0,468.504
496.672,0,522.314
593.806,0,503.417
534.12,0,420.149
138
-1966,0,-418
531.723,0,309.123
528.816,0,364.092
528.401,0,371.945
522.904,0,324.406
533.384,0,277.713
520.412,0,371.522
481.714,0,345.852
466.982,0,321.449
532.237,0,450.894
520.51,0,521.145
569.689,0,500.122
532.237,0,450.894
504.533,0,520.3
569.689,0,500.122
526.324,0,411.208
139
-1979,0,-415
519.475,0,329.466
521.432,0,365.068
532.971,0,317.816
528.863,0,307.378
534.143,0,274.852
503.828,0,366.278
481.139,0,339.249
468.816,0,307.933
529.453,0,446.711
501.288,0,512.974
560.357,0,494.617
522.216,0,443.635
501.288,0,512.974
560.357,0,494.617
520.259,0,408.033
140
-1994,0,-413.5
513.829,0,317.631
519.183,0,365.998
534.72,0,374.864
537.793,0,318.949
540.427,0,271.021
503.646,0,357.132
473.012,0,331.412
466.78,0,299.022
522.781,0,446.317
487.317,0,508.464
518.391,0,526.196
522.781,0,446.317
510.842,0,517.769
547.27,0,583.868
516.988,0,405.938
141
-2009,0,-416
523.164,0,310.182
511.869,0,357.276
528.383,0,350.445
531.145,0,310.737
541.888,0,271.584
504.441,0,348.779
474.175,0,322.734
468.404,0,290.412
514.325,0,437.247
470.002,0,498.004
509.906,0,500.78
521.754,0,445.744
517.334,0,509.277
552.818,0,575.585
517.088,0,397.539
142
-2015,0,-412
515.174,0,305.608
571.756,0,319.412
556.08,0,328.03
548.398,0,336.336
555.768,0,320.036
500.747,0,346.202
475.517,0,315.162
466.275,0,283.498
565.634,0,367.687
559.2,0,407.969
552.454,0,440.257
581.622,0,367.063
583.182,0,407.033
584.429,0,439.009
510.612,0,393.853
143
-2027,0,-410
579.32,0,291.908
580.561,0,323.727
564.574,0,324.351
556.89,0,332.618
564.574,0,324.351
501.243,0,342.757
476.02,0,311.874
466.784,0,280.367
574.12,0,363.813
567.678,0,403.899
568.92,0,435.717
590.418,0,371.144
591.66,0,402.963
592.902,0,434.781
581.493,0,347.591
144
-2036,0,-407.5
593.659,0,291.25
586.601,0,315.544
578.607,0,315.856
563.244,0,332.468
578.919,0,323.85
499.292,0,334.964
474.063,0,303.924
464.821,0,272.26
580.791,0,371.814
582.039,0,403.789
575.293,0,436.077
596.779,0,371.19
606.021,0,402.853
607.269,0,434.829
501.164,0,382.927
145
-2053,0,-407
511.735,0,290.351
600.916,0,318.895
584.928,0,319.519
527.723,0,289.727
542.463,0,257.127
497.307,0,330.944
472.077,0,299.905
470.829,0,267.929
594.794,0,367.17
588.048,0,399.458
589.608,0,439.427
610.782,0,366.546
519.223,0,482.205
561.376,0,536.602
601.852,0,342.876
146
-2059,0,-407.5
512.05,0,285.002
505.647,0,325.086
489.738,0,325.707
472.586,0,294.509
471.345,0,262.69
513.602,0,324.776
527.959,0,284.381
542.627,0,251.941
602.656,0,361.134
430.136,0,431.602
597.496,0,433.038
618.566,0,360.514
620.118,0,400.287
629.314,0,431.796
499.245,0,365.17
147
-2073,0,-405.5
618.281,0,286.621
619.529,0,318.597
611.535,0,318.909
595.859,0,327.527
544.464,0,241.465
491.626,0,323.589
466.084,0,284.555
473.142,0,260.261
613.407,0,366.872
423.425,0,422.323
608.221,0,439.129
629.395,0,366.248
638.636,0,397.912
555.383,0,521.252
620.465,0,342.578
148
-2084,0,-405.5
626.052,0,284.347
627.3,0,316.322
619.345,0,316.633
530.283,0,280.078
544.633,0,239.488
491.757,0,313.606
466.645,0,282.562
473.352,0,250.276
621.217,0,364.596
423.909,0,412.327
442.002,0,467.664
637.126,0,363.975
646.329,0,395.641
647.577,0,427.616
628.236,0,340.304
149
-2090.5,0,-403
643.254,0,283.876
636.541,0,316.005
516.909,0,312.707
612.987,0,324.891
545.934,0,239.873
492.735,0,305.684
467.629,0,274.796
474.652,0,250.622
630.449,0,364.044
631.69,0,395.863
624.978,0,427.992
646.358,0,363.423
655.555,0,394.931
656.796,0,426.75
637.472,0,339.869
150
-2102,0,-401
648.512,0,285.557
649.753,0,317.376
633.533,0,310.042
626.2,0,326.262
633.533,0,310.042
490.038,0,307.676
472.887,0,276.478
471.645,0,244.659
643.351,0,357.46
636.948,0,397.544
638.19,0,429.363
659.26,0,356.839
487.982,0,459.126
670.009,0,428.121
650.374,0,333.286
151
-2109.5,0,-400.5
658.819,0,285.065
660.067,0,317.041
516.57,0,314.635
636.515,0,325.966
643.845,0,309.668
492.082,0,299.579
466.969,0,268.535
473.988,0,244.242
653.672,0,357.321
647.277,0,397.601
648.525,0,429.577
669.582,0,356.7
671.141,0,396.67
680.344,0,428.335
660.691,0,333.029
152
-2124.5,0,-397
667.141,0,280.83
668.383,0,312.649
524.182,0,310.31
644.712,0,321.539
660.389,0,312.961
491.585,0,295.648
474.356,0,264.453
473.114,0,232.634
662.252,0,360.689
414.751,0,378.315
656.741,0,424.639
678.24,0,360.065
687.475,0,391.572
688.717,0,423.391
669.314,0,336.513
153
-2139.5,0,-398
674.99,0,280.516
676.232,0,312.335
516.516,0,302.634
652.678,0,321.221
545.231,0,221.845
492.342,0,295.611
475.19,0,264.413
473.948,0,232.594
670.14,0,360.373
671.382,0,392.192
664.669,0,424.322
686.049,0,359.752
695.246,0,391.261
696.488,0,423.08
677.163,0,336.199
154
-2154.5,0,-398
528.91,0,258.066
506.606,0,298.967
522.516,0,298.346
666.949,0,324.734
543.26,0,217.476
498.339,0,291.284
473.227,0,260.24
471.979,0,228.264
684.106,0,356.089
413.333,0,358.65
415.829,0,422.601
477.595,0,372.154
448.272,0,437.347
710.778,0,427.102
491.945,0,331.564
155
-2160.5,0,-395.5
699.077,0,284.33
700.009,0,308.194
684.021,0,308.818
676.648,0,325.04
684.021,0,308.818
499.229,0,292.13
474.006,0,261.247
472.764,0,229.428
693.877,0,356.234
413.47,0,351.245
688.678,0,428.139
709.865,0,355.611
440.556,0,429.856
720.653,0,426.891
700.94,0,332.058
156
-2177.5,0,-395
531.508,0,252.024
707.321,0,308.903
525.182,0,292.109
531.197,0,244.068
545.713,0,211.631
501.235,0,285.076
468.479,0,254.484
467.237,0,222.662
693.427,0,357.251
694.669,0,389.073
411.349,0,408.098
717.063,0,356.328
718.305,0,388.15
719.547,0,419.972
708.253,0,332.769
157
-2186.5,0,-393.5
712.017,0,276.901
713.265,0,308.876
697.503,0,309.492
689.934,0,317.793
543.712,0,211.414
499.235,0,285.205
474.345,0,254.152
473.097,0,222.177
707.256,0,357.147
708.504,0,389.123
702.183,0,429.4
723.017,0,356.532
732.146,0,388.2
733.394,0,420.176
714.201,0,332.858
158
-2196.5,0,-393.5
718.14,0,276.765
719.388,0,308.741
711.505,0,309.048
696.051,0,317.658
549.792,0,211.281
505.302,0,285.072
472.523,0,254.327
471.275,0,222.351
713.377,0,357.012
714.625,0,388.988
716.185,0,428.957
729.143,0,356.397
738.274,0,388.065
739.522,0,420.04
491.096,0,325.657
159
-2208.5,0,-391.5
730.153,0,278.287
731.401,0,310.262
715.632,0,310.878
708.059,0,319.179
545.681,0,205.425
501.491,0,287.211
476.589,0,256.158
738.974,0,301.961
725.076,0,350.54
726.636,0,390.509
719.999,0,422.793
740.846,0,349.924
418.501,0,386.523
751.539,0,421.562
732.337,0,334.244
160
-2218.5,0,-392
737.883,0,271.947
739.114,0,303.486
525.298,0,288.14
715.767,0,312.294
545.876,0,208.368
501.336,0,281.179
476.45,0,250.562
746.691,0,295.294
733.075,0,351.103
734.306,0,382.643
727.96,0,422.375
748.845,0,350.488
423.718,0,315.795
759.5,0,421.144
740.037,0,327.141
161
-2227.5,0,-390.5
545.639,0,243.849
515.616,0,284.533
523.815,0,292.116
537.748,0,244.157
551.99,0,204.088
499.527,0,277.259
474.932,0,254.511
473.7,0,222.949
739.323,0,346.925
740.863,0,386.378
742.095,0,417.94
470.737,0,349.505
429.744,0,311.592
773.657,0,416.709
493.177,0,317.019
162
-2238.5,0,-389.5
752.998,0,275.889
762.128,0,307.286
746.343,0,307.902
730.868,0,316.444
746.034,0,299.975
500.135,0,277.819
475.53,0,254.965
474.293,0,223.26
747.89,0,347.532
749.436,0,387.163
750.674,0,418.868
771.567,0,346.608
773.113,0,386.239
782.243,0,417.636
493.79,0,317.758
163
-2246.5,0,-388.5
760.28,0,272.028
769.406,0,303.296
753.618,0,303.912
738.138,0,312.423
753.31,0,296.018
507.672,0,281.887
474.864,0,251.543
473.632,0,219.967
763.361,0,350.968
436.934,0,292.554
757.931,0,414.428
779.149,0,350.352
780.381,0,381.928
789.507,0,413.196
493.117,0,314.079
164
-2257.5,0,-388
772.781,0,272.642
781.947,0,304.046
766.091,0,304.665
750.543,0,313.212
548.002,0,209.95
511.144,0,282.853
478.193,0,252.377
781.638,0,296.117
767.947,0,352.235
769.185,0,383.948
770.423,0,415.662
791.732,0,351.307
792.97,0,383.02
802.136,0,414.424
496.525,0,315.185
165
-2270.5,0,-388.5
551.711,0,256.485
528.756,0,281.202
537.026,0,288.82
761.176,0,311.833
549.854,0,208.914
504.872,0,282.134
480.06,0,259.281
478.823,0,227.568
778.646,0,350.854
779.883,0,382.568
781.43,0,422.21
794.568,0,350.233
803.767,0,381.635
812.966,0,413.038
785.678,0,326.758
166
-2277.5,0,-389
796.468,0,274.882
797.716,0,306.858
781.728,0,307.482
774.047,0,315.788
781.417,0,299.488
508.999,0,294.108
483.458,0,255.074
474.216,0,223.41
791.282,0,347.14
792.842,0,387.109
786.096,0,419.397
807.27,0,346.516
816.824,0,386.173
818.072,0,418.149
798.652,0,330.84
167
-2287.5,0,-388
806.434,0,275.588
807.682,0,307.564
791.694,0,308.188
776.019,0,316.805
791.382,0,300.194
510.66,0,287.131
485.43,0,256.092
484.182,0,224.116
801.248,0,347.845
802.808,0,387.815
796.062,0,420.102
817.236,0,347.221
826.79,0,386.879
828.038,0,418.854
487.614,0,312.049
168
-2295.5,0,-388
808.585,0,273.515
809.833,0,305.491
794.03,0,306.108
778.538,0,314.719
793.718,0,298.114
508.322,0,285.234
483.681,0,262.177
482.121,0,222.208
803.803,0,353.763
805.051,0,385.739
798.398,0,418.023
819.607,0,353.146
828.756,0,384.813
830.004,0,416.789
810.769,0,329.473
169
-2304.5,0,-387
819.107,0,269.15
820.35,0,301.003
812.387,0,301.314
796.771,0,309.898
804.113,0,293.661
516.817,0,288.923
483.721,0,258.314
482.478,0,226.461
814.251,0,349.093
815.805,0,388.909
817.048,0,420.761
830.178,0,348.471
839.384,0,380.013
848.59,0,411.555
821.282,0,324.892
170
-2315.5,0,-387
827.194,0,268.841
828.433,0,300.579
812.564,0,301.198
797.005,0,309.751
562.577,0,207.652
510.134,0,289.162
485.092,0,258.354
483.544,0,218.683
822.357,0,348.494
823.595,0,380.231
817.209,0,420.212
838.225,0,347.874
847.398,0,379.302
856.571,0,410.729
829.362,0,324.381
171
-2323.5,0,-387
835.505,0,270.565
836.753,0,302.541
820.939,0,303.158
805.437,0,311.769
812.72,0,295.472
511.629,0,291.211
486.66,0,260.161
485.1,0,220.192
822.811,0,351.121
824.059,0,383.097
825.619,0,423.066
846.532,0,350.195
855.687,0,381.862
856.935,0,413.838
837.689,0,326.522
172
-2332.5,0,-387
572.078,0,271.809
540.758,0,280.95
834.553,0,301.16
811.14,0,309.993
826.337,0,293.562
517.346,0,289.783
484.175,0,251.482
482.94,0,219.854
836.096,0,340.696
837.639,0,380.231
830.966,0,412.167
852.218,0,347.985
861.36,0,379.305
411.16,0,206.818
493.625,0,290.709
173
-2342.5,0,-387
848.797,0,267.534
850.035,0,299.236
834.199,0,299.854
818.672,0,308.398
833.889,0,291.929
865.871,0,298.618
874.098,0,306.235
857.643,0,291.002
843.973,0,347.098
845.519,0,386.725
846.756,0,418.427
859.809,0,346.48
868.964,0,377.873
878.119,0,409.266
850.963,0,323.013
174
-2351.5,0,-386
572.356,0,269.977
858.949,0,298.411
843.113,0,299.029
827.585,0,307.559
553.741,0,199.389
517.547,0,287.963
883.012,0,305.395
866.558,0,290.19
852.883,0,346.19
854.427,0,385.749
847.744,0,417.706
868.719,0,345.572
877.873,0,376.911
879.416,0,416.469
859.875,0,322.146
175
-2359.5,0,-386
862.45,0,266.35
863.683,0,297.948
855.765,0,298.257
840.237,0,306.774
847.538,0,290.667
879.519,0,297.33
887.745,0,304.92
871.292,0,289.739
857.615,0,345.653
859.156,0,385.15
860.389,0,416.748
873.451,0,345.035
882.602,0,376.324
892.061,0,415.512
864.608,0,321.646
176
-2365.5,0,-386
871.595,0,267.905
872.836,0,299.716
857,0,300.334
841.474,0,308.905
856.69,0,292.382
523.202,0,281.502
896.901,0,306.742
880.444,0,291.455
866.78,0,347.743
868.332,0,387.507
869.574,0,419.318
882.616,0,347.124
891.776,0,378.627
900.936,0,410.129
873.767,0,323.575
177
-2377.5,0,-385.5
880.639,0,266.615
881.876,0,298.317
873.958,0,298.626
850.513,0,307.479
865.731,0,291.01
516.41,0,280.831
905.939,0,305.316
889.485,0,290.083
875.814,0,346.179
877.36,0,385.807
870.68,0,417.818
891.65,0,345.561
900.805,0,376.954
910.27,0,416.272
882.804,0,322.094
178
-2384.5,0,-385.5
576.093,0,261.596
536.811,0,271.039
537.119,0,278.937
534.653,0,215.752
489.091,0,470.654
528.893,0,271.348
488.378,0,249.199
479.227,0,217.915
457.322,0,266.231
502.673,0,209.09
468.843,0,155.039
465.24,0,265.922
494.755,0,209.399
749.461,0,436.762
497.221,0,272.584
179
-2392.5,0,-383.5
576.067,0,258.752
544.705,0,267.941
543.774,0,244.084
527.007,0,220.845
497.348,0,476.863
528.869,0,268.559
488.348,0,246.247
479.499,0,222.699
383.082,0,393.714
502.632,0,205.868
476.395,0,143.176
478.568,0,198.842
486.486,0,198.533
468.787,0,151.438
497.197,0,269.795
180
-2400.5,0,-383.5
580.313,0,251.827
541.035,0,261.366
540.099,0,237.384
530.933,0,205.717
521.767,0,174.051
525.199,0,261.984
484.984,0,247.541
483.736,0,215.566
387.666,0,395.449
507.179,0,206.645
480.929,0,143.62
387.666,0,395.449
483.113,0,199.578
480.929,0,143.62
501.444,0,262.911
181
-2407.5,0,-383
584.122,0,251.026
544.532,0,252.571
535.992,0,236.944
518.601,0,197.722
513.649,0,477.219
528.696,0,253.189
488.484,0,238.798
479.633,0,215.203
473.58,0,263.32
502.765,0,198.34
484.441,0,135.215
465.351,0,255.661
502.765,0,198.34
484.441,0,135.215
497.024,0,254.425
182
-2414.5,0,-383
580.623,0,239.419
543.949,0,254.412
531.882,0,224.896
512.481,0,198.378
515.084,0,162.865
536.614,0,257.41
487.873,0,242.887
475.807,0,213.37
486.572,0,260.643
505.146,0,201.376
516.676,0,480.867
483.555,0,253.264
462.852,0,244.503
495.683,0,136.347
501.241,0,254.646
183
-2423.5,0,-382
575.556,0,244.399
546.982,0,246.01
498.006,0,125.409
488.819,0,156.768
483.642,0,181.292
532.111,0,255.66
486.992,0,238.378
483.642,0,181.292
408.475,0,403.617
457.25,0,257.678
501.862,0,228.728
489.327,0,203
461.26,0,250.843
450.398,0,253.659
507.547,0,250.437
184
-2431.5,0,-380.5
585.238,0,245.232
545.895,0,238.012
543.035,0,253.6
489.385,0,235.7
519.423,0,160.648
543.035,0,253.6
344.188,0,450.747
312.714,0,444.972
422.157,0,424.772
489.385,0,235.7
507.976,0,134.378
423.587,0,416.978
497.253,0,237.143
501.538,0,125.141
357.048,0,203.36
185
-2437.5,0,-381
563.251,0,253.023
544.938,0,240.048
546.26,0,247.861
496.609,0,240.188
497.93,0,248.001
543.616,0,232.235
527.851,0,186.682
537.584,0,482.392
431.673,0,427.98
463.948,0,237.676
509.442,0,125.504
425.16,0,437.118
463.948,0,237.676
509.442,0,125.504
523.982,0,211.447
186
-2443.5,0,-379.5
585.267,0,232.29
545.924,0,225.071
539.485,0,215.833
495.852,0,231.996
527.321,0,149.15
543.064,0,240.659
367.823,0,442.137
336.348,0,436.362
500.86,0,249.027
456.509,0,224.776
509.435,0,113.643
499.43,0,256.821
462.947,0,234.014
509.435,0,113.643
519.458,0,236.327
187
-2450.5,0,-379.5
581.612,0,231.738
543.149,0,222.414
539.189,0,205.147
500.5,0,163.154
521.486,0,143.781
539.415,0,237.816
493.259,0,226.627
335.383,0,441.117
497.218,0,243.894
462.488,0,219.168
505.875,0,107.382
497.218,0,243.894
460.621,0,226.869
505.875,0,107.382
510.511,0,222.656
188
-2457.5,0,-379.5
588.253,0,227.349
546.206,0,219.945
541.687,0,237.08
498.02,0,221.92
491.88,0,231.298
504.16,0,212.542
545.026,0,446.858
479.256,0,209.65
473.116,0,219.029
503.816,0,172.137
522.236,0,144.002
473.116,0,219.029
500.575,0,156.624
514.132,0,105.22
515.163,0,226.433
189
-2465.5,0,-379.5
587.329,0,217.476
554.622,0,216.216
550.092,0,233.353
498.6,0,219.827
522.87,0,141.899
550.092,0,233.353
498.6,0,219.827
487.587,0,205.938
473.665,0,216.943
502.797,0,162.284
514.765,0,103.116
472.044,0,209.186
501.176,0,154.527
513.144,0,95.3597
514.143,0,216.579
190
-2470.5,0,-379.5
591.01,0,210.006
550.289,0,212.146
544.63,0,195.319
532.183,0,169.509
520.865,0,135.855
548.029,0,227.832
509.568,0,214.286
497.12,0,188.476
471.106,0,200.74
502.769,0,149.26
510.677,0,94.3586
469.976,0,208.583
500.52,0,220.989
511.807,0,86.5155
517.486,0,215.427
191
-2480.5,0,-378.5
590.877,0,215.595
551.44,0,209.914
537.925,0,191.956
525.539,0,166.154
522.171,0,133.646
549.18,0,225.6
510.873,0,212.077
498.488,0,186.275
472.566,0,198.553
497.379,0,138.08
516.543,0,116.823
472.566,0,198.553
497.379,0,138.08
513.175,0,84.3147
510.873,0,212.077
192
-2485.5,0,-377.5
588.623,0,204.284
556.005,0,207.591
542.521,0,189.637
499.773,0,207.497
518.942,0,130.2
547.004,0,214.3
507.644,0,208.631
511.106,0,73.0305
470.545,0,187.275
494.196,0,134.641
495.29,0,182.834
477.287,0,196.252
503.198,0,127.932
511.106,0,73.0305
516.646,0,201.922
193
-2493.5,0,-377.5
589.83,0,201.673
550.239,0,195.97
544.58,0,179.143
532.133,0,153.332
519.685,0,127.522
547.979,0,211.656
500.47,0,204.812
503.859,0,181.283
510.647,0,190.267
472.186,0,176.721
503.839,0,69.1986
491.422,0,211.515
507.258,0,213.796
503.839,0,69.1986
518.566,0,191.407
194
-2498.5,0,-378.5
604.192,0,184.079
564.349,0,184.43
556.311,0,176.576
540.095,0,145.022
531.848,0,113.397
556.451,0,192.424
516.609,0,192.775
508.361,0,161.15
508.361,0,161.15
515.911,0,113.537
515.353,0,50.1473
492.494,0,169.214
507.943,0,113.607
515.353,0,50.1473
524.437,0,176.857
195
-2505.5,0,-377.5
602.792,0,177.032
564.013,0,184.094
553.418,0,169.915
539.983,0,140.144
525.128,0,102.577
557.677,0,193.302
516.059,0,184.773
511.799,0,161.386
502.624,0,155.002
523.708,0,94.7816
513.77,0,40.2108
496.288,0,164.211
515.952,0,96.1941
506.014,0,41.6233
530.15,0,174.152
196
-2510.5,0,-377.5
603.635,0,172.407
564.609,0,178.988
554.169,0,164.677
541.094,0,134.738
526.701,0,96.9853
558.122,0,188.118
517.779,0,186.885
512.509,0,155.63
504.703,0,156.946
518.895,0,98.3014
508.355,0,35.7915
498.216,0,166.076
509.773,0,91.8038
508.355,0,35.7915
530.754,0,168.625
197
-2517.5,0,-378.5
598.093,0,176.319
565.495,0,171.775
548.773,0,165.538
536.607,0,126.736
517.348,0,96.7106
551.31,0,189.328
518.712,0,184.784
515.33,0,153.065
507.392,0,153.912
516.502,0,88.7809
509.737,0,25.3431
492.361,0,163.534
504.009,0,122.193
510.583,0,33.2728
524.959,0,168.078
198
-2523.5,0,-377.5
596.116,0,166.462
563.487,0,164.258
554.282,0,157.856
531.679,0,121.655
518.282,0,91.854
549.269,0,174.855
518.037,0,180.45
520.256,0,147.852
503.243,0,142.85
509.077,0,85.4529
497.898,0,23.0539
496.832,0,152.048
509.077,0,85.4529
497.898,0,23.0539
523.05,0,163.452
199
-2529.5,0,-379
603.277,0,160.528
563.091,0,160.403
553.824,0,154.159
530.673,0,118.352
515.253,0,81.0148
556.9,0,169.706
527.521,0,183.597
521.368,0,152.504
501.294,0,132.243
507.523,0,82.5444
495.217,0,20.358
495.103,0,141.546
496.679,0,108.924
495.217,0,20.358
521.368,0,152.504
200
-2536.5,0,-378.5
600.412,0,155.598
559.735,0,156.625
550.209,0,150.646
533.727,0,113.743
511.197,0,86.3218
555.425,0,173.838
532.062,0,179.093
525.107,0,148.169
502.577,0,120.749
498.193,0,64.8805
486.022,0,10.764
488.74,0,131.983
490.405,0,66.6321
486.022,0,10.764
525.107,0,148.169
201
-2543.5,0,-377.5
602.785,0,156.204
562.39,0,159.25
548.347,0,138.489
532.175,0,110.095
516.002,0,81.7009
556.867,0,169.019
526.255,0,177.561
525.388,0,144.896
507.952,0,141.535
507.085,0,108.87
498.566,0,78.3398
504.559,0,158.935
496.039,0,128.406
490.913,0,80.4755
527.518,0,152.528
202
-2548.5,0,-377.5
598.786,0,153.721
564.004,0,159.969
553.349,0,140.296
537.367,0,110.785
513.812,0,79.0365
561.759,0,167.569
539.877,0,185.891
533.713,0,151.019
510.157,0,119.27
503.993,0,84.3981
485.766,0,62.4867
500.339,0,124.632
501.748,0,91.9974
463.883,0,80.8092
528.385,0,141.182
203
-2555.5,0,-376.5
599.909,0,150.536
560.464,0,149.682
552.918,0,133.667
529.765,0,109.388
506.784,0,77.1871
560.121,0,165.527
544,0,181.029
528.907,0,148.999
513.472,0,132.813
506.098,0,108.876
498.895,0,77.0163
512.443,0,180.346
498.552,0,92.8607
491.177,0,68.9233
536.454,0,165.014
204
-2560.5,0,-378.5
584.625,0,154.396
559.833,0,168.559
538.338,0,135.292
538.338,0,135.292
501.597,0,93.0224
582.427,0,186.016
581.878,0,193.921
583.526,0,170.206
484.154,0,115.639
472.205,0,59.2067
459.706,0,10.679
484.154,0,115.639
472.205,0,59.2067
451.809,0,10.13
506.198,0,141.001
205
-2565.5,0,-377.5
589.784,0,163.291
550.515,0,160.562
537.005,0,127.85
,,
499.934,0,93.5005
526.404,0,166.829
595.989,0,187.552
492.08,0,92.9546
482.578,0,116.124
470.717,0,59.697
450.452,0,10.6294
483.128,0,108.219
470.717,0,59.697
457.756,0,19.0803
505.041,0,133.571
206
-2571.5,0,-376.5
587.94,0,143.112
562.449,0,165.322
540.83,0,131.843
525.495,0,122.783
515.339,0,154.053
553.953,0,172.725
518.104,0,114.276
503.323,0,97.2605
478.385,0,111.515
474.312,0,55.2744
523.283,0,154.605
478.938,0,103.56
473.759,0,63.2299
523.283,0,154.605
501.111,0,129.082
207
-2576.5,0,-377.5
582.14,0,147.824
557.376,0,161.989
526.372,0,151.891
528.57,0,120.271
498.665,0,94.3632
556.277,0,177.799
520.681,0,119.723
498.665,0,94.3632
481.789,0,109.077
469.309,0,60.55
,,
481.789,0,109.077
469.309,0,60.55
,,
503.806,0,134.436
208
-2581.5,0,-378.5
576.924,0,138.253
559.536,0,160.874
543.796,0,159.78
588.817,0,194.682
500.972,0,93.258
543.796,0,159.78
522.933,0,118.614
500.972,0,93.258
484.133,0,107.974
456.5,0,50.451
483.584,0,115.879
484.683,0,100.069
456.5,0,50.451
,,
550.017,0,184.042
209
-2587.5,0,-377.5
583.687,0,135.545
558.153,0,157.6
534.816,0,148.035
529.052,0,115.861
506.815,0,90.4862
549.092,0,172.856
539.481,0,196.018
506.815,0,90.4862
481.83,0,104.636
461.791,0,47.6408
506.265,0,98.3912
481.83,0,104.636
453.829,0,47.0874
,,
504.068,0,130.011
210
-2592.5,0,-377.5
583.039,0,136.886
557.448,0,158.937
548.918,0,166.287
546.171,0,205.812
505.979,0,91.8139
549.467,0,158.382
520.292,0,116.638
533.506,0,157.273
480.937,0,105.96
460.841,0,48.9607
505.979,0,91.8139
480.937,0,105.96
460.841,0,48.9607
505.979,0,91.8139
511.212,0,131.894
211
-2597.5,0,-377.5
562.891,0,129.816
552.824,0,160.889
537.633,0,151.89
524.641,0,111.271
502.13,0,93.8199
551.725,0,176.699
535.435,0,183.51
537.084,0,159.795
485.291,0,108.536
458.207,0,43.1079
,,
485.291,0,108.536
458.207,0,43.1079
,,
507.802,0,125.987
212
-2602.5,0,-378.5
577.526,0,154.704
546.047,0,152.516
530.307,0,151.422
525.184,0,111.35
502.674,0,93.899
537.627,0,159.874
525.184,0,111.35
502.674,0,93.899
478.514,0,100.163
450.332,0,50.545
502.674,0,93.899
485.835,0,108.615
450.332,0,50.545
,,
508.346,0,126.066
213
-2607.5,0,-378.5
581.754,0,152.495
549.831,0,150.276
543.509,0,125.855
528.653,0,108.834
505.817,0,91.2592
548.172,0,174.142
539.085,0,189.499
505.817,0,91.2592
488.75,0,106.061
452.717,0,47.5987
407.044,0,12.4484
488.75,0,106.061
444.736,0,47.044
,,
511.033,0,131.591
214
-2610.5,0,-377.5
584.066,0,149.152
544.445,0,146.398
545.544,0,130.588
522.87,0,113.126
508.669,0,88.3095
542.796,0,170.113
541.697,0,185.923
508.12,0,96.2144
483.248,0,110.372
447.473,0,52.2831
,,
483.248,0,110.372
447.473,0,52.2831
,,
513.297,0,136.29
215
-2614.5,0,-377.5
582.664,0,150.216
543.038,0,147.462
534.013,0,162.721
521.46,0,114.189
507.257,0,89.3726
534.563,0,154.816
521.46,0,114.189
507.257,0,89.3726
489.758,0,111.986
445.503,0,61.2506
400.698,0,18.4205
489.758,0,111.986
446.053,0,53.3457
400.698,0,18.4205
504.51,0,128.897
216
-2620.5,0,-377.5
580.695,0,148.55
540.612,0,153.707
540.062,0,161.612
578.497,0,180.17
504.924,0,95.6241
532.705,0,153.157
519.089,0,120.438
504.924,0,95.6241
480.104,0,109.785
443.867,0,59.6075
398.623,0,24.69
480.104,0,109.785
443.867,0,59.6075
398.623,0,24.69
502.726,0,127.244
217
-2624.5,0,-377.5
575.573,0,153.612
536.316,0,150.883
535.217,0,166.693
,,
500.905,0,92.8194
536.865,0,142.978
514.959,0,117.626
500.905,0,92.8194
483.553,0,115.443
439.742,0,64.7386
395.38,0,21.9393
483.553,0,115.443
439.742,0,64.7386
395.38,0,21.9393
506.009,0,132.89
218
-2628.5,0,-377.5
580.359,0,157.064
545.513,0,150.583
532.464,0,162.575
519.34,0,116.878
505.16,0,96.2169
545.513,0,150.583
519.34,0,116.878
497.542,0,98.4047
476.875,0,112.584
440.897,0,73.451
395.114,0,28.8892
484.493,0,110.397
438.71,0,65.8348
395.114,0,28.8892
508.479,0,136.486
219
-2632.5,0,-376.5
581.375,0,158.568
548.644,0,159.724
534.446,0,139.068
520.249,0,118.413
498.415,0,99.9502
541.008,0,161.917
539.935,0,186.958
498.415,0,99.9502
477.695,0,114.145
441.664,0,75.0271
393.622,0,22.8696
477.695,0,114.145
441.664,0,75.0271
393.622,0,22.8696
509.352,0,138.031
220
-2636.5,0,-376.5
578.617,0,166.573
543.628,0,160.133
537.066,0,137.285
515.197,0,118.832
503.169,0,105.798
538.162,0,169.947
517.384,0,126.448
493.328,0,100.38
482.395,0,120.008
436.47,0,75.4876
392.731,0,38.5828
482.395,0,120.008
436.47,0,75.4876
388.357,0,23.3505
504.264,0,138.461
221
-2642.5,0,-376
576.622,0,144.191
544.824,0,150.776
544.824,0,150.776
520.479,0,118.541
510.123,0,97.1431
537.737,0,154.205
520.479,0,118.541
506.672,0,90.0104
488.864,0,107.431
443.442,0,67.7904
390.933,0,31.5788
478.325,0,103.728
439.99,0,60.6576
390.933,0,31.5788
516.844,0,129.103
222
-2645.5,0,-376
575.267,0,152.311
539.706,0,149.911
545.782,0,164.549
523.222,0,131.015
523.302,0,422.684
536.669,0,142.593
517.147,0,116.377
500.662,0,97.4809
481.586,0,113.978
438.208,0,71.9258
387.459,0,32.933
488.957,0,110.919
438.208,0,71.9258
390.496,0,40.2517
508.479,0,137.134
223
-2649.5,0,-375
578.239,0,157.631
539.557,0,148.765
533.139,0,134.274
519.457,0,123.002
499.356,0,97.2384
535.502,0,159.227
541.921,0,173.718
553.239,0,160.038
480.774,0,114.136
436.519,0,73.0719
388.209,0,42.4707
480.774,0,114.136
436.519,0,73.0719
388.209,0,42.4707
508.138,0,136.681
224
-2653.5,0,-376
574.532,0,157.706
531.631,0,159.497
532.461,0,141.772
515.485,0,123.316
498.508,0,104.86
531.631,0,159.497
500.907,0,129.821
498.508,0,104.86
479.872,0,121.854
435.401,0,80.9583
383.642,0,43.3154
476.642,0,114.618
435.401,0,80.9583
386.871,0,50.5516
504.137,0,137.057
225
-2657.5,0,-375
577.731,0,163.945
535.046,0,164.317
529.034,0,149.653
509.676,0,123.333
493.324,0,104.345
527.711,0,167.324
548.392,0,175.974
493.324,0,104.345
474.325,0,120.698
434.286,0,85.7282
386.911,0,53.7656
477.331,0,128.03
434.286,0,85.7282
379.577,0,56.7726
501.018,0,144.011
226
-2661.5,0,-376
575.121,0,162.514
535.538,0,169.388
538.407,0,176.774
513.85,0,135.308
497.9,0,116.001
525.326,0,164.853
513.85,0,135.308
497.9,0,116.001
478.741,0,131.943
429.287,0,91.6467
382.701,0,58.7366
475.872,0,124.557
429.287,0,91.6467
382.701,0,58.7366
502.034,0,148.398
227
-2664.5,0,-375
568.064,0,176.505
533.021,0,171.988
527.782,0,157.031
512.472,0,137.206
497.162,0,117.38
530.401,0,164.51
515.092,0,144.684
489.711,0,119.99
477.429,0,132.689
431.908,0,98.2576
378.936,0,66.4365
477.429,0,132.689
431.908,0,98.2576
378.936,0,66.4365
502.81,0,157.383
228
-2668.5,0,-376
564.552,0,181.388
528.973,0,180.986
525.524,0,173.852
511.728,0,145.315
494.211,0,127.379
528.973,0,180.986
504.558,0,148.782
494.211,0,127.379
476.149,0,144.913
430.495,0,105.374
377.672,0,69.3006
472.7,0,137.779
430.495,0,105.374
373.95,0,79.9012
500.836,0,159.382
229
-2671.5,0,-376
562.426,0,186.594
527.189,0,184.907
527.955,0,167.225
503.902,0,151.899
494.25,0,130.174
527.189,0,184.907
540.824,0,196.191
487.049,0,133.373
475.865,0,147.013
424.542,0,109.119
376.435,0,78.4665
475.865,0,147.013
424.542,0,109.119
376.435,0,78.4665
499.918,0,162.339
230
-2673.5,0,-377
558.824,0,192.938
523.132,0,191.832
526.427,0,199.039
536.997,0,202.918
546.622,0,416.346
516.541,0,177.42
499.38,0,159.127
489.495,0,137.508
466.983,0,165.228
418.795,0,117.557
377.198,0,84.2987
470.963,0,154.695
418.795,0,117.557
369.922,0,87.6255
495.4,0,169.66
231
-2676.5,0,-376.5
384.092,0,356.74
344.281,0,362.911
341.55,0,355.472
508.253,0,167.676
489.916,0,140.642
523.86,0,187.27
536.737,0,199.426
489.916,0,140.642
473.127,0,163.685
424.351,0,122.501
370.888,0,91.4777
473.127,0,163.685
416.935,0,125.223
373.619,0,98.9165
496.151,0,180.558
232
-2680.5,0,-377.5
555.398,0,198.053
526.615,0,211.328
527.124,0,193.51
492.163,0,174.466
478.28,0,163.286
529.959,0,218.577
488.311,0,185.035
478.28,0,163.286
467.232,0,177.172
407.849,0,143.017
362.349,0,120.043
452.841,0,183.81
407.849,0,143.017
366.201,0,109.474
494.998,0,199.534
233
-2684.5,0,-377.5
389.406,0,355.795
522.235,0,202.415
520.8,0,194.622
502.35,0,181.905
490.255,0,159.961
523.67,0,210.208
294.495,0,365.217
482.465,0,161.395
469.756,0,179.851
423.632,0,148.058
369.718,0,117.701
471.192,0,187.644
415.843,0,149.493
369.718,0,117.701
497.431,0,198.926
234
-2687.5,0,-377.5
540.475,0,208.124
518.97,0,218.257
691.064,0,286.041
487.751,0,189.182
470.452,0,171.061
525.724,0,232.59
533.307,0,211.502
522.762,0,207.713
448.533,0,198.903
403.392,0,158.873
357.836,0,136.553
448.533,0,198.903
403.392,0,158.873
361.628,0,126.009
487.336,0,206.892
235
-2690.5,0,-377
556.629,0,214.03
534.24,0,225.305
528.527,0,208.476
489.199,0,202.946
522.682,0,169.193
528.726,0,242.157
523.145,0,247.783
472.258,0,186.141
461.097,0,197.392
404.828,0,175.057
461.031,0,186.165
449.936,0,208.643
399.182,0,169.456
354.074,0,135.87
523.013,0,225.329
236
-2693.5,0,-377
401.97,0,356.994
363.289,0,369.177
516.484,0,232.93
526.107,0,247.824
560.797,0,419.406
507.718,0,225.914
489.329,0,204.004
478.847,0,181.232
457.698,0,207.448
413.869,0,172.367
371.757,0,153.041
465.606,0,206.587
413.869,0,172.367
364.707,0,161.779
483.137,0,220.62
237
-2697.5,0,-377
390.007,0,351.913
509.421,0,244.797
519.708,0,249.217
480.071,0,213.907
463.935,0,194.787
519.708,0,249.217
512.345,0,252.146
521.221,0,231.587
475.634,0,224.187
400.698,0,185.897
356.624,0,160.867
447.697,0,218.276
400.698,0,185.897
359.548,0,168.216
496.208,0,233.027
238
-2700.5,0,-376
394.219,0,361.961
497.17,0,249.367
494.748,0,233.611
477.873,0,228.14
466.408,0,205.71
498.381,0,257.245
515.256,0,262.716
511.623,0,239.081
445.334,0,225.078
409.162,0,198.38
344.882,0,458.25
437.502,0,226.281
400.119,0,191.706
346.093,0,466.128
472.463,0,245.1
239
-2704.5,0,-375
513.006,0,243.613
502.921,0,258.184
489.025,0,265.804
476.915,0,227.239
462.344,0,217.147
510.544,0,272.086
510.544,0,272.086
513.006,0,243.613
361.739,0,462.177
405.409,0,212.202
394.65,0,209.061
449.123,0,242.479
405.409,0,212.202
394.65,0,209.061
360.388,0,426.753
240
-2706.5,0,-376
514.627,0,250.87
497.592,0,269.248
479.886,0,269.92
475.405,0,245.266
457.027,0,228.232
512.16,0,279.334
585.221,0,429.053
552.947,0,419.638
356.387,0,473.198
358.402,0,526.316
349.447,0,196.851
443.803,0,253.557
396.289,0,216.351
356.395,0,193.041
469.129,0,266.782
241
-2709.5,0,-376
399.069,0,351.496
375.759,0,391.389
321.527,0,177.123
473.482,0,256.468
455.104,0,239.434
635.744,0,420.534
586.436,0,429.497
505.756,0,265.883
364.55,0,469.833
336.767,0,204.915
365.903,0,225.087
441.88,0,264.76
405.124,0,230.692
369.041,0,214.33
370.154,0,430.611
242
-2713.5,0,-376
664.073,0,371.203
327.217,0,185.392
331.027,0,192.34
468.414,0,261.6
450.036,0,244.565
637.624,0,421.855
461.466,0,265.409
335.509,0,216.994
366.43,0,471.154
346.267,0,220.132
367.783,0,226.409
429.864,0,273.701
403.866,0,242.771
374.731,0,222.599
462.138,0,283.115
243
-2716.5,0,-376
391.071,0,348.975
378.518,0,392.007
385.466,0,388.197
466.155,0,271.654
451.587,0,261.568
638.503,0,421.151
463.017,0,282.412
458.535,0,257.758
363.5,0,463.502
340.198,0,223.239
340.198,0,223.239
427.605,0,283.755
390.85,0,249.687
333.25,0,227.048
372.914,0,431.228
244
-2721.5,0,-376
381.738,0,345.806
508.509,0,309.448
329.702,0,236.904
462.318,0,290.006
449.675,0,268.371
481.649,0,328.049
352.797,0,246.625
369.936,0,251.121
576.335,0,316.247
398.988,0,266.068
365.441,0,268.26
423.545,0,298.154
382.58,0,272.755
375.162,0,245.164
542.057,0,307.257
245
-2722.5,0,-375
491.549,0,342.409
516.526,0,317.223
503.85,0,304.747
461.089,0,307.453
450.873,0,287.444
501.577,0,337.348
483.981,0,339.937
450.873,0,287.444
425.896,0,312.63
385.408,0,282.735
342.459,0,260.371
423.436,0,320.163
382.948,0,290.267
342.459,0,260.371
578.405,0,179.049
246
-2725.5,0,-376
505.349,0,343.112
472.759,0,340.804
465.227,0,338.344
369.004,0,173.541
444.937,0,298.373
472.759,0,340.804
238.16,0,497.59
452.47,0,300.833
420.032,0,323.583
379.757,0,293.757
337.022,0,271.464
376.385,0,150.944
379.757,0,293.757
337.022,0,271.464
492.744,0,330.659
247
-2729.5,0,-376
365.956,0,357.804
560.131,0,196.151
572.7,0,208.592
458.459,0,354.672
445.755,0,317.179
366.493,0,458.011
460.919,0,347.139
448.216,0,309.646
384.831,0,147.233
383.177,0,305.077
340.549,0,282.818
592.65,0,198.436
383.177,0,305.077
340.549,0,282.818
577.621,0,193.527
248
-2731.5,0,-376
371.386,0,371.733
390.517,0,466.844
605.118,0,204.345
645.227,0,210.984
449.474,0,321.25
382.016,0,451.169
603.255,0,148.553
449.474,0,321.25
636.46,0,187.34
596.634,0,428.044
336.85,0,293.095
628.225,0,179.636
691.458,0,400.94
336.85,0,293.095
604.32,0,180.434
249
-2733.5,0,-375
369.378,0,359.169
397.307,0,401.635
384.486,0,364.103
371.664,0,326.572
,,
412.068,0,356.44
452.298,0,361.243
437.016,0,331.244
512.903,0,406.045
585.809,0,413.185
333.894,0,314.236
637.125,0,204.873
580.889,0,428.25
336.355,0,306.703
586.708,0,180.071
250
-2735.5,0,-375
510.531,0,361.5
490.551,0,403.424
623.548,0,206.717
455.217,0,366.692
445.079,0,343.614
483.394,0,412.105
480.413,0,380.346
495.472,0,370.923
398.413,0,356.004
689.591,0,400.761
339.373,0,321.497
407.06,0,363.202
689.591,0,400.761
764.435,0,433.785
629.96,0,190.095
251
-2738.5,0,-375
467.244,0,385.549
443.197,0,370.122
435.274,0,370.261
419.568,0,378.463
475.027,0,377.487
442.918,0,354.276
458.764,0,353.997
475.027,0,377.487
387.458,0,355.252
371.334,0,339.685
339.224,0,316.474
395.381,0,355.113
339.503,0,332.32
339.363,0,324.397
411.366,0,362.757
252
-2741.5,0,-374
,,
516.029,0,388.247
516.029,0,388.247
455.698,0,386.8
613.157,0,417.635
473.356,0,388.264
460.108,0,376.498
451.27,0,354.43
432.148,0,370.624
376.228,0,358.876
339.43,0,330.934
436.558,0,360.322
588.143,0,419.117
332.073,0,333.88
516.029,0,388.247
253
-2743.5,0,-373.5
455.728,0,355.76
441.016,0,361.652
438.07,0,354.296
460.156,0,388.13
617.615,0,418.965
438.07,0,354.296
460.156,0,388.13
617.615,0,418.965
405.7,0,358.724
368.919,0,373.454
335.067,0,352.868
405.7,0,358.724
389.524,0,382.274
342.423,0,349.922
423.358,0,360.188
254
-2746.5,0,-373.5
439.779,0,346.296
570.005,0,325.46
564.721,0,319.555
453.77,0,397.578
455.012,0,375.2
564.721,0,319.555
381.972,0,376.761
381.972,0,376.761
238.996,0,323.937
359.594,0,375.52
332.552,0,357.185
238.996,0,323.937
370.783,0,376.14
332.552,0,357.185
542.343,0,318.314
255
-2748.5,0,-373.5
443.437,0,351.499
409.603,0,373.585
418.459,0,438.325
341.916,0,375.085
745.179,0,572.091
402.247,0,376.531
633.284,0,420.578
608.27,0,422.06
597.95,0,374.977
517.016,0,364.711
,,
590.594,0,377.923
238.949,0,459.001
,,
567.044,0,361.747
256
-2751.5,0,-372.5
445.064,0,346.108
751.834,0,379.958
763.023,0,380.578
755.877,0,408.241
400.007,0,450.233
757.739,0,374.673
412.437,0,428.475
400.007,0,450.233
706.457,0,388.664
,,
603.893,0,416.647
706.457,0,388.664
371.104,0,465.465
,,
734.74,0,384.621
257
-2753.5,0,-372.5
440.649,0,347.668
416.409,0,379.994
388.746,0,372.848
584.847,0,176.089
580.184,0,158.995
420.452,0,408.277
578.942,0,181.373
580.184,0,158.995
707.946,0,384.94
646.096,0,387.121
,,
713.23,0,390.845
,,
,,
735.609,0,392.086
258
-2754.5,0,-372.5
448.548,0,345.175
413.119,0,376.88
390.741,0,375.639
403.171,0,353.881
414.361,0,354.502
417.162,0,405.163
409.396,0,444.015
403.491,0,449.299
709.32,0,398.92
,,
,,
381.113,0,448.058
374.587,0,464.531
,,
388.879,0,409.206
259
-2759.5,0,-373
439.888,0,345.342
420.697,0,383.784
764.401,0,384.58
,,
336.036,0,480.815
576.725,0,318.59
393.552,0,461.245
,,
335.425,0,396.292
491.452,0,331.098
,,
542.349,0,328.086
501.353,0,354.139
,,
375.085,0,392.701
260
-2760.5,0,-374
333.11,0,481.508
301.94,0,491.299
259.485,0,311.247
401.01,0,421.905
402.89,0,453.546
293.56,0,483.859
258.545,0,295.427
454.97,0,394.884
397.248,0,358.625
424.74,0,420.495
402.89,0,453.546
420.978,0,357.214
,,
,,
414.009,0,373.504
261
-2762.5,0,-374
446.725,0,359.206
250.511,0,312.426
247.912,0,323.326
279.531,0,480.63
289.963,0,316.071
247.912,0,323.326
399.981,0,434.464
301.332,0,485.828
419.184,0,450.563
403.122,0,348.81
,,
589.482,0,364.44
421.241,0,514.416
405.684,0,458.865
264.011,0,304.124
262
-2764.5,0,-373.5
451.63,0,345.531
426.359,0,377.057
417.159,0,353.749
412.068,0,347.677
428.322,0,354.731
430.468,0,394.293
427.524,0,427.783
414.397,0,449.127
335.09,0,391.531
,,
,,
577.371,0,322.839
385.017,0,463.418
,,
379.743,0,395.457
263
-2764.5,0,-373.5
456.226,0,343.77
429.952,0,373.426
422.668,0,345.799
401.649,0,369.524
423.345,0,356.985
416.737,0,340.544
447.069,0,378.004
428.6,0,351.054
416.893,0,435.962
379.434,0,466.294
346.552,0,479.509
430.629,0,384.612
384.688,0,460.363
346.552,0,479.509
435.207,0,367.495
264
-2766.5,0,-374
453.041,0,350.872
573.598,0,363.02
584.217,0,366.71
285.381,0,477.071
306.618,0,484.452
584.217,0,366.71
285.381,0,477.071
306.618,0,484.452
435.176,0,368.465
406.943,0,346.751
409.686,0,460.768
435.176,0,368.465
,,
406.188,0,453.601
417.184,0,403.867
265
-2769.5,0,-373
336.396,0,472.783
314.625,0,500.801
318.05,0,508.003
468.929,0,400.907
486.666,0,401.3
300.618,0,489.802
286.611,0,478.803
307.773,0,486.398
434.063,0,364.506
409.475,0,349.71
,,
441.219,0,361.102
,,
407.649,0,456.55
318.05,0,508.003
266
-2770.5,0,-372
329.105,0,476.2
313.262,0,499.976
476.597,0,397.538
458.92,0,396.322
307.163,0,485.348
646.053,0,412.739
286.437,0,476.819
314.477,0,482.299
415.656,0,457.286
,,
610.699,0,410.309
443.674,0,359.753
314.477,0,482.299
613.749,0,417.623
316.311,0,507.29
267
-2772.5,0,-371.5
433.066,0,348.739
523.631,0,400.142
273.975,0,327.629
276.072,0,481.866
333.506,0,510.97
525.833,0,411.175
282.698,0,486.326
477.227,0,397.564
583.309,0,382.997
654.016,0,392.38
,,
585.51,0,394.031
,,
,,
552.359,0,400.373
268
-2773.5,0,-371.5
520.242,0,384.674
489.397,0,402.12
333.398,0,392.643
357.544,0,399.342
,,
482.823,0,397.696
381.69,0,406.042
392.688,0,403.892
419.234,0,364.45
421.007,0,461.159
,,
419.234,0,364.45
427.58,0,465.583
,,
447.679,0,393.146
269
-2776.5,0,-370.5
472.008,0,349.581
503.493,0,386.076
499.374,0,379.307
393.428,0,388.124
472.297,0,395.785
503.493,0,386.076
297.479,0,474.341
472.297,0,395.785
457.289,0,386.366
409.616,0,368.997
343.105,0,381.644
427.274,0,367.528
,,
343.105,0,381.644
431.393,0,374.297
270
-2776.5,0,-370
531.246,0,382.184
499.431,0,389.672
488.728,0,386.233
463.951,0,390.079
336.103,0,384.419
492.394,0,393.315
288.022,0,481.146
316.465,0,484.382
422.612,0,465.356
427.162,0,525.859
336.103,0,384.419
422.612,0,465.356
375.249,0,391.095
627.574,0,413.139
467.617,0,397.161
271
-2779.5,0,-368.5
526.474,0,382.589
498.682,0,389.316
504.528,0,394.697
283.631,0,482.147
311.901,0,486.631
487.47,0,389.765
294.844,0,481.699
311.901,0,486.631
424.606,0,364.205
386.559,0,393.802
341.231,0,384.386
435.818,0,363.756
386.559,0,393.802
341.231,0,384.386
465.524,0,401.873
272
-2779.5,0,-367.5
479.965,0,354.295
441.065,0,361.815
441.065,0,361.815
395.889,0,378.619
361.761,0,369.075
447.341,0,352.531
464.405,0,357.303
473.689,0,363.579
431.781,0,355.539
422.237,0,389.667
,,
430.277,0,347.759
422.237,0,389.667
386.605,0,372.343
441.065,0,361.815
