data/BP_videos/1.MOV
0
-720,0,-368.5
708.818,0,328
716.273,0,336
708.818,0,344
,,
,,
716.273,0,336
716.273,0,352
,,
716.273,0,360
,,
,,
716.273,0,360
,,
,,
716.273,0,352
1
-720,0,-368.5
,,
714.725,0,340.525
,,
,,
,,
,,
,,
,,
,,
,,
,,
,,
,,
,,
,,
2
-722,0,-368.5
710.672,0,323.351
716.519,0,332.711
707.137,0,338.524
705.37,0,346.11
712.984,0,347.884
714.751,0,340.298
720.598,0,349.658
720.598,0,349.658
711.217,0,355.47
715.297,0,372.417
704.148,0,385.816
718.831,0,357.244
724.678,0,366.604
728.758,0,383.551
712.984,0,347.884
3
-724,0,-369.5
708.87,0,322.842
706.778,0,338.705
706.778,0,338.705
705.732,0,346.636
,,
714.349,0,339.703
720.874,0,348.633
,,
,,
710.165,0,371.429
,,
719.828,0,356.564
718.782,0,364.496
,,
713.303,0,347.635
4
-724,0,-369.5
708.244,0,323.537
718.094,0,337.688
739.031,0,330.552
731.64,0,344.743
721.171,0,348.311
728.562,0,334.12
717.476,0,355.406
721.171,0,348.311
720.553,0,366.029
706.389,0,376.692
,,
,,
,,
,,
727.944,0,351.838
5
-724,0,-368.5
,,
715.931,0,339.24
,,
,,
,,
,,
,,
,,
721.77,0,356.148
710.701,0,378.896
,,
,,
,,
,,
722.816,0,348.217
6
-725,0,-369.5
704.973,0,321.712
708.275,0,336.624
702.471,0,345.731
711.578,0,351.535
711.578,0,351.535
715.731,0,334.972
719.033,0,349.884
717.382,0,342.428
709.076,0,375.553
,,
,,
714.88,0,366.446
,,
,,
713.229,0,358.991
7
-726,0,-371
711.583,0,330.309
713.234,0,338.136
705.406,0,339.788
708.708,0,355.443
716.536,0,353.792
721.061,0,336.485
724.364,0,352.141
724.364,0,352.141
718.187,0,361.62
715.313,0,386.754
707.485,0,388.405
726.015,0,359.969
723.14,0,385.103
,,
716.536,0,353.792
8
-727,0,-369.5
717.886,0,324.062
712.904,0,338.5
712.904,0,338.5
707.923,0,352.938
717.976,0,348.328
720.467,0,341.109
725.539,0,350.937
717.976,0,348.328
720.557,0,365.375
715.576,0,379.812
,,
720.557,0,365.375
725.629,0,375.203
,,
717.976,0,348.328
9
-731,0,-370.5
710.53,0,327.659
712.776,0,335.337
707.342,0,345.261
709.588,0,352.94
709.588,0,352.94
722.699,0,340.771
719.511,0,358.373
719.511,0,358.373
714.078,0,368.297
713.136,0,393.577
,,
721.757,0,366.051
720.814,0,391.332
,,
711.833,0,360.618
10
-731,0,-371
714.095,0,329.867
716.91,0,340.825
716.91,0,340.825
708.768,0,354.598
719.726,0,351.782
723.797,0,344.896
726.613,0,355.853
719.726,0,351.782
718.471,0,369.627
714.4,0,376.514
724.102,0,391.542
722.542,0,362.74
728.173,0,384.656
728.173,0,384.656
719.726,0,351.782
11
-733,0,-369
710.265,0,325.386
715.004,0,342.47
707.484,0,341.143
712.222,0,358.227
712.222,0,358.227
722.524,0,343.798
727.262,0,360.882
712.222,0,358.227
718.351,0,367.432
714.179,0,391.067
720.308,0,400.273
725.871,0,368.76
721.699,0,392.395
720.308,0,400.273
719.742,0,359.554
12
-735,0,-371
717.159,0,329.096
719.026,0,340.254
714.38,0,346.767
709.734,0,353.28
,,
725.539,0,344.9
727.406,0,356.059
720.893,0,351.413
718.114,0,369.084
,,
,,
,,
,,
,,
720.893,0,351.413
13
-735,0,-369.5
716.786,0,327.111
720.14,0,344.268
710.517,0,349.712
708.428,0,357.246
708.428,0,357.246
727.674,0,346.357
725.585,0,353.891
715.961,0,359.335
721.406,0,368.959
717.227,0,384.026
713.047,0,399.094
721.406,0,368.959
717.227,0,384.026
720.581,0,401.183
718.051,0,351.802
14
-740,0,-371
716.829,0,329.905
720.46,0,344.802
712.688,0,346.697
706.731,0,356.04
708.547,0,363.488
722.276,0,352.25
724.092,0,359.699
716.319,0,361.594
718.135,0,369.042
713.994,0,385.834
717.626,0,400.731
718.135,0,369.042
723.583,0,391.388
717.626,0,400.731
716.319,0,361.594
15
-740,0,-368
712.618,0,330.428
719.769,0,346.008
712.107,0,345.753
711.595,0,361.077
711.595,0,361.077
727.431,0,346.264
719.257,0,361.333
719.513,0,353.671
711.339,0,368.74
710.827,0,384.065
717.978,0,399.645
719.001,0,368.996
718.49,0,384.32
717.978,0,399.645
719.513,0,353.671
16
-744,0,-371.5
713.222,0,331.353
717.686,0,346.717
710.324,0,348.856
707.426,0,366.36
714.788,0,364.221
719.918,0,354.4
722.15,0,362.082
714.788,0,364.221
709.658,0,374.042
716.354,0,397.089
,,
717.02,0,371.903
716.354,0,397.089
,,
714.788,0,364.221
17
-742,0,-371
714.103,0,336.001
714.08,0,344.001
706.391,0,351.979
706.369,0,359.979
714.035,0,360.001
721.747,0,344.022
729.368,0,360.044
721.702,0,360.022
714.013,0,368
713.945,0,392
,,
721.679,0,368.022
721.612,0,392.022
721.566,0,408.022
714.035,0,360.001
18
-744,0,-371
,,
714.002,0,350.222
,,
,,
,,
722.507,0,343.497
720.726,0,358.727
,,
,,
,,
,,
,,
726.56,0,374.847
,,
720.726,0,358.727
19
-748,0,-369.5
716.841,0,334.996
715.951,0,342.61
707.445,0,349.335
706.555,0,356.95
,,
723.565,0,343.501
729.399,0,359.621
,,
720.894,0,366.345
718.223,0,389.189
,,
720.894,0,366.345
726.728,0,382.465
723.166,0,412.924
721.784,0,358.73
20
-750,0,-371
,,
,,
,,
,,
,,
,,
,,
,,
,,
,,
,,
,,
,,
,,
,,
21
-750,0,-371.5
,,
,,
,,
,,
,,
,,
,,
,,
,,
,,
,,
,,
,,
,,
,,
22
-752,0,-369.5
,,
,,
,,
,,
,,
729.625,0,338.311
732.909,0,348.644
,,
,,
,,
,,
,,
,,
,,
722.577,0,351.928
23
-756,0,-371
,,
,,
,,
,,
,,
,,
,,
,,
,,
,,
,,
,,
,,
,,
,,
24
-760,0,-371
,,
,,
,,
,,
,,
,,
,,
,,
,,
,,
,,
,,
,,
,,
,,
25
-762,0,-371
,,
,,
,,
,,
,,
,,
,,
,,
,,
,,
,,
,,
,,
,,
,,
26
-765,0,-371
,,
,,
,,
,,
,,
,,
,,
,,
,,
,,
,,
,,
,,
,,
,,
27
-768,0,-371
,,
,,
,,
,,
,,
,,
,,
,,
,,
,,
,,
,,
,,
,,
,,
28
-770,0,-372
,,
,,
,,
,,
,,
734.804,0,346.079
,,
,,
,,
,,
,,
,,
,,
,,
,,
29
-771,0,-372
723.24,0,328.283
726.593,0,343.245
718.787,0,344.995
,,
,,
734.399,0,341.496
737.753,0,356.458
,,
,,
,,
,,
,,
,,
,,
729.947,0,358.208
30
-775,0,-371
728.684,0,327.275
724.556,0,343.914
717.075,0,345.59
711.271,0,354.748
718.752,0,353.072
732.037,0,342.237
735.391,0,357.199
718.752,0,353.072
729.587,0,366.357
725.459,0,382.996
,,
729.587,0,366.357
732.94,0,381.319
,,
727.91,0,358.876
31
-777,0,-371
726.895,0,327.571
734.538,0,343.085
718.543,0,342.716
718.189,0,358.045
718.366,0,350.38
742.536,0,343.27
734.361,0,350.75
726.364,0,350.565
733.83,0,373.744
733.476,0,389.073
,,
742.005,0,366.264
749.472,0,389.442
757.116,0,404.956
734.184,0,358.414
32
-782,0,-372
732.387,0,332.258
733.113,0,339.89
725.149,0,340.648
718.639,0,356.671
718.639,0,356.671
741.804,0,346.764
742.53,0,354.396
733.84,0,347.522
728.056,0,371.177
729.509,0,386.441
738.926,0,400.947
736.02,0,370.419
737.473,0,385.683
738.926,0,400.947
734.567,0,355.154
33
-781,0,-371
734.589,0,326.002
734.728,0,341.335
719.465,0,349.14
719.535,0,356.807
727.132,0,349.071
742.464,0,348.932
734.867,0,356.668
727.132,0,349.071
727.34,0,372.07
735.215,0,394.999
735.354,0,410.332
735.006,0,372
735.215,0,394.999
735.354,0,410.332
734.867,0,356.668
34
-787,0,-372
726.648,0,323.388
728.322,0,345.941
720.804,0,346.499
721.92,0,361.535
722.478,0,369.053
735.84,0,345.383
736.956,0,360.419
728.88,0,353.459
729.996,0,368.495
731.669,0,391.048
732.785,0,406.084
737.513,0,367.937
738.629,0,382.972
740.303,0,405.526
729.438,0,360.977
35
-787,0,-372
738.726,0,326.483
736.365,0,341.374
727.436,0,347.591
725.075,0,362.482
726.255,0,355.036
744.115,0,342.602
741.754,0,357.493
734.005,0,356.265
731.644,0,371.156
735.853,0,394.721
733.492,0,409.612
739.394,0,372.384
743.602,0,395.949
748.991,0,412.069
734.005,0,356.265
36
-792,0,-372
738.863,0,326.829
739.993,0,342.789
724.598,0,351.9
725.163,0,359.88
733.143,0,359.315
748.538,0,350.204
749.668,0,366.164
733.143,0,359.315
734.274,0,375.275
735.969,0,399.215
745.079,0,414.61
742.254,0,374.709
743.384,0,390.669
745.079,0,414.61
741.688,0,366.729
37
-795,0,-372
739.435,0,329.572
739.623,0,344.714
723.91,0,344.909
724.099,0,360.051
724.099,0,360.051
747.48,0,344.616
747.668,0,359.758
731.955,0,359.953
732.144,0,375.095
740.283,0,397.71
740.471,0,412.851
740,0,374.997
740.283,0,397.71
740.471,0,412.851
739.812,0,359.855
38
-798,0,-372
734.557,0,328.99
735.716,0,344.661
728.744,0,353.055
729.324,0,360.891
727.006,0,329.548
743.846,0,351.938
745.005,0,367.61
729.324,0,360.891
730.483,0,376.562
732.221,0,400.07
733.38,0,415.741
746.164,0,383.281
739.772,0,399.511
733.38,0,415.741
737.454,0,368.168
39
-800,0,-372
737.672,0,332.42
744.349,0,348.671
728.677,0,347.512
735.354,0,363.763
735.354,0,363.763
752.184,0,349.251
751.025,0,364.922
743.19,0,364.343
734.195,0,379.435
740.872,0,395.686
746.969,0,419.772
742.031,0,380.014
748.707,0,396.265
746.969,0,419.772
743.19,0,364.343
40
-804,0,-373
738.519,0,331.076
746.372,0,346.864
738.299,0,354.646
738.226,0,362.503
738.226,0,362.503
754.299,0,354.795
746.153,0,370.435
738.226,0,362.503
738.08,0,378.217
737.86,0,401.787
745.713,0,417.575
746.079,0,378.291
745.86,0,401.862
753.64,0,425.507
746.226,0,362.578
41
-805,0,-373
736.361,0,328.972
742.775,0,344.967
734.615,0,352.106
734.033,0,359.818
727.036,0,351.535
749.772,0,353.25
741.029,0,368.101
734.033,0,359.818
740.447,0,375.813
746.28,0,399.519
752.112,0,423.225
748.026,0,376.385
746.28,0,399.519
752.112,0,423.225
741.029,0,368.101
42
-808,0,-372.5
741.678,0,332.023
746.757,0,348.553
737.854,0,354.906
736.58,0,362.533
736.58,0,362.533
754.384,0,349.828
751.835,0,365.083
745.482,0,356.181
741.658,0,379.063
745.461,0,403.221
750.539,0,419.75
749.285,0,380.338
754.363,0,396.868
758.167,0,421.025
744.207,0,363.808
43
-811,0,-372
740.44,0,328.935
746.923,0,344.966
738.6,0,352.062
737.987,0,359.771
737.987,0,359.771
754.018,0,353.288
753.405,0,360.997
738.6,0,352.062
744.47,0,375.802
750.339,0,399.542
756.208,0,423.283
752.179,0,376.415
750.339,0,399.542
756.208,0,423.283
745.083,0,368.093
44
-817,0,-373
745.439,0,330.572
750.693,0,347.672
742.802,0,346.353
749.374,0,355.562
734.911,0,345.034
758.583,0,348.99
748.055,0,363.453
742.802,0,346.353
745.418,0,379.234
742.78,0,395.015
740.143,0,410.796
753.308,0,380.553
758.561,0,397.653
762.496,0,422.643
748.055,0,363.453
45
-820,0,-374.5
740.358,0,332.943
746.69,0,349.497
739.089,0,348.892
725.156,0,331.734
718.189,0,323.154
754.291,0,350.102
740.358,0,332.943
740.358,0,332.943
744.152,0,381.396
742.883,0,397.346
741.615,0,413.296
751.753,0,382.001
758.085,0,398.555
763.783,0,423.084
745.421,0,365.447
46
-821,0,-373.5
749.519,0,332.273
754.961,0,349.314
747.057,0,348.083
733.71,0,329.811
797.464,0,388.321
762.866,0,350.545
760.403,0,366.355
751.267,0,373.028
750.036,0,380.933
747.573,0,396.742
745.111,0,412.551
759.172,0,374.259
763.383,0,399.205
767.593,0,424.15
752.499,0,365.123
47
-827,0,-372.5
745.544,0,326.747
750.937,0,350.437
742.987,0,349.545
745.544,0,326.747
749.232,0,365.636
759.739,0,343.73
753.494,0,327.639
757.182,0,366.528
748.379,0,373.235
746.674,0,388.434
744.969,0,403.633
756.329,0,374.127
762.574,0,390.218
767.967,0,413.908
750.084,0,358.037
48
-830,0,-372.5
746.607,0,328.539
751.34,0,351.302
743.752,0,352.88
746.907,0,368.055
,,
751.34,0,351.302
754.495,0,366.478
,,
748.485,0,375.643
,,
,,
748.485,0,375.643
,,
,,
754.495,0,366.478
49
-834,0,-373.5
,,
,,
,,
,,
,,
,,
684.677,0,373.985
693.143,0,394.205
,,
,,
,,
,,
,,
,,
,,
50
-835,0,-372.5
745.721,0,336.86
748.08,0,344.242
750.438,0,351.625
745.415,0,361.366
,,
750.438,0,351.625
,,
693.431,0,402.382
752.49,0,383.513
,,
,,
759.873,0,381.154
,,
,,
755.155,0,366.39
51
-842,0,-372.5
,,
,,
,,
,,
761.951,0,334.914
,,
,,
,,
754.398,0,333.177
760.817,0,374.415
,,
,,
760.817,0,374.415
753.867,0,404.626
,,
52
-847,0,-372.5
,,
,,
,,
,,
,,
,,
,,
,,
,,
,,
,,
,,
,,
,,
,,
53
-848,0,-373.5
,,
,,
,,
,,
,,
,,
,,
,,
,,
,,
,,
,,
,,
,,
,,
54
-853,0,-373.5
759.089,0,330.206
757.352,0,337.759
755.614,0,345.311
753.877,0,352.864
753.877,0,352.864
763.167,0,347.049
761.43,0,354.602
753.877,0,352.864
757.955,0,369.707
752.743,0,392.365
,,
765.508,0,371.444
767.848,0,395.84
770.189,0,420.236
761.43,0,354.602
55
-856,0,-374
,,
773.168,0,349.79
762.954,0,353.764
,,
,,
,,
,,
,,
770.9,0,374.193
,,
,,
770.9,0,374.193
771.753,0,391.501
,,
,,
56
-859,0,-372.5
760.551,0,327.56
759.539,0,343.027
751.299,0,350.254
750.793,0,357.988
750.793,0,357.988
767.272,0,343.533
766.26,0,359
766.766,0,351.267
757.514,0,373.961
763.729,0,397.667
,,
765.247,0,374.467
763.729,0,397.667
769.944,0,421.374
758.526,0,358.494
57
-865,0,-373.5
763.532,0,332.147
767.987,0,342.161
757.973,0,346.615
762.427,0,356.629
762.427,0,356.629
775.221,0,344.94
769.662,0,359.409
769.662,0,359.409
764.102,0,373.878
,,
,,
774.116,0,369.423
,,
,,
762.427,0,356.629
58
-870,0,-374
,,
,,
,,
,,
,,
,,
,,
,,
,,
,,
,,
,,
,,
722.63,0,398.38
,,
59
-872,0,-372.5
765.021,0,332.445
771.612,0,341.202
755.181,0,346.709
753.014,0,362.057
759.604,0,370.815
778.202,0,349.96
777.119,0,357.634
768.362,0,364.224
766.195,0,379.572
764.028,0,394.92
,,
774.952,0,372.981
770.619,0,403.677
,,
768.362,0,364.224
60
-878,0,-373.5
771.127,0,328.884
769.18,0,344.261
760.517,0,350.975
759.543,0,358.664
758.569,0,366.353
775.894,0,352.923
781.635,0,369.274
766.258,0,367.327
765.284,0,375.015
762.362,0,398.081
767.129,0,422.12
780.661,0,376.963
777.739,0,400.029
774.818,0,423.094
767.232,0,359.638
61
-882,0,-375
,,
,,
,,
,,
,,
,,
,,
,,
,,
,,
,,
,,
,,
,,
,,
62
-884,0,-373.5
766.582,0,328.92
773.291,0,352.451
758.052,0,351.854
757.446,0,367.342
757.446,0,367.342
780.91,0,352.749
780.303,0,368.237
765.065,0,367.641
764.458,0,383.129
771.168,0,406.659
770.258,0,429.892
779.697,0,383.726
771.168,0,406.659
770.258,0,429.892
772.684,0,367.939
63
-891,0,-374
778.561,0,328.272
776.153,0,352.151
768.194,0,351.348
766.588,0,367.267
765.786,0,375.227
784.113,0,352.953
790.467,0,369.675
773.745,0,376.03
772.943,0,383.989
778.495,0,408.671
784.047,0,433.352
788.862,0,385.594
778.495,0,408.671
776.087,0,432.55
774.548,0,368.07
64
-895,0,-373.5
773.499,0,336.454
770.842,0,353.346
763.554,0,355.662
765.87,0,362.95
768.186,0,370.238
787.734,0,356.003
785.077,0,372.894
768.186,0,370.238
772.817,0,384.814
772.476,0,408.994
786.712,0,428.542
780.105,0,382.498
772.476,0,408.994
779.424,0,430.858
775.474,0,367.922
65
-901,0,-375
782.016,0,335.097
781.014,0,351.066
772.529,0,358.549
772.028,0,366.533
772.028,0,366.533
788.998,0,351.567
795.981,0,368.036
780.012,0,367.034
779.01,0,383.003
785.491,0,407.457
791.972,0,431.911
786.994,0,383.504
785.491,0,407.457
791.47,0,439.895
780.012,0,367.034
66
-903,0,-374
773.227,0,332.103
780.672,0,347.788
772.75,0,355.393
772.432,0,370.919
772.591,0,363.156
788.435,0,347.947
788.117,0,363.473
780.354,0,363.315
780.037,0,378.841
779.56,0,402.13
787.005,0,417.815
795.563,0,379.158
779.56,0,402.13
787.005,0,417.815
780.354,0,363.315
67
-909,0,-372.5
787.711,0,336.307
783.111,0,351.109
783.111,0,351.109
778.511,0,365.91
785.912,0,368.21
790.512,0,353.409
795.613,0,363.109
785.912,0,368.21
791.013,0,377.911
786.414,0,392.713
786.915,0,417.215
798.414,0,380.211
786.414,0,392.713
786.915,0,417.215
785.912,0,368.21
68
-913,0,-374
785.972,0,331.332
783.385,0,347.122
774.461,0,353.767
779.506,0,370.806
773.167,0,361.661
798.649,0,349.622
796.062,0,365.412
788.431,0,364.162
785.844,0,379.951
783.258,0,395.741
794.642,0,421.925
801.108,0,382.451
790.89,0,396.991
794.642,0,421.925
788.431,0,364.162
69
-918,0,-374
784.403,0,329.273
789.748,0,345.718
780.95,0,352.215
778.649,0,367.509
778.649,0,367.509
797.396,0,346.869
796.245,0,354.516
788.598,0,353.366
792.793,0,377.458
796.988,0,401.55
808.83,0,426.794
800.44,0,378.609
789.34,0,400.4
787.039,0,415.694
795.094,0,362.164
70
-924,0,-374
788.938,0,326.036
792.629,0,342.681
783.38,0,348.225
779.675,0,363.018
790.777,0,350.078
800.026,0,344.534
803.717,0,361.18
798.173,0,351.931
792.615,0,374.12
801.85,0,400.015
811.085,0,425.91
800.012,0,375.973
787.057,0,396.31
790.748,0,412.955
794.468,0,366.724
71
-929,0,-374
797.444,0,329.586
797.061,0,347.025
790.034,0,343.201
796.678,0,364.463
800.382,0,357.656
804.087,0,350.849
793.356,0,353.832
804.087,0,350.849
799.999,0,375.095
802.938,0,403.165
813.287,0,417.621
807.026,0,378.919
799.617,0,392.533
795.529,0,416.779
803.704,0,368.288
72
-932,0,-374
796.686,0,329.619
794.75,0,344.746
794.75,0,344.746
793.782,0,352.309
794.75,0,344.746
803.282,0,338.15
808.909,0,354.245
802.314,0,345.714
799.41,0,368.404
797.474,0,383.53
793.602,0,413.783
800.378,0,360.84
796.506,0,391.094
796.506,0,391.094
800.378,0,360.84
73
-938,0,-375
798.77,0,330.002
795.111,0,347.513
795.111,0,347.513
767.826,0,338.157
789.414,0,357.287
802.847,0,345.474
806.925,0,360.946
799.189,0,362.984
781.679,0,359.326
799.608,0,395.967
811.422,0,409.4
791.453,0,365.023
799.608,0,395.967
811.422,0,409.4
797.15,0,355.249
74
-941,0,-374
,,
,,
,,
,,
,,
,,
,,
,,
,,
,,
,,
,,
,,
,,
,,
75
-948,0,-374
804.833,0,323.051
797.438,0,338.352
789.942,0,346.054
782.445,0,353.756
,,
805.038,0,338.25
812.842,0,353.346
805.345,0,361.047
790.147,0,361.253
782.752,0,376.554
782.855,0,384.153
797.746,0,361.15
813.15,0,376.144
805.858,0,399.044
797.644,0,353.551
76
-953,0,-374
803.919,0,326.68
800.685,0,348.123
794.531,0,352.582
786.76,0,367.763
786.76,0,367.763
811.377,0,349.926
814.298,0,366.91
797.452,0,369.566
801.989,0,375.828
809.447,0,399.074
781.91,0,399.927
812.681,0,377.631
809.447,0,399.074
800.06,0,424.976
803.606,0,365.107
77
-959,0,-375
812.076,0,319.877
810.442,0,343.822
801.916,0,351.258
793.39,0,358.695
792.3,0,374.658
818.423,0,344.367
817.334,0,360.329
809.352,0,359.785
808.263,0,375.747
814.61,0,400.237
830.573,0,401.326
816.244,0,376.292
814.61,0,400.237
812.431,0,432.162
809.352,0,359.785
78
-963,0,-374
808.177,0,322.974
808.101,0,346.974
800.076,0,354.949
800.025,0,370.949
800,0,378.949
824.101,0,347.025
824.051,0,363.025
808.025,0,370.974
808,0,378.974
815.924,0,402.999
815.848,0,426.999
824,0,379.024
815.924,0,402.999
815.823,0,434.999
816.051,0,362.999
79
-972,0,-375
815.006,0,330.641
820.781,0,347.128
811.784,0,353.712
802.787,0,360.296
800.64,0,375.676
828.704,0,348.234
826.557,0,363.615
818.633,0,362.508
816.486,0,377.888
821.188,0,402.065
816.892,0,432.825
824.409,0,378.995
821.188,0,402.065
815.818,0,440.516
818.633,0,362.508
80
-975,0,-374
815.697,0,328.608
820.599,0,353.321
812.982,0,352.454
803.555,0,367.484
800.84,0,391.33
829.122,0,346.24
826.407,0,370.086
811.172,0,368.351
817.885,0,377.167
814.265,0,408.962
818.263,0,441.624
825.502,0,378.034
821.882,0,409.829
818.263,0,441.624
818.79,0,369.219
81
-983,0,-375
816.127,0,322.043
821.013,0,346.148
812.347,0,352.923
810.458,0,368.363
803.682,0,359.698
828.733,0,347.093
825.898,0,370.253
810.458,0,368.363
816.288,0,384.749
821.173,0,408.854
826.058,0,432.96
832.673,0,378.919
821.173,0,408.854
825.114,0,440.68
818.178,0,369.308
82
-989,0,-374.5
817.857,0,327.945
822.278,0,351.839
814.667,0,350.776
812.541,0,365.997
805.994,0,357.323
829.888,0,352.903
827.762,0,368.123
812.541,0,365.997
818.025,0,382.281
821.382,0,413.785
826.866,0,430.069
833.246,0,384.407
828.993,0,414.848
825.803,0,437.679
827.762,0,368.123
83
-992,0,-374
822.148,0,324.683
826.865,0,348.624
825.797,0,356.234
823.66,0,371.453
816.806,0,362.731
842.71,0,350.849
832.651,0,364.956
824.728,0,363.843
829.445,0,387.784
826.24,0,410.613
832.026,0,426.945
837.368,0,388.897
834.162,0,411.725
837.811,0,443.276
831.582,0,372.565
84
-998,0,-374
819.037,0,332.329
831.665,0,350.383
823.994,0,349.026
821.281,0,364.367
814.967,0,355.34
839.335,0,351.739
836.622,0,367.08
821.281,0,364.367
826.238,0,381.064
820.812,0,411.746
827.126,0,420.773
841.579,0,383.777
836.153,0,414.459
838.397,0,446.498
836.622,0,367.08
85
-1005,0,-374
834.716,0,328.943
837.749,0,346.094
835.532,0,353.562
831.098,0,368.496
825.848,0,358.812
845.216,0,348.311
838.565,0,370.713
823.631,0,366.279
834.132,0,385.648
827.481,0,408.05
840.198,0,419.951
841.599,0,387.865
842.415,0,412.484
848.482,0,446.787
838.565,0,370.713
86
-1011,0,-375
825.929,0,324.927
832.524,0,349.006
824.212,0,356.46
831.665,0,364.772
823.782,0,364.343
840.407,0,349.435
847.431,0,365.631
823.782,0,364.343
830.377,0,388.421
821.635,0,403.758
836.542,0,420.383
846.143,0,389.28
844.854,0,412.929
858.903,0,445.32
839.119,0,373.085
87
-1017,0,-374.5
832.744,0,323.23
836.027,0,347.389
826.91,0,353.472
833.111,0,362.51
819.251,0,351.995
843.686,0,348.866
848.428,0,365.465
825.452,0,361.033
837.853,0,379.109
825.819,0,400.313
838.219,0,418.389
845.511,0,380.586
847.337,0,412.306
858.279,0,437.942
840.769,0,363.987
88
-1020,0,-373
839.046,0,322.381
835.444,0,345.198
835.444,0,345.198
833.043,0,360.41
826.539,0,351.587
850.853,0,347.631
848.452,0,362.842
833.043,0,360.41
838.346,0,376.838
827.039,0,398.439
838.846,0,423.689
846.05,0,378.054
856.656,0,410.91
867.263,0,443.766
840.747,0,361.626
89
-1028,0,-374
837.725,0,322.828
837.075,0,347.77
829.604,0,350.015
834.151,0,365.146
831.878,0,357.581
844.545,0,345.526
849.091,0,360.657
831.878,0,357.581
838.698,0,380.278
828.304,0,399.899
837.398,0,430.162
848.441,0,385.599
857.535,0,415.863
864.355,0,438.56
843.895,0,370.468
90
-1034,0,-374
837.752,0,325.14
844.005,0,341.421
836.242,0,340.666
834.732,0,356.193
835.487,0,348.43
851.769,0,342.176
850.259,0,357.703
834.732,0,356.193
840.231,0,380.238
830.203,0,402.773
835.702,0,426.818
856.513,0,373.984
861.257,0,405.793
873.009,0,446.12
842.496,0,356.948
91
-1041,0,-374.5
847.09,0,326.092
849.412,0,341.72
842.758,0,350.695
843.919,0,358.51
836.105,0,359.671
858.387,0,348.373
852.895,0,365.163
834.944,0,351.856
847.403,0,381.952
834.096,0,399.903
838.74,0,431.16
855.217,0,380.791
859.861,0,412.048
869.997,0,426.515
852.895,0,365.163
92
-1044,0,-373
847.144,0,326.571
853.65,0,342.512
845.386,0,349.604
844.8,0,357.282
837.708,0,349.018
853.65,0,342.512
852.478,0,357.868
837.708,0,349.018
850.719,0,380.901
834.192,0,395.084
839.525,0,426.38
858.397,0,381.487
864.316,0,405.106
878.499,0,421.633
852.478,0,357.868
93
-1052,0,-373.5
849.775,0,322.288
855.551,0,339.219
846.548,0,346.07
852.323,0,363.001
845.472,0,353.997
863.478,0,340.295
860.25,0,364.077
845.472,0,353.997
858.098,0,379.931
839.016,0,401.561
842.639,0,434.346
866.026,0,381.007
870.725,0,405.865
884.428,0,423.872
860.25,0,364.077
94
-1056,0,-372
852.741,0,328.044
857.393,0,344.734
857.393,0,344.734
854.217,0,359.77
847.977,0,350.599
866.808,0,338.868
871.46,0,355.558
846.39,0,358.117
858.869,0,376.46
846.278,0,397.362
847.755,0,429.089
874.524,0,379.766
877.588,0,403.974
883.827,0,413.146
862.044,0,361.423
95
-1066,0,-373.5
857.072,0,327.868
860.388,0,344.94
860.388,0,344.94
856.211,0,359.925
850.808,0,350.344
867.88,0,347.029
871.196,0,364.101
848.719,0,357.836
859.527,0,376.997
843.682,0,404.878
844.909,0,429.443
874.511,0,381.174
873.651,0,413.231
892.811,0,402.423
863.704,0,362.013
96
-1070,0,-372
860.508,0,326.919
865.22,0,343.454
863.759,0,350.98
862.297,0,358.506
854.662,0,357.023
872.855,0,344.937
869.932,0,359.989
854.662,0,357.023
867.009,0,375.041
853.527,0,403.662
847.681,0,433.766
874.644,0,376.524
876.433,0,408.111
894.626,0,396.024
869.932,0,359.989
97
-1080,0,-374.5
862.707,0,323.906
866.994,0,340.71
865.387,0,348.32
869.675,0,365.124
854.672,0,361.956
874.496,0,342.294
877.176,0,366.708
854.672,0,361.956
866.461,0,380.344
852.532,0,409.2
853.605,0,441.224
873.962,0,381.928
882.537,0,415.536
893.252,0,401.9
869.675,0,365.124
98
-1084,0,-372
865.497,0,324.438
870.309,0,349.274
862.377,0,348.234
868.228,0,365.139
860.296,0,364.098
879.281,0,342.382
884.093,0,367.219
867.188,0,373.071
873.04,0,389.975
860.947,0,420.663
865.759,0,445.5
882.012,0,383.083
884.744,0,423.784
894.756,0,408.96
876.16,0,366.179
99
-1093.5,0,-374
863.257,0,323.446
875.589,0,341.704
866.46,0,347.87
871.144,0,364.646
863.497,0,363.164
883.236,0,343.186
886.438,0,367.609
863.497,0,363.164
874.346,0,389.069
860.773,0,418.177
870.141,0,451.729
883.475,0,382.904
883.715,0,422.622
899.009,0,425.585
878.791,0,366.127
100
-1096,0,-371.5
867.088,0,323.665
876.418,0,349.813
867.079,0,355.413
863.34,0,370.352
855.87,0,368.482
885.757,0,344.213
887.618,0,368.491
863.34,0,370.352
874.539,0,389.03
867.061,0,418.908
874.521,0,452.526
891.348,0,385.3
889.47,0,424.517
913.748,0,422.657
880.148,0,366.621
101
-1104,0,-372
874.456,0,328.503
878.293,0,345.746
868.715,0,351.497
870.638,0,376.405
870.638,0,376.405
893.622,0,349.574
887.881,0,372.568
870.638,0,376.405
874.475,0,393.648
874.484,0,426.221
884.072,0,453.042
891.718,0,389.811
889.813,0,430.048
891.727,0,422.384
880.216,0,370.654
102
-1112,0,-374.5
869.042,0,331.072
882.239,0,348.448
873.552,0,355.046
870.418,0,377.976
870.418,0,377.976
889.883,0,349.492
894.392,0,373.466
871.463,0,370.333
883.616,0,395.352
879.438,0,425.925
891.591,0,450.943
892.304,0,388.753
887.081,0,426.969
883.948,0,449.899
886.749,0,372.422
103
-1118,0,-372.5
878.828,0,327.37
887.061,0,354.155
877.23,0,359.182
872.658,0,373.918
877.918,0,383.626
896.892,0,349.128
897.58,0,373.572
880.204,0,376.258
883.177,0,393.335
889.125,0,427.488
897.358,0,454.273
900.554,0,390.649
889.125,0,427.488
899.644,0,446.905
890.035,0,371.231
104
-1122,0,-373
882.677,0,329.295
887.244,0,346.15
876.499,0,359.916
873.41,0,375.227
873.41,0,375.227
902.554,0,349.239
897.921,0,372.205
881.066,0,376.771
893.287,0,395.171
896.309,0,419.681
905.509,0,413.57
902.487,0,389.06
887.109,0,425.792
905.441,0,453.391
890.265,0,370.661
105
-1132,0,-373.5
885.506,0,328.194
889.328,0,345.19
878.155,0,358.555
881.977,0,375.551
883.962,0,400.137
904.324,0,348.82
906.308,0,373.406
883.815,0,367.961
895.135,0,386.772
895.282,0,418.948
912.262,0,447.164
910.13,0,390.402
887.784,0,417.132
910.424,0,454.755
898.81,0,371.591
106
-1137,0,-372.5
886.224,0,329.425
896.989,0,348.713
887.345,0,354.096
883.084,0,369.122
880.953,0,376.636
906.633,0,343.331
907.754,0,368.001
883.084,0,369.122
901.362,0,390.541
894.97,0,413.081
911.118,0,442.012
911.006,0,385.158
894.97,0,413.081
916.5,0,451.656
900.241,0,365.871
107
-1144,0,-372.5
893.09,0,326.697
895.43,0,344.002
885.516,0,348.867
885.331,0,373.562
868.211,0,351.208
912.736,0,341.661
912.551,0,366.356
887.856,0,366.172
904.977,0,388.527
897.403,0,410.697
911.999,0,440.442
914.892,0,383.661
897.403,0,410.697
924.254,0,452.882
902.636,0,371.222
108
-1152,0,-372.5
899.764,0,328.996
902.964,0,346.336
893.294,0,351.811
888.981,0,367.02
870.754,0,345.419
912.634,0,340.862
915.834,0,358.203
891.137,0,359.415
907.207,0,388.622
913.607,0,423.303
931.833,0,444.905
916.877,0,383.148
900.737,0,411.437
901.78,0,436.382
906.164,0,363.677
109
-1160,0,-373.5
900.28,0,325.184
904.565,0,341.893
895.397,0,347.806
892.142,0,362.887
903.969,0,381.223
912.106,0,343.52
918.019,0,352.688
893.77,0,355.347
909.882,0,390.392
920.081,0,416.268
942.106,0,460.482
919.05,0,384.478
899.086,0,403.845
900.117,0,435.636
907.224,0,366.142
110
-1167,0,-371.5
906.127,0,323.297
908.595,0,348.474
900.795,0,346.697
895.462,0,370.097
901.485,0,379.675
925.972,0,344.23
922.417,0,359.83
899.017,0,354.497
915.307,0,391.03
925.574,0,417.985
943.642,0,446.718
924.885,0,385.007
911.752,0,406.63
902.864,0,445.63
912.84,0,365.852
111
-1176,0,-373.5
909.283,0,321.529
912.04,0,346.677
902.532,0,352.809
899.157,0,368.449
899.157,0,368.449
929.367,0,342.232
925.992,0,357.872
900.844,0,360.629
911.421,0,387.464
928.13,0,423.807
949.902,0,436.69
927.061,0,390.84
914.178,0,412.612
905.739,0,451.711
916.484,0,364.004
112
-1182,0,-370.5
913.139,0,320.851
917.558,0,345.761
909.643,0,344.595
898.232,0,367.174
903.815,0,384.168
934.552,0,340.177
932.221,0,356.006
907.312,0,360.424
919.645,0,386.499
937.561,0,429.569
953.391,0,431.9
935.474,0,388.83
916.148,0,410.243
902.406,0,448.651
921.976,0,370.67
113
-1191,0,-371.5
920.971,0,317.236
923.634,0,342.363
906.493,0,346.848
903.117,0,362.488
889.351,0,351.333
931.361,0,344.031
927.986,0,359.671
903.117,0,362.488
921.235,0,390.951
937.664,0,427.233
852.669,0,408.889
938.376,0,386.466
916.171,0,414.41
907.733,0,453.51
926.298,0,367.491
114
-1197,0,-371.5
919.321,0,317.251
924.203,0,341.487
907.726,0,347.328
905.807,0,362.847
904.848,0,370.606
939.721,0,343.406
937.803,0,358.924
913.566,0,363.806
918.448,0,388.042
937.889,0,421.956
937.889,0,421.956
933.967,0,389.96
922.371,0,420.038
910.775,0,450.115
929.085,0,365.724
115
-1205,0,-372.5
925.939,0,319.239
923.698,0,342.587
915.169,0,349.622
913.675,0,365.187
905.145,0,372.222
939.263,0,344.08
937.022,0,367.428
913.675,0,365.187
926.999,0,390.028
931.794,0,421.905
870.281,0,408.147
942.564,0,391.522
924.011,0,421.158
912.494,0,459.323
929.24,0,366.681
116
-1211,0,-371.5
924.923,0,319.621
929.919,0,344.421
920.998,0,351.379
918.054,0,375.198
910.114,0,374.217
945.798,0,346.384
942.854,0,370.203
919.035,0,367.258
931.97,0,393.04
875.411,0,394.11
873.449,0,409.989
948.83,0,387.063
935.984,0,425.78
923.137,0,464.496
934.914,0,369.221
117
-1221,0,-372.5
926.996,0,317.504
937.245,0,343.795
920.278,0,348.079
910.954,0,354.043
895.667,0,350.684
952.532,0,347.154
947.493,0,370.085
922.883,0,372.69
934.811,0,391.337
935.736,0,423.591
891.553,0,405.87
944.134,0,385.373
935.736,0,423.591
934.981,0,463.489
939.85,0,368.406
118
-1226,0,-371
930.344,0,324.172
943.186,0,342.503
924.855,0,355.344
929.904,0,372.303
914.318,0,369.558
957.4,0,353.04
954.656,0,368.627
929.904,0,372.303
934.953,0,389.262
935.884,0,429.6
938.188,0,462.144
950.539,0,392.006
943.677,0,430.972
936.816,0,469.938
946.863,0,367.254
119
-1244,0,-372.5
935.392,0,321.892
938.69,0,346.922
929.522,0,353.349
925.12,0,376.942
911.187,0,366.204
954.091,0,349.795
949.689,0,373.388
926.587,0,369.078
937.586,0,395.544
930.249,0,434.866
937.95,0,436.302
954.454,0,390.554
947.117,0,429.875
947.481,0,470.633
941.988,0,371.951
120
-1247,0,-370.5
943.001,0,318.842
947.359,0,343.254
938.372,0,349.831
934.901,0,373.074
920.398,0,362.987
961.862,0,353.34
958.39,0,376.582
934.901,0,373.074
948.246,0,390.907
934.63,0,428.475
916.656,0,441.631
963.906,0,393.246
950.29,0,430.814
952.334,0,470.72
950.56,0,375.413
121
-1253,0,-370.5
939.89,0,321.722
951.259,0,348.131
934.266,0,353.224
932.86,0,361.099
918.679,0,350.441
966.846,0,350.914
954.834,0,373.149
931.454,0,368.975
950.616,0,396.775
929.406,0,425.495
951.38,0,437.544
966.203,0,399.558
959.173,0,438.936
961.343,0,471.829
954.834,0,373.149
122
-1261,0,-371.5
946.655,0,321.269
948.737,0,345.973
939.271,0,351.747
935.579,0,366.986
929.806,0,357.521
963.976,0,349.665
966.058,0,374.37
935.579,0,366.986
952.9,0,395.383
932.123,0,414.55
960.756,0,429.553
969.986,0,391.455
966.529,0,439.019
976.231,0,465.569
958.438,0,372.524
123
-1271,0,-372.5
954.325,0,316.218
957.44,0,340.865
948.029,0,346.939
937.043,0,360.693
938.618,0,353.013
965.277,0,342.471
968.392,0,367.118
944.88,0,362.3
955.832,0,388.553
933.861,0,416.062
962.061,0,437.848
971.506,0,391.766
971.473,0,431.774
988.687,0,467.314
960.555,0,365.512
124
-1277,0,-370.5
956.791,0,317.45
961.7,0,341.777
952.859,0,348.563
949.911,0,371.897
946.962,0,395.232
969.557,0,342.77
974.466,0,367.098
943.036,0,363.126
955.802,0,388.446
937.139,0,409.795
956.78,0,443.886
971.517,0,390.432
974.46,0,430.316
995.084,0,456.629
966.609,0,366.105
125
-1289,0,-368.5
952.992,0,313.985
966.64,0,339.396
957.916,0,346.6
955.637,0,370.492
954.117,0,386.42
974.604,0,340.156
972.324,0,364.048
956.397,0,362.528
961.321,0,395.143
943.114,0,417.515
948.038,0,450.13
977.249,0,396.663
982.173,0,429.278
1003.02,0,463.413
971.564,0,372.012
126
-1299,0,-370.5
955.638,0,316.146
968.115,0,334.614
966.586,0,342.304
971.295,0,359.228
954.23,0,363.827
975.883,0,336.159
979.063,0,360.773
954.23,0,363.827
965.178,0,389.985
945.054,0,409.963
946.704,0,442.266
980.714,0,393.075
990.132,0,426.922
1010.38,0,446.936
969.766,0,366.917
127
-1304,0,-369.5
959.83,0,318.069
971.532,0,337.172
969.742,0,344.969
966.162,0,360.563
950.88,0,357.054
979.174,0,338.926
983.235,0,356.275
958.521,0,358.809
968.433,0,385.709
945.99,0,413.389
944.681,0,454.129
983.715,0,389.217
990.047,0,431.712
1011.18,0,444.772
973.803,0,362.317
128
-1317,0,-368.5
966.924,0,317.039
978.77,0,335.902
969.276,0,341.724
965.705,0,356.979
950.289,0,353.37
978.77,0,335.902
981.122,0,360.587
957.997,0,355.174
975.766,0,383.469
953.208,0,410.369
950.204,0,457.936
991.182,0,387.078
997.672,0,428.822
1019.01,0,441.862
981.122,0,360.587
129
-1323,0,-370.5
975.367,0,310.768
977.602,0,335.492
975.756,0,343.105
972.063,0,358.33
956.514,0,354.558
985.377,0,337.378
987.612,0,362.101
964.288,0,356.444
982.073,0,384.939
957.291,0,419.231
948.059,0,457.294
989.847,0,386.825
1003.94,0,430.545
1029.11,0,428.589
987.612,0,362.101
130
-1334,0,-372
970.911,0,313.007
983.108,0,338.712
975.351,0,337.618
979.791,0,362.23
964.278,0,360.042
990.865,0,339.806
995.305,0,364.417
964.278,0,360.042
984.231,0,386.841
955.434,0,422.755
949.906,0,461.95
991.988,0,387.935
1001.97,0,429.318
1026.35,0,424.76
987.548,0,363.323
131
-1346,0,-373.5
979.288,0,315.433
983.435,0,332.643
981.651,0,340.356
985.798,0,357.566
968.588,0,361.712
991.148,0,334.426
1001.22,0,361.133
968.588,0,361.712
988.16,0,382.489
962.033,0,425.201
960.829,0,465.55
1003.59,0,386.056
1008.31,0,435.901
1029.09,0,416.329
991.727,0,367.062
132
-1355,0,-374
977.934,0,308.54
987.867,0,335.62
985.994,0,343.397
990.023,0,360.826
972.595,0,364.856
995.645,0,337.494
1005.58,0,364.574
980.372,0,366.73
992.18,0,386.032
965.382,0,428.95
971.568,0,471.584
1007.73,0,389.78
1012.05,0,440.192
1035.1,0,412.83
997.801,0,362.7
133
-1366,0,-376.5
984.466,0,314.858
995.606,0,334.554
985.758,0,340.123
987.049,0,365.389
969.493,0,368.819
1001.18,0,344.402
1002.47,0,369.667
977.201,0,370.958
988.341,0,390.654
977.645,0,429.197
980.228,0,479.728
1003.76,0,394.932
1006.34,0,445.462
1032.45,0,411.197
994.758,0,367.528
134
-1380,0,-377.5
980.731,0,314.506
992.675,0,339.844
983.848,0,346.387
989.248,0,362.899
979.279,0,377.126
1000.36,0,340.987
1003.48,0,372.868
979.279,0,377.126
992.364,0,394.78
978.969,0,432.062
988.627,0,472.771
1008.88,0,389.38
1008.57,0,444.316
1029.65,0,408.176
996.933,0,364.041
135
-1390.5,0,-380
984.985,0,308.478
994.432,0,335.438
990.497,0,350.787
994.236,0,368.105
982.626,0,381.487
1009.78,0,339.373
1009.59,0,372.04
982.626,0,381.487
996.008,0,393.097
986.17,0,431.471
997.388,0,483.423
1011.36,0,397.032
1007.23,0,445.049
1032.41,0,410.61
1001.91,0,370.072
136
-1404.5,0,-381
989.711,0,314.87
999.897,0,341.395
990.621,0,347.501
993.205,0,372.385
983.93,0,378.49
1015.1,0,344.679
1016.01,0,377.31
983.93,0,378.49
995.789,0,397.268
987.424,0,436.005
1009.47,0,481.309
1012.67,0,392.804
1000.96,0,447.036
1004.3,0,431.541
1000.81,0,374.026
137
-1415,0,-381.5
989.64,0,313.045
1001,0,339.267
999.589,0,347.066
1003.15,0,371.876
984.728,0,384.649
1015.19,0,349.891
1017.34,0,382.5
984.728,0,384.649
1006.71,0,396.686
998.239,0,443.48
1023.79,0,480.326
1022.31,0,399.51
1006.04,0,444.892
1022.37,0,488.125
1010.95,0,373.288
138
-1422,0,-384
1001.09,0,313.931
1009.56,0,340.966
999.815,0,346.302
1000.74,0,371.131
988.788,0,384.008
1017.1,0,343.171
1015.82,0,375.542
988.788,0,384.008
1009.21,0,398.166
1005.72,0,438.078
1023.01,0,434.947
1026.49,0,395.035
1005.72,0,438.078
1025.21,0,427.406
1015.82,0,375.542
139
-1432,0,-386
1000.07,0,310.726
1011.12,0,336.748
1000.19,0,350.388
1003.4,0,374.82
986.178,0,379.256
1026.8,0,339.926
1020.63,0,370.384
994.019,0,380.845
1014.45,0,400.842
1008.28,0,431.299
1039.77,0,477.317
1031.68,0,396.405
1000.44,0,429.71
1031.8,0,436.067
1020.63,0,370.384
140
-1446.5,0,-385
1006.2,0,311.476
1015.6,0,338.745
1003.81,0,352.199
1007.5,0,369.703
1122.29,0,341.851
1031.08,0,342.795
1022.98,0,373.753
987.974,0,381.132
1014.88,0,404.71
1030,0,441.743
1052.86,0,480.801
1040.13,0,403.046
1001.07,0,425.904
1027.98,0,449.483
1022.98,0,373.753
141
-1456,0,-384.5
1009.01,0,307.646
1018.27,0,334.877
1006.56,0,348.35
1002.51,0,363.829
990.788,0,377.301
1033.61,0,338.889
1025.51,0,369.847
998.456,0,379.308
1017.41,0,400.805
1037.96,0,447.528
1054.88,0,476.765
1034.77,0,397.078
1003.67,0,422.017
1018.57,0,458.994
1025.51,0,369.847
142
-1467,0,-383.5
1014.89,0,305.332
1016.83,0,337.67
1007.67,0,343.948
1011.05,0,368.562
994.164,0,373.396
1032.28,0,340.559
1027.95,0,363.728
994.164,0,373.396
1022.17,0,394.621
1038.11,0,437.571
1063.23,0,474.242
1037.61,0,397.51
1000.94,0,422.625
1016.89,0,465.575
1026.5,0,371.452
143
-1479,0,-382.5
1013.83,0,307.21
1025.49,0,333.029
1008.71,0,338.217
1012.61,0,362.755
995.827,0,367.943
1040.99,0,335.592
1029.4,0,357.566
995.827,0,367.943
1022.99,0,396.326
1047.59,0,440.212
1067,0,467.313
1038.49,0,398.889
1003.64,0,417.018
1011.45,0,466.093
1028.12,0,365.318
144
-1491,0,-383.5
1020.37,0,300.492
1022.32,0,332.83
1005.43,0,337.664
1008.82,0,362.278
999.65,0,368.556
1045.49,0,337.163
1033.43,0,358.888
999.65,0,368.556
1026.21,0,397.504
1049.88,0,441.899
1079.33,0,455.4
1043.1,0,392.67
1014.15,0,419.229
1004.04,0,473.292
1031.99,0,366.612
145
-1501,0,-383.5
1023.34,0,303.45
1026.47,0,336.286
1009.46,0,341.808
1019.31,0,383.748
996.771,0,372.256
1050.2,0,339.868
1030.8,0,361.211
996.771,0,372.256
1032.74,0,401.957
1050.5,0,445.092
1082.14,0,449.868
1049.76,0,396.435
1012.14,0,431.211
1004.98,0,478.673
1037.52,0,370.316
146
-1513,0,-383.5
1026.33,0,299.719
1028.31,0,332.645
1009.64,0,345.43
1013.09,0,370.492
1005.23,0,369.021
1051.9,0,337.057
1038.15,0,367.041
1005.23,0,369.021
1032.27,0,398.495
1047.03,0,450.09
1081.43,0,440.246
1049.47,0,393.574
1017.05,0,436.343
1008.23,0,483.524
1038.15,0,367.041
147
-1523,0,-383.5
1028.46,0,298.789
1031.46,0,331.604
1013.53,0,345.077
1017.72,0,369.982
1000.97,0,375.545
1054.78,0,335.124
1042.23,0,365.592
1008.75,0,376.719
1029.68,0,396.06
1044.65,0,454.953
1079.32,0,435.916
1053,0,399.581
1023.71,0,435.612
1007.58,0,489.811
1033.26,0,372.329
148
-1535,0,-383.5
1029.77,0,299.498
1033.51,0,331.716
1016.89,0,337.488
1020.63,0,369.707
1011.82,0,376.493
1056.91,0,334.76
1044.04,0,372.75
1011.82,0,376.493
1033.19,0,395.139
1027.11,0,441.945
1075.94,0,432.43
1048.8,0,397.168
1027.11,0,441.945
1076.96,0,424.629
1037.25,0,363.935
149
-1546,0,-384.5
1030.66,0,304.505
1034.8,0,336.339
1018.43,0,342.275
1022.57,0,374.109
1013.94,0,380.944
1050.26,0,338.135
1046.67,0,369.07
1013.94,0,380.944
1035.34,0,399.107
1030.85,0,437.775
1036.79,0,454.141
1051.71,0,393.17
1030.85,0,437.775
1024.56,0,491.911
1038.94,0,368.172
150
-1561,0,-384.5
1032.09,0,298.856
1041.76,0,330.474
1027.56,0,340.578
1030.35,0,368.538
1016.15,0,378.642
1055.52,0,337.79
1047.77,0,368.973
1016.15,0,378.642
1043.68,0,393.274
1035.49,0,441.878
1034.19,0,494.139
1061.1,0,393.709
1042.38,0,445.536
1041.07,0,497.797
1047.77,0,368.973
151
-1570,0,-383.5
1034.45,0,301.528
1045.85,0,335.442
1027.78,0,349.062
1032.36,0,373.941
1022.22,0,388.673
1060.58,0,345.59
1056.13,0,377.279
1023.33,0,380.751
1036.95,0,398.82
1028.05,0,462.198
1037.08,0,455.389
1060.71,0,402.158
1045,0,456.501
1046.25,0,505.147
1048.21,0,376.166
152
-1577,0,-384.5
1032.14,0,301.078
1043.54,0,334.993
1033.39,0,349.724
1028.94,0,381.413
1027.83,0,389.336
1058.27,0,345.14
1052.7,0,384.751
1021.02,0,380.301
1041.44,0,407.406
1026.85,0,453.826
1035.88,0,447.017
1066.32,0,402.821
1050.61,0,457.164
1059.78,0,506.923
1045.89,0,375.716
153
-1593,0,-385.5
1035.7,0,308.436
1040.25,0,333.121
1030.18,0,347.738
1034.73,0,372.423
1017.9,0,378.075
1054.86,0,343.189
1049.34,0,382.491
1017.9,0,378.075
1046.03,0,406.072
1015.83,0,449.923
1040.51,0,445.374
1062.86,0,400.42
1054.02,0,463.303
1072.09,0,505.916
1050.45,0,374.631
154
-1602,0,-384.5
1030.75,0,305.352
1041.89,0,338.496
1040.8,0,346.238
1045.28,0,370.552
1028.71,0,376.119
1049.63,0,339.583
1051.94,0,379.381
1020.97,0,375.032
1048.67,0,402.608
1011.18,0,444.712
1050.98,0,442.406
1064.16,0,404.783
1064.29,0,460.065
1082.08,0,502.038
1053.02,0,371.639
155
-1613,0,-383.5
1029.74,0,300.42
1040.96,0,333.82
1039.86,0,341.622
1044.38,0,366.125
1018.78,0,378.442
1055.47,0,343.814
1051.08,0,375.023
1018.78,0,378.442
1047.8,0,398.429
1011.11,0,433.057
1047.93,0,454.141
1063.4,0,400.621
1070.24,0,465.23
1089.26,0,499.726
1051.08,0,375.023
156
-1623.5,0,-383
1037.82,0,295.924
1045.16,0,330.662
1043.16,0,338.344
1042.82,0,371.077
1027.46,0,367.068
1052.84,0,332.666
1050.5,0,373.082
1025.45,0,374.75
1050.17,0,405.815
1009.41,0,436.207
1041.81,0,469.277
1067.54,0,402.142
1076.55,0,461.931
1101.26,0,492.996
1050.5,0,373.082
157
-1639.5,0,-384
1032.5,0,297.765
1041.79,0,331.928
1040.28,0,339.721
1043.4,0,364.595
1026.53,0,369.398
1049.47,0,333.423
1051.08,0,366.09
1017.33,0,375.697
1043.5,0,405.055
1006.71,0,430.248
1029.84,0,475.193
1066.54,0,409.54
1081.99,0,452.99
1106.64,0,490.142
1049.57,0,373.883
158
-1645.5,0,-383
1030.26,0,296.199
1047.07,0,331.844
1054.79,0,333.431
1056.16,0,365.901
1043.68,0,387.477
1047.07,0,331.844
1048.44,0,364.314
1022.11,0,374.995
1048.23,0,404.506
1011,0,429.041
1016.92,0,478.541
1063.67,0,407.68
1086.62,0,452.633
1112.74,0,482.144
1056.16,0,365.901
159
-1660,0,-382.5
1032.68,0,298.91
1050.2,0,327.108
1057.81,0,328.889
1065.93,0,362.924
1045.35,0,382.216
1042.58,0,325.327
1043.07,0,357.58
1016.65,0,367.473
1049.4,0,399.233
1010.02,0,430.199
1005.17,0,485.307
1064.64,0,402.795
1084.42,0,455.628
1120.73,0,472.152
1056.53,0,368.761
160
-1666,0,-382.5
1032.29,0,293.689
1047.97,0,329.826
1055.64,0,331.652
1063.66,0,365.962
1042.85,0,385.301
1047.97,0,329.826
1048.33,0,362.309
1014.02,0,370.33
1046.86,0,402.456
1007.07,0,433.47
1001.95,0,488.945
1069.85,0,407.936
1081.89,0,459.4
1122.03,0,460.87
1054.17,0,371.799
161
-1683.5,0,-384
1028.25,0,294.892
1045.89,0,323.289
1053.56,0,325.083
1069.4,0,361.151
1046.88,0,388.252
1044.09,0,330.961
1044.59,0,363.442
1017.99,0,373.405
1043.29,0,403.595
1011.31,0,436.574
998.752,0,490.277
1066.31,0,408.977
1078.56,0,460.389
1120.51,0,454.014
1052.26,0,365.236
162
-1691.5,0,-383
1029.08,0,292.548
1044.59,0,328.642
1052.2,0,330.454
1060.1,0,364.736
1037.58,0,391.767
1044.59,0,328.642
1044.89,0,361.111
1008.99,0,376.853
1043.36,0,401.244
1009.59,0,441.791
1004.41,0,497.252
1066.18,0,406.682
1076.21,0,465.768
1121.54,0,444.175
1050.67,0,370.588
163
-1703.5,0,-383
1025.3,0,294.938
1043.15,0,323.499
1049.11,0,333.019
1065.18,0,369.316
1028.88,0,385.39
1041.37,0,331.235
1040.19,0,371.701
1013.41,0,381.823
1048.53,0,406.214
1014.62,0,447.282
1008.08,0,510.957
1064,0,409.781
1074.72,0,469.288
1114.59,0,437.74
1055.66,0,375.268
164
-1716.5,0,-383
1029.8,0,295.844
1047.53,0,324.199
1045.76,0,331.88
1044.59,0,372.055
1018,0,382.104
1045.76,0,331.88
1044.59,0,372.055
1010.32,0,380.333
1045.18,0,404.549
1017.43,0,454.773
1012.71,0,510.31
1060.55,0,408.091
1071.19,0,467.169
1103.09,0,434.078
1052.27,0,373.826
165
-1724.5,0,-384
1025.34,0,288.491
1039.74,0,332.86
1037.94,0,340.656
1038.54,0,373.635
1019.36,0,385.631
1047.53,0,334.657
1046.34,0,375.432
1009.77,0,391.629
1037.35,0,414.41
1018.77,0,459.385
1027.78,0,527.141
1062.54,0,412.006
1063.75,0,477.964
1097.92,0,436.583
1046.34,0,375.432
166
-1738.5,0,-383
1029.51,0,287.686
1036.13,0,329.691
1034.36,0,337.379
1033.24,0,377.6
1014.21,0,389.405
1049.84,0,340.948
1040.98,0,379.384
1012.44,0,397.092
1041.63,0,411.918
1021.48,0,463.944
1040.04,0,524.894
1058.89,0,407.801
1052.45,0,471.083
1084.54,0,438.001
1050.49,0,373.482
167
-1748.5,0,-384
1021.71,0,294.69
1037.85,0,330.806
1034.31,0,346.186
1034.96,0,378.732
1015.92,0,390.542
1051.56,0,342.066
1042.7,0,380.517
1006.41,0,396.447
1035.61,0,411.278
1023.2,0,465.109
1049.5,0,527.866
1058.84,0,416.633
1044.65,0,478.154
1078.52,0,437.369
1044.47,0,372.827
168
-1759.5,0,-383
1019.42,0,294.538
1036.19,0,330.85
1032.85,0,346.496
1033.98,0,379.462
1013.31,0,399.585
1050.17,0,342.019
1041.8,0,381.135
1005.49,0,397.912
1042.93,0,414.1
1029.55,0,476.685
1066.45,0,533.662
1058.58,0,417.446
1029.55,0,476.685
1077.03,0,445.935
1049.62,0,382.808
169
-1771.5,0,-382
1023.75,0,294.603
1038.98,0,331.591
1027.23,0,345.08
1026.96,0,378.064
1013.21,0,399.298
1052.46,0,343.341
1040.45,0,389.814
1005.47,0,397.296
1034.44,0,413.05
1041.66,0,481.02
1072.38,0,522.012
1059.68,0,411.311
1018.43,0,475.013
1070.91,0,463.79
1042.45,0,382.068
170
-1783.5,0,-381
1019.23,0,297.172
1036.55,0,333.229
1017.74,0,345.812
1028.77,0,372.465
1008.4,0,392.895
1050.68,0,344.189
1035.06,0,381.869
998.999,0,399.186
1044.53,0,416.37
1049.33,0,474.412
1088.63,0,522.985
1052.37,0,417.926
1002.24,0,465.076
1049.33,0,474.412
1042.9,0,383.425
171
-1794.5,0,-383
1015.61,0,295.519
1023.28,0,330.324
1011.87,0,344.013
1019.55,0,378.817
1000.51,0,390.649
1046.15,0,335.894
1027.17,0,380.674
990.996,0,396.565
1042.47,0,417.335
1052.08,0,477.315
1090.25,0,519.546
1051.98,0,411.419
992.991,0,454.688
1042.57,0,483.231
1036.69,0,374.758
172
-1807.5,0,-381
1019.09,0,293.179
1026.48,0,327.622
1006.99,0,338.674
1014.38,0,373.117
1010.35,0,388.282
1049.68,0,333.792
1029.84,0,377.23
994.884,0,384.168
1037.24,0,411.673
1054.04,0,472.976
1102.11,0,510.12
1044.97,0,413.729
988.495,0,439.302
1024.8,0,489.554
1037.57,0,379.286
173
-1817,0,-382
1016.03,0,287.688
1022.68,0,327.132
1009.56,0,345.568
1014.87,0,377.123
984.648,0,390.329
1041.11,0,340.251
1022.76,0,375.794
984.648,0,390.329
1029.41,0,415.238
1055.82,0,475.69
1103.24,0,516.376
1045.19,0,412.579
986.063,0,446.879
1004.59,0,508.661
1030.65,0,374.465
174
-1831,0,-382
1007.37,0,290.745
1014.57,0,329.831
1000.58,0,340.491
1007.77,0,379.577
1007.77,0,379.577
1040.6,0,341.202
1015.49,0,378.156
976.909,0,385.262
1022.69,0,417.242
1049.64,0,476.937
1101.7,0,499.679
1038.12,0,414.4
980.711,0,449.221
984.513,0,513.18
1023.21,0,376.735
175
-1839,0,-380
1009.99,0,282.902
1018.48,0,325.139
999.851,0,337.976
1008.34,0,380.213
1008.34,0,380.213
1040.64,0,337.354
1017.66,0,373.794
975.421,0,382.284
1026.15,0,416.031
1055.34,0,478.35
1101.1,0,494.912
1035.46,0,409.612
978.114,0,455.991
974.389,0,520.382
1025.52,0,375.243
176
-1857,0,-380
1004.91,0,281.377
1014.2,0,322.596
996.228,0,335.609
997.77,0,375.587
988.781,0,382.093
1028.46,0,332.826
1014.51,0,370.322
972.046,0,387.359
1023.8,0,411.541
1044.86,0,478.484
1092.58,0,478.183
1032.78,0,405.034
976.371,0,459.567
958.695,0,520.305
1022.25,0,371.563
177
-1865,0,-380
1002.03,0,284.692
1010.47,0,326.658
991.951,0,339.413
994.009,0,372.121
983.312,0,386.316
1024.66,0,337.354
1009.64,0,375.001
966.238,0,391.254
1019.52,0,409.149
1037.83,0,485.264
1090.49,0,462.633
1027.34,0,410.589
976.732,0,465.928
955.956,0,534.843
1017.46,0,376.441
178
-1879,0,-380
1000.39,0,279.592
1008.03,0,329.289
991.015,0,334.446
992.153,0,374.967
973.802,0,387.961
1023.7,0,331.968
999.99,0,376.307
964.626,0,394.458
1010.3,0,410.331
1021.76,0,484.877
1074.13,0,461.569
1018.14,0,411.671
976.079,0,469.003
964.023,0,539.53
1017,0,371.15
179
-1890,0,-379
994.419,0,285.812
998.091,0,326.42
988.557,0,341.505
984.37,0,381.285
959.119,0,394.716
1012.97,0,336.03
992.229,0,382.112
959.119,0,394.716
1004.6,0,415.591
1004.92,0,488.022
1056.26,0,453.205
1020.32,0,417.245
982.181,0,477.585
966.786,0,548.362
1008.78,0,375.81
180
-1899,0,-380
984.307,0,289.339
994.466,0,330.641
993.385,0,338.471
987.978,0,377.623
954.682,0,388.984
1010.03,0,332.791
986.896,0,385.454
945.817,0,395.74
998.137,0,418.925
981.702,0,480.494
979.752,0,552.043
1014.78,0,413.245
981.702,0,480.494
980.833,0,544.212
1003.54,0,379.773
181
-1915.5,0,-379
986.834,0,280.754
994.43,0,330.229
985.188,0,336.639
978.383,0,375.572
950.658,0,394.8
1000.95,0,339.394
984.903,0,384.736
942.778,0,393.423
987.339,0,417.261
975.09,0,487.341
997.085,0,547.358
1010.98,0,421.393
982.971,0,488.719
997.085,0,547.358
1002.02,0,379.705
182
-1923.5,0,-382
970.413,0,288.967
990.42,0,330.204
997.553,0,338.73
1001.9,0,378.574
985.545,0,385.011
989.724,0,338.034
977.716,0,384.315
937.175,0,396.492
982.76,0,416.329
953.003,0,484.706
983.625,0,495.321
1006.25,0,418.419
976.492,0,486.795
1002.94,0,544.388
994.071,0,377.878
183
-1940,0,-380
969.028,0,289.12
986.716,0,324.997
1015.22,0,346.623
1015.7,0,387.413
982.777,0,389.375
983.766,0,340.723
974.915,0,387.9
932.65,0,396.249
984.74,0,422.301
940.012,0,487.166
974.414,0,477.341
1000.47,0,425.251
987.189,0,496.017
1017.65,0,550.57
992.115,0,382.987
184
-1952,0,-380
969.334,0,284.146
978.002,0,325.799
999.866,0,337.655
1021.73,0,349.51
1005.81,0,394.885
975.274,0,341.376
967.093,0,388.108
917.91,0,395.551
969.382,0,420.617
921.123,0,468.359
998.55,0,481.914
992.61,0,424.684
988.081,0,496.136
1027.72,0,543.212
983.942,0,383.03
185
-1968,0,-380
958.382,0,285.674
970.823,0,326.396
993.797,0,336.265
1024.65,0,346.798
1005.57,0,384.867
969.496,0,342.154
957.637,0,388.766
909.699,0,392.664
962.862,0,420.945
911.607,0,464.239
965.434,0,484.642
986.5,0,422.936
988.408,0,494.511
1039.58,0,546.429
974.058,0,382.213
186
-1983,0,-381
946.019,0,285.698
972.582,0,328.474
988.198,0,330.342
1025.37,0,350.627
997.276,0,386.865
963.84,0,335.348
950.428,0,381.262
901.713,0,391.274
953.567,0,421.236
902.049,0,454.672
952.036,0,500.249
969.183,0,423.104
992.943,0,489.303
1050.74,0,535.814
974.786,0,376.256
187
-2000,0,-380
946.914,0,285.232
966.071,0,327.183
981.79,0,328.951
1019.32,0,349.092
983.459,0,384.852
949.468,0,333.273
936.302,0,379.546
896.121,0,382.984
947.6,0,420.612
888.162,0,453.719
921.269,0,513.157
963.319,0,422.381
995.542,0,489.678
1054,0,536.05
968.625,0,375.224
188
-2016,0,-382
946.462,0,279.312
959.46,0,327.675
983.413,0,329.177
1021.85,0,355.361
980.443,0,376.538
950.981,0,335.068
932.042,0,381.428
883.641,0,386.317
945.536,0,421.897
879.681,0,449.466
899.179,0,522.01
953.52,0,422.398
997.466,0,488.551
1059.36,0,524.13
964.475,0,375.537
189
-2032,0,-381.5
932.936,0,286.679
955.799,0,327.179
979.349,0,335.686
1010.46,0,360.36
978.663,0,367.679
939.813,0,334.837
915.061,0,382.317
875.525,0,381.468
930.017,0,422.647
873.808,0,461.45
872.262,0,533.433
953.567,0,431.155
983.823,0,495.819
1054.64,0,513.343
954.597,0,383.166
190
-2045,0,-383
932.94,0,279.961
945.934,0,328.058
969.886,0,329.57
999.84,0,362.979
967.408,0,368.81
937.454,0,335.401
910.528,0,380.977
862.624,0,377.951
932.002,0,421.729
873.14,0,465.288
861.19,0,527.567
947.97,0,422.738
975.446,0,495.387
1055.29,0,500.429
950.944,0,375.65
191
-2062,0,-383
927.113,0,280.82
940.561,0,328.986
964.253,0,330.16
985.989,0,370.82
954.4,0,369.255
924.375,0,336.102
898.728,0,374.415
851.344,0,372.068
927.97,0,423.363
870.342,0,468.009
851.027,0,538.302
943.765,0,424.145
963.545,0,504.292
1035.4,0,492.017
938.214,0,376.37
192
-2079,0,-383
916.637,0,280.757
929.45,0,328.813
952.516,0,338.104
966.291,0,370.461
943.225,0,361.17
913.272,0,335.7
887.321,0,373.502
840.708,0,362.769
915.352,0,430.368
865.374,0,474.577
853.199,0,544.737
931.05,0,431.329
950.27,0,503.412
1022.35,0,484.191
926.085,0,383.755
193
-2090,0,-383
913.08,0,277.291
926.809,0,325.391
950.168,0,334.329
955.996,0,382.084
925.081,0,364.899
910.315,0,340.503
869.425,0,370.381
829.917,0,368.653
914.415,0,427.765
864.587,0,481.003
853.575,0,551.771
922.317,0,428.111
934.319,0,515.719
998.913,0,486.877
924.39,0,380.702
194
-2106,0,-381
907.094,0,281.982
921.429,0,329.714
945.138,0,338.417
936.04,0,369.584
912.055,0,368.743
905.163,0,337.015
864.084,0,367.059
816.114,0,365.376
909.848,0,431.637
867.665,0,493.129
865.182,0,563.885
917.843,0,431.918
922.803,0,518.678
980.148,0,481.333
919.498,0,384.747
195
-2123,0,-382
895.417,0,283.203
909.707,0,328.747
932.033,0,346.756
921.169,0,391.854
806.265,0,344.527
896.907,0,341.101
856.126,0,370.572
803.437,0,362.09
902.715,0,439.334
863.869,0,501.55
877.713,0,572.248
910.305,0,436.952
893.786,0,517.177
962.103,0,495.742
913.579,0,394.236
196
-2138,0,-382
885.219,0,288.879
908.009,0,339.981
917.787,0,345.423
915.578,0,395.421
812.35,0,350.783
892.788,0,344.318
841.686,0,367.108
797.13,0,355.12
903.59,0,439.977
867.668,0,516.037
885.016,0,576.918
895.98,0,442.145
867.668,0,516.037
936.159,0,496.521
905.8,0,389.979
197
-2152,0,-382
879.457,0,297.147
899.138,0,341.362
908.836,0,347.068
903.415,0,389.571
800.725,0,342.215
883.734,0,345.355
829.82,0,359.331
787.317,0,353.91
899.99,0,439.775
860.052,0,507.665
901.127,0,570.993
892.288,0,441.772
846.645,0,519.36
917.959,0,509.093
897.71,0,399.269
198
-2166,0,-381.5
864.888,0,296.967
884.033,0,339.022
906.831,0,349.636
841.778,0,358.012
788.28,0,335.866
875.217,0,345.964
825.971,0,356.176
779.464,0,342.808
895.875,0,443.958
871.851,0,512.864
912.881,0,573.393
887.971,0,443.04
825.344,0,499.496
895.561,0,515.618
893.449,0,395.879
199
-2183,0,-383.5
870.377,0,288.892
877.326,0,338.454
900.671,0,342.761
844.763,0,340.493
851.942,0,301.584
868.109,0,344.8
818.547,0,351.749
771.857,0,343.135
889.789,0,445.359
869.085,0,513.959
924.161,0,564.353
882.007,0,443.923
808.268,0,494.691
866.214,0,529.522
882.839,0,395.797
200
-2198,0,-382.5
868.072,0,288.887
871.238,0,336.916
878.327,0,345.575
831.868,0,332.993
843.665,0,294.407
870.453,0,344.79
806.676,0,346.387
760.217,0,333.805
876.785,0,440.848
868.939,0,519.589
928.792,0,557.362
868.911,0,440.064
800.426,0,488.904
842.178,0,548.731
873.619,0,392.819
201
-2213,0,-382.5
850.825,0,288.467
857.239,0,336.17
864.899,0,344.329
825.852,0,327.264
842.916,0,288.217
864.899,0,344.329
801.626,0,342.335
754.42,0,332.93
869.817,0,439.487
875.234,0,518.828
937.261,0,560.367
853.999,0,438.989
781.321,0,484.201
810.715,0,556.38
863.403,0,391.784
202
-2230,0,-382.5
846.793,0,287.277
853.165,0,334.991
860.784,0,343.149
814.072,0,325.84
831.056,0,286.781
852.916,0,342.901
797.837,0,341.166
751.125,0,323.856
857.793,0,438.081
871.286,0,509.776
932.987,0,551.314
849.924,0,437.833
777.363,0,490.978
775.12,0,562.177
851.42,0,390.367
203
-2243,0,-383.5
839.854,0,289.023
846.269,0,336.738
853.931,0,344.899
815.373,0,312.008
824.531,0,272.703
846.02,0,344.649
790.643,0,342.904
736.014,0,317.426
843.029,0,439.581
864.518,0,511.528
934.719,0,545.415
835.118,0,439.332
770.085,0,492.714
752.019,0,563.414
844.524,0,392.115
204
-2260,0,-384.5
834.738,0,292.516
841.487,0,332.332
857.23,0,340.748
810.251,0,307.586
819.493,0,268.274
832.992,0,347.905
664.078,0,374.265
663.33,0,398.003
838.245,0,435.197
859.74,0,515.081
931.205,0,533.174
830.249,0,434.945
764.286,0,496.232
738.054,0,566.69
839.492,0,395.634
205
-2274,0,-385
639.524,0,309.232
829.673,0,340.415
845.537,0,348.319
805.781,0,300.701
813.536,0,252.919
663.416,0,348.946
671.416,0,372.796
718.707,0,308.959
639.825,0,396.782
838.221,0,523.447
671.745,0,468.305
655.662,0,396.728
758.983,0,507.802
655.963,0,484.278
647.661,0,372.877
206
-2287.5,0,-384.5
658.724,0,310.387
658.806,0,334.387
642.862,0,350.441
634.944,0,374.469
635.027,0,398.469
674.861,0,350.331
690.944,0,374.276
714.724,0,310.194
651.027,0,398.414
819.466,0,525.835
683.274,0,470.303
667.026,0,398.359
667.164,0,438.358
667.329,0,486.358
658.944,0,374.386
207
-2300,0,-383
664.219,0,306.829
672.285,0,338.631
656.398,0,346.644
648.523,0,370.543
648.605,0,394.415
688.228,0,346.534
696.267,0,370.379
696.376,0,402.209
664.547,0,402.318
664.684,0,442.105
688.665,0,473.853
680.462,0,402.263
680.599,0,442.05
688.72,0,489.767
672.395,0,370.461
208
-2320,0,-384
681.14,0,314.268
681.223,0,338.268
665.536,0,346.322
657.762,0,370.349
657.844,0,394.349
696.965,0,346.214
712.789,0,378.16
712.871,0,402.16
673.586,0,402.295
673.723,0,442.294
697.405,0,474.213
697.157,0,402.214
689.438,0,442.24
697.46,0,490.213
681.333,0,370.268
209
-2329.5,0,-382.5
695.683,0,306.205
695.793,0,338.204
679.821,0,346.259
671.931,0,378.287
671.986,0,394.287
719.821,0,346.122
727.931,0,378.094
728.013,0,402.094
688.013,0,402.232
688.151,0,442.231
712.261,0,474.149
712.013,0,402.149
712.151,0,442.149
712.316,0,490.148
695.903,0,370.204
210
-2346.5,0,-385.5
779.405,0,290.731
708.084,0,338.634
692.225,0,346.631
684.364,0,370.487
684.446,0,394.315
731.939,0,346.494
739.991,0,378.238
740.073,0,402.067
700.359,0,402.203
700.496,0,441.917
724.434,0,473.607
724.188,0,402.121
724.324,0,441.835
732.404,0,481.522
708.22,0,378.348
211
-2358,0,-383.5
771.383,0,289.537
771.519,0,328.948
708.044,0,344.931
700.184,0,368.605
700.293,0,400.135
755.664,0,336.885
715.877,0,313.375
699.859,0,274.018
716.175,0,400.08
708.369,0,439.519
732.301,0,470.966
771.898,0,439.3
740.134,0,439.41
748.156,0,463.029
724.035,0,376.406
212
-2376,0,-384.5
763.435,0,287.443
759.873,0,326.505
781.522,0,331.471
787.648,0,281.604
788.646,0,253.348
735.659,0,332.345
708.313,0,303.284
706.747,0,285.834
734.232,0,434.563
695.632,0,476.981
749.755,0,489.396
762.576,0,435.367
774.537,0,529.263
753.886,0,496.041
751.183,0,387.178
213
-2387.5,0,-386.5
762.249,0,281.501
758.065,0,327.96
783.153,0,324.71
787.337,0,278.25
809.408,0,232.024
743.662,0,334.928
715.556,0,295.204
708.587,0,280.801
738.778,0,435.049
684.65,0,470.123
752.247,0,499.629
756.665,0,435.282
777.103,0,514.265
,,
757.365,0,381.621
214
-2406.5,0,-390.5
753.511,0,276.74
756.18,0,319.17
560.959,0,368.173
717.853,0,293.672
560.6,0,385.822
585.74,0,365.145
585.381,0,382.795
588.409,0,407.576
729.247,0,428.095
672.194,0,455.186
727.812,0,498.693
574.505,0,396.699
777.015,0,510.287
811.238,0,563.953
567.732,0,382.436
215
-2424.5,0,-392
758.447,0,270.602
581.922,0,358.35
574.698,0,366.928
568.213,0,383.332
561.728,0,399.736
598.591,0,364.669
600.071,0,380.321
602.29,0,403.797
577.657,0,398.231
661.741,0,437.654
567.647,0,462.341
593.586,0,396.725
597.285,0,435.852
599.504,0,459.329
584.142,0,381.826
216
-2437.5,0,-391
600.443,0,346.245
599.303,0,374.835
588.175,0,376.475
578.816,0,389.223
575.907,0,406.704
610.431,0,373.196
613.97,0,395.412
611.06,0,412.894
732.328,0,423.448
649.753,0,441.299
687.306,0,498.294
604.611,0,408.159
609.92,0,441.484
608.78,0,470.074
601.072,0,385.943
217
-2459.5,0,-397
798.366,0,317.705
803.51,0,351.254
787.592,0,359.417
781.553,0,394.681
773.799,0,418.762
827.59,0,359.008
826.285,0,387.823
829.714,0,410.189
802.614,0,420.067
785.391,0,457.045
665.807,0,498.271
813.797,0,418.352
756.986,0,495.738
627.114,0,469.866
803.919,0,391.252
218
-2471.5,0,-396.5
810.077,0,321.429
815.687,0,345.927
798.333,0,360.213
796.032,0,383.944
793.732,0,407.675
838.651,0,356.137
844.261,0,380.635
841.194,0,412.276
808.786,0,417.119
797.808,0,447.993
801.118,0,496.222
825.373,0,410.742
837.36,0,451.827
849.346,0,492.913
819.763,0,386.245
219
-2488.5,0,-399
822.45,0,319.291
828.571,0,343.651
811.532,0,358.293
809.733,0,382.053
800.014,0,405.214
851.133,0,361.29
857.254,0,385.651
855.455,0,409.411
823.175,0,414.933
812.257,0,453.934
809.259,0,493.535
839.615,0,408.212
852.458,0,449.012
864.701,0,497.732
833.494,0,383.852
220
-2499.5,0,-396
832.278,0,321.811
837.8,0,345.927
820.716,0,359.992
818.452,0,383.353
816.187,0,406.714
860.406,0,355.979
865.929,0,380.095
862.909,0,411.243
831.007,0,416.01
827.232,0,454.946
824.213,0,486.094
855.122,0,410.488
866.922,0,450.933
870.18,0,498.41
841.813,0,385.617
221
-2521.5,0,-402.5
850.197,0,327.338
855.29,0,351.917
838.594,0,357.94
834.875,0,389.471
824.202,0,412.189
870.126,0,361.659
883.102,0,387.168
880.312,0,410.816
847.85,0,414.979
843.201,0,454.393
829.738,0,500.761
872.429,0,409.886
882.615,0,459.043
893.731,0,500.317
858.523,0,392.261
222
-2532.5,0,-401.5
864.758,0,329.04
869.891,0,353.812
852.127,0,367.828
841.37,0,390.725
838.559,0,414.56
884.844,0,363.632
897.922,0,389.341
887.165,0,412.238
862.393,0,417.372
848.825,0,464.104
836.194,0,502.891
878.283,0,419.246
897.432,0,461.782
908.635,0,503.381
873.15,0,394.474
223
-2543.5,0,-403
866.13,0,322.491
877.977,0,355.331
861.557,0,361.255
850.146,0,391.351
847.402,0,414.609
892.568,0,364.913
905.329,0,390
894.833,0,412.344
870.66,0,417.353
857.42,0,462.954
845.095,0,500.803
886.166,0,419.182
905.765,0,452.936
915.783,0,501.282
874.319,0,386.342
224
-2561.5,0,-406.5
878.051,0,330.199
890.941,0,355.301
873.478,0,368.962
862.918,0,391.298
860.174,0,414.556
905.66,0,364.898
910.733,0,389.078
907.989,0,412.336
883.624,0,417.323
870.32,0,462.917
857.931,0,500.758
899.258,0,419.167
918.135,0,460.697
929.196,0,501.305
886.368,0,394.065
225
-2572.5,0,-404.5
893.904,0,327.302
898.1,0,360.019
880.336,0,374.034
877.524,0,397.869
874.713,0,421.703
920.998,0,370.775
926.131,0,395.547
923.319,0,419.382
898.547,0,424.515
884.979,0,471.247
872.348,0,510.035
915.374,0,418.445
926.578,0,460.044
731.214,0,477.274
901.359,0,400.68
226
-2586.5,0,-410.5
904.208,0,331.781
731.229,0,375.315
891.676,0,370.266
720.557,0,398.034
710.814,0,412.87
746.995,0,377.175
937.113,0,391.611
750.228,0,417.519
726.58,0,414.73
722.86,0,446.261
882.82,0,513.087
742.345,0,416.59
746.509,0,449.051
742.789,0,480.582
912.535,0,396.704
227
-2602.5,0,-414
746.357,0,355.679
740.027,0,383.536
728.84,0,383.324
722.804,0,399.996
716.769,0,416.668
756.66,0,389.446
761.812,0,406.329
755.776,0,423.001
739.143,0,417.091
727.072,0,450.435
726.188,0,483.991
750.33,0,417.303
749.446,0,450.858
748.562,0,484.413
745.179,0,400.419
228
-2608.5,0,-412.5
754.148,0,354.889
754.77,0,378.481
739.175,0,378.892
739.796,0,402.484
732.413,0,418.417
762.567,0,378.276
770.986,0,401.662
771.607,0,425.254
748.008,0,418.006
741.039,0,449.667
741.868,0,481.123
763.603,0,417.595
764.431,0,449.051
765.26,0,480.507
755.391,0,402.073
229
-2620.5,0,-416.5
767.505,0,359.81
767.096,0,375.36
751.045,0,382.717
750.43,0,406.043
742.302,0,413.609
782.737,0,383.552
782.328,0,399.102
781.713,0,422.428
758.148,0,414.027
757.124,0,452.902
756.305,0,484.002
773.995,0,414.444
772.971,0,453.319
780.075,0,484.628
766.481,0,398.685
230
-2630.5,0,-417.5
782.202,0,356.926
774.984,0,380.644
767.353,0,388.688
759.928,0,404.569
752.504,0,420.45
790.658,0,380.231
791.278,0,403.743
791.897,0,427.255
768.179,0,420.037
769.004,0,451.386
761.993,0,482.942
783.853,0,419.624
784.679,0,450.973
785.505,0,482.322
775.603,0,404.156
231
-2643.5,0,-418.5
794,0,358.334
788.387,0,383.002
781.208,0,391.746
774.813,0,408.452
768.417,0,425.158
805.093,0,389.397
807.442,0,413.282
809.008,0,429.205
784.34,0,423.592
779.51,0,456.222
774.68,0,488.851
800.263,0,422.027
804.178,0,461.835
799.348,0,494.464
790.736,0,406.886
232
-2654.5,0,-419.5
800.428,0,364.549
801.053,0,388.28
785.058,0,388.701
785.683,0,412.432
778.103,0,428.463
817.047,0,387.859
817.672,0,411.59
818.089,0,427.41
793.889,0,420.132
794.931,0,459.683
787.767,0,491.535
810.092,0,427.621
810.925,0,459.262
811.759,0,490.903
801.469,0,404.101
233
-2663.5,0,-420
810.682,0,361.022
810.05,0,385.014
801.842,0,392.801
793.424,0,408.584
785.005,0,424.368
825.834,0,393.433
833.41,0,409.638
832.778,0,433.629
808.997,0,425
807.943,0,464.986
799.104,0,496.765
824.991,0,425.422
823.938,0,465.408
823.095,0,497.397
817.415,0,409.216
234
-2674.5,0,-423.5
826.387,0,362.975
824.038,0,386.86
807.679,0,393.289
805.33,0,417.174
795.975,0,432.332
838.833,0,396.353
837.267,0,412.276
842.707,0,436.927
811.553,0,433.863
816.209,0,466.476
813.078,0,498.322
827.912,0,427.433
831.786,0,468.007
837.226,0,492.658
821.69,0,410.744
235
-2687.5,0,-427.5
835.647,0,366.765
837.995,0,390.65
822.072,0,392.215
816.459,0,416.883
810.063,0,433.589
846.74,0,397.828
848.306,0,413.752
850.654,0,437.636
825.987,0,432.023
821.157,0,464.653
824.288,0,496.499
841.91,0,430.458
845.041,0,462.304
848.173,0,494.15
832.382,0,415.317
236
-2692.5,0,-427.5
844.234,0,368.553
844.859,0,392.272
829.254,0,400.595
829.671,0,416.407
814.275,0,432.637
860.88,0,399.762
861.296,0,415.574
861.921,0,439.293
837.994,0,432.012
830.921,0,463.846
831.962,0,503.377
853.807,0,431.595
854.848,0,471.127
855.681,0,502.753
845.484,0,415.991
237
-2704,0,-428
853.674,0,370.765
853.049,0,394.484
844.844,0,402.18
836.43,0,417.782
828.016,0,433.384
869.044,0,394.905
876.416,0,418.835
875.791,0,442.554
852.008,0,434.016
843.178,0,465.431
842.136,0,504.962
860.005,0,434.227
867.169,0,466.063
866.336,0,497.688
852.424,0,418.203
238
-2712,0,-429
862.041,0,376.674
861.459,0,392.481
853.265,0,400.094
844.488,0,423.514
836.002,0,439.031
876.976,0,400.967
884.007,0,424.969
883.425,0,440.777
859.713,0,439.904
850.646,0,471.228
849.482,0,502.842
867.617,0,440.195
874.357,0,472.101
873.193,0,503.715
860.586,0,416.192
239
-2720.5,0,-436.5
870.603,0,376.484
870.003,0,399.931
862.187,0,399.73
853.77,0,422.977
845.554,0,438.408
885.634,0,400.331
892.849,0,423.978
892.248,0,447.425
869.201,0,431.193
860.384,0,470.071
859.383,0,509.149
876.817,0,439.209
883.831,0,470.672
883.03,0,501.934
869.602,0,415.562
240
-2736.5,0,-437
732.684,0,247.304
715.442,0,286.177
738.553,0,295.039
763.93,0,248.585
788.66,0,217.935
692.331,0,277.314
686.462,0,229.579
687.433,0,205.872
673.47,0,355.698
,,
,,
674.117,0,339.893
,,
,,
690.712,0,316.826
241
-2743.5,0,-440
661.631,0,351.028
667.905,0,392.66
654.415,0,400.566
652.783,0,428.708
657.896,0,452.896
685.349,0,391.5
703.953,0,407.783
698.839,0,383.594
660.689,0,442.198
593.49,0,327.529
,,
678.132,0,441.038
593.49,0,327.529
,,
673.019,0,416.849
242
-2754.5,0,-440.5
679.418,0,370.847
680.5,0,388.336
660.029,0,400.333
658.24,0,428.566
663.275,0,452.801
695.229,0,397.828
709.959,0,407.32
715.7,0,385.831
676.922,0,444.803
594.994,0,320.642
,,
683.746,0,440.805
588.17,0,324.641
,,
682.664,0,423.315
243
-2766.5,0,-443.5
690.79,0,370.118
689.296,0,398.495
671.807,0,399.577
667.566,0,438.73
672.818,0,463.154
706.786,0,397.413
725.527,0,413.931
720.276,0,389.507
682.309,0,448.425
592.841,0,326.68
,,
699.799,0,447.343
592.841,0,326.68
,,
687.802,0,426.872
244
-2774.5,0,-444.5
691.515,0,373.35
699.607,0,400.353
678.626,0,413.431
675.709,0,441.469
687.753,0,451.442
710.615,0,399.318
728.68,0,414.277
726.61,0,392.261
687.753,0,451.442
,,
645.413,0,355.474
704.782,0,455.393
,,
,,
696.691,0,428.391
245
-2782.5,0,-446.5
700.94,0,372.165
704.045,0,405.19
688.051,0,412.246
685.134,0,440.284
692.191,0,456.278
721.075,0,409.141
744.126,0,418.079
737.069,0,402.084
698.212,0,461.265
,,
,,
714.207,0,454.208
722.298,0,481.211
,,
701.129,0,433.227
246
-2793.5,0,-448.5
711.455,0,376.209
708.538,0,404.246
692.544,0,411.303
689.627,0,439.34
696.684,0,455.335
725.568,0,408.198
748.619,0,417.136
741.562,0,401.141
702.705,0,460.321
,,
,,
718.7,0,453.265
726.791,0,480.267
,,
711.643,0,437.27
247
-2800.5,0,-449.5
716.508,0,377.529
721.621,0,401.718
701.385,0,413.577
699.754,0,441.718
700.914,0,459.162
732.319,0,404.51
757.669,0,416.84
752.555,0,392.652
714.405,0,451.256
608.366,0,332.162
,,
731.848,0,450.095
,,
,,
719.989,0,429.86
248
-2809.5,0,-452
728.819,0,376.657
727.03,0,404.89
713.383,0,412.888
711.594,0,441.121
716.629,0,465.356
744.63,0,403.638
763.313,0,419.875
758.278,0,395.64
719.5,0,454.612
,,
,,
737.1,0,453.36
,,
,,
725.241,0,433.124
249
-2818.5,0,-453
732.968,0,378.65
738.003,0,402.885
717.532,0,414.881
715.743,0,443.115
720.778,0,467.349
748.78,0,405.631
774.286,0,417.869
769.251,0,393.634
730.473,0,452.606
,,
,,
748.073,0,451.354
,,
,,
736.215,0,431.118
250
-2828.5,0,-454
739.02,0,380.57
744.055,0,404.805
723.584,0,416.802
721.795,0,445.035
722.877,0,462.524
754.831,0,407.551
780.337,0,419.789
775.302,0,395.555
736.524,0,454.527
,,
,,
754.125,0,453.274
,,
,,
742.266,0,433.039
251
-2836.5,0,-455
749.892,0,379.64
748.103,0,407.874
734.456,0,415.871
732.667,0,444.105
737.702,0,468.339
765.703,0,406.621
784.386,0,422.858
779.351,0,398.623
740.573,0,457.595
,,
,,
758.173,0,456.343
,,
,,
746.314,0,436.107
252
-2844.5,0,-457
753.313,0,384.781
758.564,0,409.205
738.328,0,421.064
736.835,0,449.441
742.086,0,473.865
769.308,0,412.076
788.05,0,428.594
793.543,0,407.041
751.577,0,459.135
,,
,,
769.067,0,458.053
,,
,,
757.07,0,437.582
253
-2851.5,0,-458
,,
701.608,0,262.945
709.298,0,261.537
672.253,0,276.265
672.253,0,276.265
678.536,0,267.167
673.661,0,283.955
670.846,0,268.574
651.344,0,335.728
594.696,0,330.2
590.575,0,394.538
670.947,0,355.984
643.755,0,424.545
,,
677.883,0,307.027
254
-2858.5,0,-459
,,
691.601,0,253.291
714.94,0,249.019
714.94,0,249.019
710.718,0,225.948
668.261,0,257.562
649.886,0,245.029
671.818,0,233.067
677.371,0,351.271
601.722,0,333.324
597.422,0,397.696
660.404,0,346.429
593.942,0,334.748
597.422,0,397.696
676.706,0,303.705
255
-2866.5,0,-460
,,
689.529,0,248.835
706.318,0,253.711
716.069,0,220.134
708.378,0,221.542
666.458,0,253.058
648.262,0,240.492
669.926,0,228.579
675.657,0,346.751
602.221,0,336.347
605.79,0,399.278
667.967,0,348.158
602.221,0,336.347
598.1,0,400.685
674.903,0,299.201
256
-2871.5,0,-462
673.8,0,215.182
682.866,0,246.116
700.31,0,244.956
705.895,0,223.56
688.451,0,224.72
662.631,0,257.975
644.027,0,241.692
664.262,0,229.834
679.131,0,347.985
669.122,0,408.221
,,
664.48,0,338.447
601.452,0,339.136
,,
675.65,0,295.654
257
-2878.5,0,-463
675.656,0,215.085
680.769,0,239.274
698.212,0,238.113
697.052,0,220.67
695.891,0,203.227
660.533,0,251.133
645.882,0,241.595
655.42,0,226.944
683.779,0,337.189
677.723,0,404.171
,,
666.336,0,338.35
600.515,0,349.737
621.44,0,400.907
677.505,0,295.557
258
-2885.5,0,-464
672.962,0,212.005
671.33,0,240.146
695.519,0,235.033
699.943,0,196.193
699.943,0,196.193
657.84,0,248.052
643.189,0,238.514
652.726,0,223.863
685.039,0,340.854
597.821,0,346.657
,,
663.642,0,335.269
597.821,0,346.657
633.397,0,407.364
674.812,0,292.477
259
-2891.5,0,-465.5
,,
668.97,0,236.246
693.158,0,231.132
697.583,0,192.292
697.583,0,192.292
655.479,0,244.151
634.083,0,238.567
650.366,0,219.963
678.725,0,330.208
610.112,0,352.293
634.99,0,410.208
671.98,0,334.161
606.159,0,345.548
634.99,0,410.208
679.197,0,284.623
260
-2900.5,0,-467
,,
665.614,0,229.203
690.038,0,223.951
692.908,0,213.207
685.003,0,199.717
655.919,0,243.946
630.413,0,231.708
644.061,0,223.71
668.153,0,327.394
609.611,0,352.639
634.41,0,410.6
678.93,0,330.14
,,
,,
679.637,0,284.417
261
-2904.5,0,-467.5
,,
666.603,0,222.271
688.156,0,227.764
687.074,0,210.274
662.65,0,215.526
656.909,0,237.014
635.356,0,231.521
,,
673.096,0,327.207
614.553,0,352.453
650.129,0,413.16
683.872,0,329.954
704.719,0,381.169
,,
673.802,0,281.484
262
-2910.5,0,-468.5
633.279,0,217.527
665.608,0,225.767
690.032,0,220.515
684.997,0,196.281
674.221,0,193.534
651.961,0,233.764
626.455,0,221.526
640.102,0,213.529
692.572,0,318.706
613.559,0,355.949
648.052,0,399.167
674.972,0,319.959
,,
,,
675.678,0,274.236
263
-2919.5,0,-469.5
644.631,0,191.471
663.953,0,217.74
674.042,0,205.557
671.948,0,183.285
659.765,0,173.196
648.819,0,236.015
625.5,0,226.973
634.542,0,203.654
695.648,0,315.87
626.929,0,361.652
,,
679.468,0,323.009
712.02,0,370.503
,,
680.324,0,272.373
264
-2922.5,0,-470.5
645.024,0,188.26
664.065,0,214.298
674.154,0,202.115
666.179,0,174.972
,,
648.932,0,232.572
619.801,0,218.718
629.89,0,206.535
694.99,0,311.79
632.502,0,362.733
680.176,0,207.101
689.946,0,317.882
636.57,0,345.563
,,
674.972,0,274.675
265
-2930.5,0,-470.5
,,
654.544,0,214.412
670.539,0,207.355
663.482,0,191.361
661.412,0,169.345
644.571,0,226.455
621.52,0,217.517
631.493,0,205.474
696.883,0,310.379
723.039,0,352.341
,,
685.875,0,311.414
634.975,0,360.621
683.147,0,400.513
675.714,0,262.395
266
-2935.5,0,-471.5
634.242,0,187.574
653.341,0,213.542
663.315,0,201.499
661.244,0,179.483
649.201,0,169.51
643.368,0,225.585
609.309,0,217.682
624.269,0,199.617
700.667,0,303.488
,,
,,
678.651,0,305.558
639.794,0,364.738
680.91,0,388.635
674.511,0,261.526
267
-2940.5,0,-472.5
,,
646.487,0,205.092
662.552,0,198.093
661.447,0,187.027
635.409,0,206.069
642.606,0,222.179
625.436,0,218.112
630.423,0,212.09
694.653,0,295.733
738.399,0,342.111
,,
689.667,0,301.755
645.893,0,367.015
698.507,0,390.283
674.168,0,258.468
268
-2946.5,0,-472.5
,,
648.437,0,206.391
658.526,0,194.208
,,
,,
638.348,0,218.574
638.348,0,218.574
,,
690.428,0,302.778
645.028,0,357.602
714.355,0,384.206
695.472,0,296.687
754.711,0,335.474
714.355,0,384.206
674.477,0,248.493
269
-2951.5,0,-473.5
,,
645.494,0,200.222
655.467,0,188.179
655.467,0,188.179
,,
635.521,0,212.265
630.534,0,218.287
,,
698.646,0,284.842
654.873,0,350.102
,,
693.66,0,290.864
655.978,0,361.168
718.565,0,372.393
673.175,0,253.598
270
-2956.5,0,-474.5
607.528,0,207.597
638.29,0,201.967
661.361,0,197.745
615.218,0,206.189
615.218,0,206.189
639.697,0,209.657
615.218,0,206.189
599.838,0,209.004
692.224,0,279.524
665.032,0,348.085
,,
698.507,0,270.427
762.193,0,314.407
,,
668.399,0,236.197
271
-2961.5,0,-474.5
,,
637.676,0,185.752
655.113,0,187.486
,,
,,
635.768,0,203.293
,,
,,
706.385,0,267.054
670.472,0,337.953
,,
695.541,0,269.522
666.221,0,344.623
,,
671.076,0,235.174
272
-2966.5,0,-475.5
,,
649.115,0,180.87
664.029,0,176.17
604.375,0,194.968
,,
646.358,0,198.133
596.918,0,197.318
,,
714.597,0,258.601
775.785,0,296.699
,,
707.14,0,260.951
775.785,0,296.699
,,
670.671,0,223.26
273
-2971.5,0,-477
,,
638.268,0,187.154
650.819,0,177.526
603.65,0,194.002
,,
643.027,0,193.357
603.65,0,194.002
,,
707.921,0,251.966
760.056,0,280.948
,,
707.921,0,251.966
686.268,0,327.696
,,
677.853,0,225.763
274
-2974,0,-479.5
,,
634.992,0,186.662
634.992,0,186.662
694.025,0,328.594
,,
634.992,0,186.662
,,
,,
710.92,0,246.661
689.267,0,322.391
802.225,0,235.743
704.645,0,251.475
780.365,0,272.219
,,
669.818,0,219.068
275
-2978,0,-481
,,
640.027,0,185.125
648.43,0,171.939
782.684,0,266.768
757.474,0,306.327
640.027,0,185.125
,,
,,
708.349,0,237.937
780.293,0,255.974
,,
704.148,0,244.53
690.313,0,309.881
,,
675.384,0,216.929
276
-2983,0,-483
593.828,0,190.545
628.447,0,183.697
628.447,0,183.697
593.828,0,190.545
,,
628.447,0,183.697
593.828,0,190.545
,,
705.891,0,232.678
781.612,0,253.422
,,
699.616,0,237.492
787.887,0,248.608
,,
664.79,0,205.086
277
-2986.5,0,-483
,,
623.126,0,178.301
640.291,0,174.988
604.516,0,192.576
623.126,0,178.301
627.885,0,184.505
582.593,0,189.687
629.33,0,173.543
711.244,0,228.949
781.773,0,243.822
,,
705.041,0,233.707
702.575,0,294.719
,,
670.287,0,201.246
278
-2995,0,-481.5
,,
619.949,0,174.476
649.577,0,161.717
579.305,0,185.717
591.712,0,176.2
613.746,0,179.234
579.305,0,185.717
,,
710.121,0,214.955
781.037,0,230.333
,,
703.918,0,219.714
706.597,0,287.434
,,
667.442,0,197.853
279
-2998,0,-482
600.413,0,151.617
621.058,0,165.685
638.278,0,162.443
585.227,0,183.202
556.99,0,184.926
619.668,0,176.719
579.024,0,187.96
550.786,0,189.684
705.026,0,210.923
,,
,,
698.822,0,215.681
,,
,,
662.347,0,193.821
280
-3003,0,-482
600.518,0,144.25
625.976,0,164.594
638.383,0,155.077
583.942,0,186.869
555.705,0,188.593
613.57,0,174.111
579.129,0,180.594
544.688,0,187.076
703.741,0,214.59
,,
,,
691.334,0,224.107
,,
,,
656.248,0,191.213
281
-3006,0,-482
581.028,0,165.635
614.079,0,170.186
614.079,0,170.186
584.452,0,182.945
550.011,0,189.427
614.079,0,170.186
573.435,0,181.428
550.011,0,189.427
704.25,0,210.666
,,
,,
691.844,0,220.183
,,
,,
656.758,0,187.288
282
-3014,0,-482.5
584.067,0,162.952
618.508,0,156.469
637.118,0,142.194
581.288,0,185.02
553.05,0,186.744
606.101,0,165.986
576.474,0,178.744
546.847,0,191.502
702.476,0,201.707
,,
,,
690.069,0,211.224
,,
,,
654.983,0,178.329
283
-3018,0,-481
587.8,0,144.912
611.781,0,150.924
626.778,0,141.939
590.773,0,183.889
577.586,0,175.486
614.173,0,161.719
573.385,0,182.079
562.59,0,184.471
699.302,0,188.158
,,
,,
695.101,0,194.752
705.247,0,266.114
,,
651.34,0,176.134
284
-3023,0,-483.5
579.294,0,129.583
609.29,0,155.841
627.899,0,141.565
578.273,0,179.633
554.904,0,187.705
603.086,0,160.599
567.311,0,178.188
554.904,0,187.705
700.297,0,184.565
,,
,,
692.649,0,200.285
,,
,,
651.692,0,172.582
285
-3026,0,-482
582.124,0,121.764
612.469,0,148.327
625.02,0,138.7
574.816,0,177.21
535.273,0,177.639
599.918,0,157.955
574.816,0,177.21
544.9,0,190.19
693.445,0,175.924
,,
,,
690.522,0,198.102
,,
,,
655.364,0,165.263
286
-3034,0,-480
,,
609.845,0,141.947
614.047,0,135.354
571.448,0,173.102
560.653,0,175.493
601.441,0,155.133
571.448,0,173.102
543.846,0,201.866
694.975,0,168.386
757.933,0,171.426
,,
690.773,0,174.979
707.513,0,250.544
,,
653.605,0,160.564
287
-3037,0,-482.5
,,
604.289,0,139.479
615.084,0,137.088
572.485,0,174.836
546.694,0,186.212
595.885,0,152.666
565.892,0,170.635
542.492,0,192.806
689.419,0,165.919
,,
,,
696.012,0,170.121
,,
701.957,0,248.076
648.049,0,158.097
288
-3040,0,-481
,,
605.059,0,135.632
620.133,0,126.697
573.179,0,170.941
577.381,0,164.347
596.656,0,148.819
568.977,0,177.534
538.831,0,195.405
691.032,0,162.61
752.06,0,155.147
762.931,0,152.805
691.032,0,162.61
712.511,0,231.922
708.309,0,238.516
649.28,0,154.543
289
-3045,0,-483
568.433,0,151.669
598.426,0,133.7
590.023,0,146.886
566.623,0,169.057
551.626,0,178.041
590.023,0,146.886
566.623,0,169.057
547.424,0,184.634
687.758,0,153.546
761.511,0,154.194
,,
687.758,0,153.546
754.918,0,149.993
,,
646.388,0,145.724
290
-3049,0,-481
567.558,0,146.332
604.374,0,132.711
606.108,0,115.274
572.494,0,168.019
585.099,0,148.24
589.301,0,141.647
572.494,0,168.019
546.549,0,179.297
687.879,0,148.844
755.576,0,145.633
,,
687.879,0,148.844
755.576,0,145.633
,,
646.126,0,140.778
291
-3052,0,-481.5
566.758,0,148.506
596.751,0,130.537
605.155,0,117.35
702.822,0,225.947
577.553,0,146.114
588.348,0,143.723
564.948,0,165.894
545.749,0,181.471
683.691,0,139.588
753.243,0,146.83
750.852,0,136.035
686.083,0,150.383
753.243,0,146.83
,,
638.12,0,138.359
292
-3057,0,-481
560.482,0,147.452
594.677,0,122.889
603.081,0,109.703
707.341,0,222.502
571.277,0,145.06
586.274,0,136.076
565.265,0,169.041
550.268,0,178.026
684.009,0,142.736
751.169,0,139.183
,,
684.009,0,142.736
751.169,0,139.183
,,
631.845,0,137.305
293
-3060,0,-480
,,
587.55,0,124.866
600.155,0,105.087
,,
543.141,0,180.003
585.74,0,142.254
568.933,0,168.627
549.735,0,184.204
681.083,0,138.12
741.651,0,130.364
745.852,0,123.771
681.083,0,138.12
748.244,0,134.566
,,
628.919,0,132.689
294
-3062,0,-480
555.427,0,119.793
588.478,0,124.344
602.275,0,103.793
573.293,0,155.928
,,
587.089,0,135.378
571.903,0,166.962
689.667,0,166.34
678.005,0,125.446
745.497,0,123.514
,,
671.801,0,130.204
750.311,0,129.79
,,
632.547,0,130.412
295
-3067,0,-481
557.248,0,137.436
587.242,0,119.467
589.052,0,102.079
574.636,0,139.247
,,
578.838,0,132.654
568.624,0,163.228
,,
674.182,0,128.519
741.342,0,124.966
738.951,0,114.171
674.182,0,128.519
741.342,0,124.966
,,
628.611,0,127.29
296
-3071,0,-480
547.051,0,119.224
586.306,0,119.016
593.899,0,103.224
569.731,0,161.635
,,
584.916,0,130.05
699.157,0,201.907
687.494,0,161.013
669.629,0,124.877
737.121,0,122.945
,,
669.629,0,124.877
743.324,0,118.187
,,
630.374,0,125.084
297
-3076,0,-480
554.048,0,134.619
577.448,0,112.448
585.851,0,99.2617
569.044,0,125.634
,,
575.638,0,129.836
561.222,0,167.003
,,
664.388,0,121.5
731.548,0,117.946
729.157,0,107.151
664.388,0,121.5
735.75,0,111.353
,,
618.817,0,120.27
298
-3079,0,-478
751.099,0,154.209
580.832,0,127.162
594.9,0,106.517
694.62,0,197.532
,,
580.832,0,127.162
694.62,0,197.532
,,
665.862,0,121.058
728.824,0,112.175
733.375,0,79.1235
665.862,0,121.058
735.099,0,107.361
,,
626.485,0,121.703
299
-3081,0,-478
552.792,0,133.777
576.387,0,111.299
584.889,0,97.9598
570.229,0,135.511
725.252,0,168.655
574.479,0,128.841
559.82,0,166.391
555.569,0,173.061
663.572,0,119.968
724.383,0,111.829
722.041,0,100.958
663.572,0,119.968
684.22,0,189.399
,,
617.854,0,118.968
300
-3086,0,-477.5
539.986,0,109.3
572.871,0,113.635
591.481,0,99.3598
690.985,0,190.541
732.963,0,168.194
571.426,0,124.597
686.226,0,184.338
739.166,0,163.435
657.252,0,108.029
724.467,0,105.737
722.598,0,77.6098
662.01,0,114.232
724.467,0,105.737
,,
627.68,0,120.86
301
-3089,0,-478
532.685,0,108.767
565.787,0,112.935
579.855,0,92.2907
684.333,0,189.509
733.02,0,162.016
569.029,0,130.156
559.719,0,157.004
733.02,0,162.016
650.817,0,106.831
684.333,0,189.509
,,
655.575,0,113.035
684.333,0,189.509
,,
609.923,0,118.494
302
-3092,0,-476.5
563.048,0,107.989
565.398,0,115.445
734.076,0,177.051
686.466,0,183.857
729.377,0,162.137
718.122,0,100.107
721.459,0,58.0689
736.92,0,159.76
670.017,0,131.66
718.122,0,100.107
,,
650.231,0,121.501
718.122,0,100.107
,,
617.708,0,123.553
303
-3096,0,-476.5
,,
558.116,0,111.566
573.189,0,102.63
708.584,0,96.2072
727.594,0,154.676
563.052,0,133.253
548.713,0,170.47
723.392,0,161.27
650.024,0,114.513
704.382,0,102.8
723.392,0,161.27
650.024,0,114.513
682.374,0,181.483
723.392,0,161.27
610.74,0,117.29
304
-3099,0,-476.5
524.495,0,115.761
557.38,0,120.096
571.232,0,99.6172
527.809,0,132.926
725.12,0,158.934
555.936,0,131.058
550.156,0,174.905
729.879,0,165.138
647.964,0,109.731
678.384,0,175.078
,,
647.964,0,109.731
683.142,0,181.282
,,
613.634,0,116.359
305
-3102,0,-476.5
522.774,0,110.048
555.66,0,114.383
569.511,0,93.9039
502.72,0,135.285
497.961,0,129.082
558.973,0,131.548
548.435,0,169.191
728.158,0,159.424
640.04,0,108.777
675.218,0,180.327
,,
644.799,0,114.98
675.218,0,180.327
,,
605.71,0,115.404
306
-3106,0,-475.5
521.055,0,114.349
553.941,0,118.683
567.792,0,98.2048
673.499,0,184.628
721.681,0,157.522
558.699,0,124.887
546.716,0,173.492
721.681,0,157.522
633.563,0,106.874
674.944,0,173.666
,,
638.321,0,113.077
673.499,0,184.628
,,
603.991,0,119.704
307
-3109,0,-474.5
511.466,0,114.245
545.993,0,119.759
545.993,0,119.759
673.477,0,186.148
700.954,0,169.292
550.692,0,134.672
547.528,0,176.655
542.014,0,211.182
642.523,0,113.931
677.456,0,94.7254
,,
635.066,0,116.281
679.806,0,102.182
,,
595.433,0,120.573
308
-3112,0,-473.5
528.733,0,136.522
547.559,0,122.081
547.559,0,122.081
674.783,0,183.978
712.436,0,155.095
546.098,0,133.17
540.251,0,177.527
542.141,0,205.981
628.107,0,110.134
669.97,0,177.702
,,
632.921,0,116.409
674.783,0,183.978
,,
598.192,0,123.114
309
-3114,0,-473.5
505.303,0,110.95
534.722,0,126.271
544.529,0,131.378
669.664,0,190.311
694.791,0,165.998
544.529,0,131.378
541.364,0,173.361
538.2,0,215.344
638.709,0,118.094
673.642,0,98.888
,,
631.252,0,120.444
675.992,0,106.345
,,
584.162,0,127.086
310
-3118,0,-473.5
,,
538.114,0,126.827
542.873,0,133.031
664.453,0,187.57
708.381,0,153.874
542.873,0,133.031
536.805,0,177.099
708.381,0,153.874
618.386,0,114.52
670.314,0,104.247
,,
618.386,0,114.52
670.314,0,104.247
665.555,0,98.044
588.525,0,127.572
311
-3120,0,-472.5
512.816,0,150.305
525.421,0,130.526
538.026,0,110.746
523.688,0,147.963
700.835,0,149.606
538.761,0,139.027
537.762,0,184.744
527.624,0,215.367
614.862,0,122.629
662.549,0,106.666
,,
614.862,0,122.629
658.083,0,187.257
,,
575.577,0,125.406
312
-3123,0,-472.5
502.652,0,130.793
524.576,0,133.683
535.538,0,135.128
510.724,0,154.161
482.597,0,156.03
534.093,0,146.089
534.516,0,185.178
689.002,0,155.356
610.401,0,117.115
660.452,0,118.136
,,
610.401,0,117.115
660.452,0,118.136
,,
574.626,0,134.704
313
-3127,0,-470.5
498.284,0,133.36
520.208,0,136.25
526.411,0,131.492
511.115,0,162.932
478.229,0,158.597
529.725,0,148.657
530.148,0,187.745
530.572,0,226.834
606.033,0,119.682
656.083,0,120.703
,,
606.033,0,119.682
656.083,0,120.703
,,
570.258,0,137.271
314
-3129,0,-470.5
488.535,0,122.831
519.976,0,138.127
524.734,0,144.331
526.603,0,172.458
656.873,0,72.5305
524.734,0,144.331
526.603,0,172.458
656.873,0,72.5305
601.043,0,115.356
644.89,0,121.136
,,
605.801,0,121.56
644.89,0,121.136
,,
565.268,0,132.945
315
-3131,0,-469.5
476.882,0,132.8
516.259,0,132.155
528.81,0,122.527
524.466,0,194.833
483.365,0,167.241
519.5,0,149.375
524.466,0,194.833
526.191,0,223.071
596.53,0,119.847
639.149,0,136.423
,,
596.53,0,119.847
639.149,0,136.423
643.7,0,103.371
560.394,0,137.713
316
-3133,0,-468.5
475.545,0,136.906
508.813,0,141.291
521.364,0,131.664
510.703,0,169.745
482.249,0,171.636
518.44,0,153.842
523.683,0,199.661
525.573,0,228.115
595.636,0,124.531
632.256,0,146.281
,,
595.636,0,124.531
632.256,0,146.281
,,
559.445,0,142.324
317
-3136,0,-468.5
472.124,0,142.281
505.225,0,146.45
516.259,0,147.839
521.225,0,193.297
,,
509.984,0,152.653
514.95,0,198.111
521.432,0,232.552
591.772,0,129.329
628.115,0,150.718
634.598,0,185.159
587.014,0,123.125
628.115,0,150.718
,,
555.636,0,147.194
318
-3139,0,-467.5
460.441,0,135.687
501.81,0,143.51
510.213,0,130.324
619.324,0,162.775
652.938,0,110.03
506.593,0,165.1
516.158,0,208.279
592.951,0,145.968
583.967,0,130.972
,,
652.938,0,110.03
583.967,0,130.972
,,
652.938,0,110.03
547.381,0,144.739
319
-3142,0,-466
473.898,0,143.643
493.511,0,153.857
508.017,0,173.877
517.416,0,203.704
521.708,0,243.338
498.617,0,144.051
517.416,0,203.704
521.708,0,243.338
587.691,0,140.573
614.353,0,173.157
642.237,0,131.581
580.234,0,142.923
614.353,0,173.157
646.53,0,171.214
550.407,0,152.322
320
-3143,0,-466.5
480.891,0,174.049
498.272,0,170.693
503.091,0,176.975
598.171,0,183.861
660.985,0,135.677
504.554,0,165.875
509.801,0,211.737
511.693,0,240.219
581.823,0,136.536
598.6,0,223.442
648.423,0,145.314
575.542,0,141.354
598.6,0,223.442
649.886,0,134.214
545.598,0,154.346
321
-3146,0,-465.5
477.105,0,157.078
498.06,0,171.252
509.277,0,172.73
581.446,0,187.949
510.144,0,252.725
498.06,0,171.252
504.841,0,206.38
510.144,0,252.725
581.013,0,147.951
588.227,0,223.077
648.313,0,156.822
569.796,0,146.473
588.227,0,223.077
648.313,0,156.822
544.405,0,165.949
322
-3148,0,-465.5
,,
498.35,0,181.96
486.905,0,168.514
491.088,0,216.52
504.763,0,270.29
496.397,0,174.279
500.58,0,222.284
504.763,0,270.29
572.051,0,187.752
570.65,0,245.356
623.139,0,199.294
564.237,0,157.026
570.374,0,212.713
634.308,0,180.097
528.502,0,174.292
323
-3151,0,-464.5
457.891,0,181.178
489.639,0,176.399
488.847,0,184.285
491.837,0,232.38
495.618,0,272.588
489.639,0,176.399
493.42,0,216.607
,,
552.341,0,174.727
560.695,0,247.257
611.878,0,204.6
561.663,0,159.731
563.861,0,215.712
620.408,0,197.49
521.386,0,171.62
324
-3152,0,-463.5
453.048,0,176.047
492.291,0,181.57
491.187,0,189.419
493.512,0,229.766
495.837,0,270.114
492.291,0,181.57
494.616,0,221.918
453.164,0,232.092
548.336,0,181.454
546.242,0,253.196
607.81,0,213.837
558.394,0,166.862
557.405,0,230.755
615.659,0,214.942
524.79,0,178.14
325
-3155,0,-464
432.781,0,178.488
472.609,0,185.346
477.154,0,195.592
483.394,0,223.48
452.655,0,237.115
485.706,0,173.405
490.789,0,226.33
449.805,0,244.51
540.326,0,185.963
539.708,0,253.68
601.185,0,226.41
553.422,0,174.023
545.409,0,238.889
611.431,0,221.865
515.288,0,184.807
326
-3158,0,-462.5
,,
539.9,0,203.764
542.684,0,211.112
541.912,0,253.417
600.69,0,231.141
542.684,0,211.112
,,
600.69,0,231.141
563.72,0,177.932
534.565,0,256.201
600.69,0,231.141
566.504,0,185.279
541.912,0,253.417
600.69,0,231.141
,,
327
-3162,0,-461.5
436.245,0,166.103
462.546,0,190.356
514.126,0,213.585
523.655,0,261.305
589.172,0,253.586
467.192,0,180.04
472.862,0,195.002
,,
556.175,0,189.094
,,
589.172,0,253.586
559.011,0,196.575
,,
589.172,0,253.586
514.126,0,213.585
328
-3164,0,-461.5
429.857,0,175.78
463.639,0,197.199
475.766,0,184.048
514.432,0,263.501
,,
471.12,0,194.363
482.46,0,224.287
,,
552.623,0,206.252
517.267,0,270.982
575.303,0,266.098
549.788,0,198.771
,,
575.303,0,266.098
517.029,0,202.631
329
-3166,0,-462
436.784,0,169.275
443.612,0,209.463
564.123,0,283.566
518.881,0,275.046
571.47,0,280.781
459.465,0,229.121
,,
,,
553.301,0,210.67
505.864,0,262.868
,,
493.485,0,318.891
,,
,,
530.221,0,304.969
330
-3168,0,-459.5
410.701,0,191.137
448.977,0,201.839
459.242,0,206.351
471.252,0,260.616
479.606,0,282.658
459.242,0,206.351
504.833,0,281.5
,,
540.492,0,217.571
,,
571.12,0,298.391
540.492,0,217.571
497.352,0,284.335
563.64,0,301.226
505,0,214.217
331
-3171,0,-458.5
417.794,0,197.747
448.59,0,211.284
456.071,0,208.449
472.777,0,252.532
461.473,0,290.426
456.071,0,208.449
472.777,0,252.532
464.257,0,297.773
,,
,,
,,
532.624,0,229.852
,,
,,
,,
332
-3175,0,-458.5
407.922,0,196.708
448.448,0,214.959
455.795,0,212.175
484.412,0,243.342
,,
455.795,0,212.175
,,
,,
,,
,,
,,
,,
,,
,,
474.28,0,238.779
333
-3177,0,-458.5
402.742,0,214.1
440.636,0,225.404
447.984,0,222.62
,,
,,
447.984,0,222.62
,,
,,
,,
,,
,,
,,
462.678,0,217.051
,,
481.366,0,244.19
334
-3178,0,-457.5
409.618,0,213.437
436.7,0,231.214
446.708,0,226.385
463.432,0,273.834
455.312,0,320.933
446.708,0,226.385
468.26,0,283.842
,,
425.64,0,310.574
,,
,,
486.388,0,231.916
,,
,,
473.791,0,244.162
335
-3179,0,-457
394.677,0,224.442
429.202,0,231.636
440.337,0,230.315
455.953,0,273.622
443.172,0,314.653
435.33,0,236.554
450.946,0,279.861
444.292,0,325.81
500.494,0,268.338
461.555,0,329.407
484.418,0,388.789
495.486,0,274.577
472.69,0,328.086
490.546,0,393.707
470.976,0,254.905
336
-3181,0,-455
386.211,0,231.85
425.194,0,237.303
436.367,0,237.265
452.025,0,287.475
440.117,0,321.025
436.122,0,248.436
446.561,0,281.909
439.872,0,332.195
496.962,0,276.153
456.509,0,337.724
477.631,0,393.5
491.253,0,281.758
456.509,0,337.724
477.631,0,393.5
469.397,0,259.492
337
-3183,0,-454.5
384.526,0,233.35
422.81,0,250.753
439.584,0,245.555
449.377,0,290.076
437.019,0,334.143
433.886,0,250.979
443.679,0,295.499
437.019,0,334.143
482.605,0,290.755
458.85,0,345.67
468.001,0,412.337
482.605,0,290.755
453.151,0,351.093
468.001,0,412.337
461.095,0,268.155
338
-3184,0,-454
385.46,0,244.146
419.697,0,263.552
434.124,0,257.254
442.657,0,296.47
436.763,0,341.986
430.06,0,267.616
449.87,0,293.321
468.766,0,336.602
484.108,0,312.727
453.424,0,360.477
439.912,0,349.199
484.108,0,312.727
453.424,0,360.477
475.064,0,351.029
464.297,0,287.023
339
-3185,0,-453
375.71,0,254.157
417.84,0,270.681
425.172,0,267.48
448.508,0,300.938
435.186,0,350.4
421.041,0,278.013
437.046,0,314.671
435.186,0,350.4
483.307,0,320.662
444.788,0,372.395
,,
483.307,0,320.662
447.989,0,379.727
433.736,0,447.054
455.84,0,297.737
340
-3188,0,-452
377.375,0,261.624
412.173,0,281.348
422.706,0,285.479
431.379,0,325.339
429.519,0,361.067
422.706,0,285.479
438.71,0,322.138
429.519,0,361.067
477.64,0,331.33
439.121,0,383.063
,,
477.64,0,331.33
442.322,0,390.394
432.2,0,447.188
450.173,0,308.404
341
-3191,0,-452
373.21,0,276.272
406.654,0,288.618
417.861,0,288.995
434.231,0,317.592
427.836,0,367.856
417.861,0,288.995
434.056,0,328.803
433.352,0,373.651
467.5,0,341.149
433,0,396.074
,,
467.5,0,341.149
438.515,0,401.869
,,
445.438,0,317.97
342
-3192,0,-451
367.34,0,283.881
406.015,0,301.307
417.227,0,301.483
438.894,0,324.248
419.998,0,385.622
417.227,0,301.483
426.927,0,346.486
419.998,0,385.622
454.767,0,352.529
425.037,0,402.52
,,
460.184,0,358.221
430.454,0,408.211
,,
433.1,0,329.764
343
-3194,0,-451
365.743,0,289.321
396.125,0,318.924
410.789,0,312.522
423.363,0,341.325
,,
413.932,0,319.723
429.651,0,355.727
420.23,0,394.133
453.745,0,370.928
419.186,0,411.735
,,
453.745,0,370.928
419.186,0,411.735
,,
433.839,0,345.325
344
-3197,0,-450
361.59,0,297.792
394.366,0,320.832
410.891,0,326.798
443.393,0,360.946
,,
410.891,0,326.798
426.593,0,366.088
420.628,0,382.614
453.952,0,383.437
,,
,,
448.261,0,388.854
,,
,,
426.868,0,354.98
345
-3197,0,-450
,,
,,
,,
,,
,,
,,
,,
,,
,,
,,
,,
,,
,,
,,
,,
346
-3200,0,-449
,,
,,
,,
,,
,,
,,
,,
,,
,,
,,
,,
,,
,,
,,
,,
347
-3200,0,-448
,,
,,
,,
,,
,,
,,
,,
,,
,,
,,
,,
,,
,,
,,
,,
348
-3202,0,-448
,,
,,
,,
,,
,,
,,
,,
,,
,,
,,
,,
,,
,,
,,
,,
349
-3204,0,-447
,,
,,
,,
,,
,,
,,
,,
,,
,,
,,
,,
,,
,,
,,
,,
350
-3205,0,-447
,,
,,
,,
,,
,,
,,
,,
,,
,,
,,
,,
,,
,,
,,
,,
351
-3208,0,-446
,,
,,
,,
,,
,,
,,
,,
,,
,,
,,
,,
,,
,,
,,
,,
352
-3209,0,-446
,,
,,
,,
,,
,,
,,
,,
,,
,,
,,
,,
,,
,,
,,
,,
353
-3209,0,-445
,,
,,
,,
,,
,,
,,
,,
,,
,,
,,
,,
,,
,,
,,
,,
354
-3213,0,-444
,,
,,
,,
,,
,,
,,
,,
,,
,,
,,
,,
,,
,,
,,
,,
355
-3214,0,-444
,,
,,
,,
,,
,,
,,
,,
,,
,,
,,
,,
,,
,,
,,
,,
356
-3214,0,-443
,,
,,
,,
,,
,,
,,
,,
,,
,,
,,
,,
,,
,,
,,
,,
357
-3216,0,-443
,,
,,
,,
,,
,,
,,
,,
,,
,,
,,
,,
,,
,,
,,
,,
358
-3217,0,-442
,,
,,
,,
,,
,,
,,
,,
,,
,,
,,
,,
,,
,,
,,
,,
359
-3219,0,-441
,,
,,
,,
,,
,,
,,
,,
,,
,,
,,
,,
,,
,,
,,
,,
360
-3221,0,-441
,,
,,
,,
,,
,,
,,
,,
,,
,,
,,
,,
,,
,,
,,
,,
361
-3223,0,-440
,,
,,
,,
,,
,,
,,
,,
,,
,,
,,
,,
,,
,,
,,
,,
362
-3224,0,-440
,,
,,
,,
,,
,,
,,
,,
,,
,,
,,
,,
,,
,,
,,
,,
363
-3226,0,-439
,,
,,
,,
,,
,,
,,
,,
,,
,,
,,
,,
,,
,,
,,
,,
364
-3228,0,-439
,,
,,
,,
,,
,,
,,
,,
,,
,,
,,
,,
,,
,,
,,
,,
365
-3227,0,-438.5
,,
,,
,,
,,
,,
,,
,,
,,
,,
,,
,,
,,
,,
,,
,,
366
-3229,0,-437
,,
,,
,,
,,
,,
,,
,,
,,
,,
,,
,,
,,
,,
,,
,,
367
-3229,0,-436
,,
,,
,,
,,
,,
,,
,,
,,
,,
,,
,,
,,
,,
,,
,,
368
-3231,0,-436
,,
,,
,,
,,
,,
,,
,,
,,
,,
,,
,,
,,
,,
,,
,,
369
-3233,0,-435
,,
,,
,,
,,
,,
,,
,,
,,
,,
,,
,,
,,
,,
,,
,,
370
-3233,0,-435
,,
,,
,,
,,
,,
,,
,,
,,
,,
,,
,,
,,
,,
,,
,,
371
-3236,0,-435
,,
,,
,,
,,
,,
,,
,,
,,
,,
,,
,,
,,
,,
,,
,,
372
-3237,0,-434
,,
,,
,,
,,
,,
,,
,,
,,
,,
,,
,,
,,
,,
,,
,,
373
-3237,0,-433
,,
,,
,,
,,
,,
,,
,,
,,
,,
,,
,,
,,
,,
,,
,,
374
-3238,0,-433.5
,,
,,
,,
,,
,,
,,
,,
,,
,,
,,
,,
,,
,,
,,
,,
