data/BP_videos/16.MOV
0
-712,0,-441.5
664,0,307.545
688,0,347.091
688,0,355
672,0,394.545
640,0,402.455
696,0,355
672,0,394.545
640,0,410.364
720,0,426.182
736,0,481.545
768,0,536.909
720,0,426.182
680,0,481.545
688,0,544.818
704,0,386.636
1
-713,0,-440
668.44,0,307.628
686.78,0,342.824
690.512,0,353.432
670.022,0,396.839
638.339,0,408.423
697.658,0,356.805
670.022,0,396.839
638.339,0,408.423
720.046,0,420.452
742.435,0,484.099
771.653,0,533.277
716.631,0,427.687
675.019,0,478.816
686.847,0,546.324
708.852,0,388.629
2
-717,0,-439
668.341,0,310.582
688.301,0,345.246
681.999,0,359.952
684.101,0,395.668
642.084,0,412.476
699.857,0,358.901
673.597,0,399.87
634.73,0,409.325
725.07,0,421.928
742.929,0,481.803
778.647,0,540.627
721.918,0,429.281
682.003,0,481.805
689.358,0,545.882
709.312,0,397.768
3
-722,0,-439
667.355,0,310.735
685.675,0,345.66
689.405,0,356.162
679.547,0,395.004
644.576,0,413.09
699.93,0,352.495
669.023,0,398.671
637.448,0,409.672
726.044,0,426.013
744.698,0,478.525
781.003,0,530.788
718.917,0,422.595
681.215,0,482.941
696.471,0,542.538
707.725,0,391.088
4
-724,0,-439
663.781,0,315.6
681.933,0,350.613
685.614,0,361.133
675.57,0,399.927
643.943,0,410.777
696.156,0,357.516
675.57,0,399.927
636.832,0,407.325
725.349,0,424.089
740.32,0,483.759
779.806,0,529.126
725.349,0,424.089
680.248,0,480.802
695.218,0,540.471
707.197,0,389.077
5
-728,0,-438.5
660.735,0,315.044
687.354,0,348.219
690.351,0,358.954
677.835,0,397.022
641.699,0,412.651
701.103,0,356.022
677.835,0,397.022
634.824,0,408.75
725.959,0,424.333
747.818,0,481.909
784.308,0,529.72
722.081,0,431.166
684.182,0,481.932
695.288,0,542.44
706.216,0,395.06
6
-729,0,-440
666.187,0,312.425
682.217,0,348.459
685.262,0,359.18
672.921,0,397.305
636.855,0,413.099
696.002,0,356.199
672.921,0,397.305
636.855,0,413.099
721.168,0,424.397
743.289,0,481.873
783.843,0,522.666
721.168,0,424.397
679.654,0,482.185
701.775,0,539.662
708.184,0,399.084
7
-733,0,-439
662.479,0,308.586
687.567,0,347.165
680.641,0,361.271
670.421,0,400.019
638.745,0,410.725
701.758,0,354.133
670.421,0,400.019
638.745,0,410.725
720.09,0,424.407
745.347,0,480.576
784.627,0,526.123
720.09,0,424.407
681.826,0,484.398
707.084,0,540.567
709.192,0,392.797
8
-737,0,-440
661.846,0,315.198
679.659,0,350.384
676.16,0,357.419
672.818,0,399.634
648.165,0,413.698
693.814,0,357.425
672.818,0,399.634
630.511,0,413.692
722.361,0,424.278
743.831,0,487.61
786.375,0,526.323
722.361,0,424.278
683.79,0,484.071
708.759,0,540.369
704.549,0,389.091
9
-742,0,-439
658.484,0,315.531
685.214,0,348.331
688.273,0,359.013
676.085,0,397.178
640.227,0,413.226
698.955,0,355.954
676.085,0,397.178
633.356,0,409.414
724.18,0,423.86
735.663,0,484.142
786.817,0,521.506
713.498,0,426.919
683.004,0,481.884
712.041,0,542.919
704.321,0,394.872
10
-744,0,-438
657.595,0,310.443
680.608,0,350.143
676.802,0,357.072
671.543,0,399.278
639.466,0,408.713
694.381,0,357.71
671.543,0,399.278
628.773,0,411.858
719.748,0,425.761
731.342,0,486.246
775.74,0,519.657
719.748,0,425.761
685.492,0,488.114
707.779,0,545.454
703.621,0,389.844
11
-751,0,-439
658.403,0,311.694
682.012,0,351.196
678.284,0,358.112
666.604,0,396.445
641.503,0,409.694
695.929,0,358.696
673.562,0,400.195
630.817,0,412.86
715.313,0,422.698
724.011,0,489.865
779.678,0,519.868
711.585,0,429.614
688.721,0,488.697
715.561,0,538.865
705.621,0,390.697
12
-753,0,-440
656.496,0,312.213
674.713,0,347.288
678.411,0,357.838
668.405,0,396.883
633.33,0,415.1
688.961,0,354.14
668.405,0,396.883
633.33,0,415.1
714.846,0,427.988
719.36,0,491.558
765.8,0,522.664
714.846,0,427.988
684.013,0,492.102
720.176,0,544.579
696.628,0,392.913
13
-758,0,-440.5
660.224,0,313.004
677.616,0,348.326
670.501,0,362.444
670.303,0,397.752
638.581,0,408.32
691.649,0,355.398
670.303,0,397.752
628.007,0,411.843
708.844,0,426.028
708.448,0,496.645
761.12,0,514.339
715.86,0,429.565
683.841,0,493.095
718.725,0,546.084
698.468,0,394.243
14
-760,0,-438
656.942,0,310.225
675.753,0,344.812
669.216,0,359.207
670.45,0,394.494
635.915,0,413.537
690.061,0,351.309
667.182,0,401.691
628.761,0,410.288
706.838,0,428.381
702.153,0,495.706
752.231,0,518.447
713.992,0,431.63
684.576,0,496.406
721.581,0,547.937
695.181,0,397.042
15
-770,0,-440
657.601,0,313.185
676.806,0,347.729
670.361,0,362.165
671.908,0,397.483
640.587,0,409.47
691.242,0,354.174
668.686,0,404.701
630.146,0,413.466
701.554,0,428.031
697.43,0,495.443
747.957,0,518
719.213,0,427.257
686.989,0,499.439
727.849,0,543.65
700.007,0,392.714
16
-772,0,-439.5
652.28,0,313.041
678.024,0,351.027
674.714,0,358.205
665.297,0,397.387
630.651,0,416.229
692.294,0,357.608
672.432,0,400.677
630.651,0,416.229
701.487,0,431.485
682.14,0,492.202
732.085,0,515.234
719.067,0,430.888
689.275,0,495.492
729.289,0,540.059
693.323,0,392.901
17
-777,0,-437
656.206,0,317.773
677.623,0,345.898
670.656,0,360.09
670.914,0,395.44
635.693,0,413.373
691.814,0,352.864
667.431,0,402.536
635.693,0,413.373
706.523,0,430.532
675.173,0,494.395
735.423,0,515.166
717.102,0,426.919
699.944,0,497.749
732.069,0,539.936
695.685,0,398.794
18
-784,0,-439
654.554,0,316.675
675.611,0,344.806
675.594,0,362.375
665.017,0,401.017
640.407,0,415.049
689.66,0,351.847
665.017,0,401.017
633.382,0,411.529
703.642,0,429.164
671.959,0,492.383
721.112,0,534.595
721.211,0,429.18
703.576,0,499.44
738.682,0,534.611
696.651,0,390.505
19
-788,0,-439.5
657.524,0,315.056
674.689,0,350.394
681.675,0,353.988
667.097,0,399.504
635.353,0,409.681
688.662,0,357.583
667.097,0,399.504
635.353,0,409.681
705.423,0,428.056
666.088,0,487.343
711.2,0,537.058
722.991,0,428.258
704.616,0,498.328
742.741,0,544.448
695.246,0,396.313
20
-793,0,-437.5
655.821,0,316.45
673.464,0,351.818
680.531,0,355.359
666.347,0,401.303
634.521,0,411.878
687.597,0,358.901
666.347,0,401.303
634.521,0,411.878
705.207,0,429.62
655.672,0,475.53
701.582,0,525.065
722.882,0,429.637
705.14,0,500.322
747.525,0,539.248
698.173,0,390.727
21
-802,0,-437
654.246,0,309.577
678.397,0,348.509
681.79,0,359.09
670.805,0,397.618
639.062,0,407.796
685.384,0,352.103
667.211,0,404.605
628.481,0,411.189
698.551,0,429.563
652.431,0,467.688
686.961,0,520.796
716.119,0,429.765
715.312,0,500.037
757.031,0,539.171
698.955,0,394.428
22
-808,0,-439.5
659.009,0,310.75
678.223,0,345.016
682.232,0,355.379
666.347,0,391.31
635.258,0,403.338
682.232,0,355.379
663.171,0,398.497
624.895,0,407.348
703.111,0,424.744
652.128,0,462.34
676.183,0,524.519
720.66,0,423.912
713.627,0,498.119
757.576,0,534.73
694.26,0,386.469
23
-811,0,-438.5
654.129,0,309.477
680.011,0,347.527
687.178,0,350.864
667.281,0,393.602
643,0,408.299
680.011,0,347.527
663.964,0,400.725
625.351,0,408.749
696.479,0,424.529
647.917,0,453.923
667.701,0,523.801
721.294,0,427.415
723.43,0,497.745
766.961,0,535.345
695.411,0,389.365
24
-818,0,-438.5
656.361,0,303.642
674.716,0,338.473
685.575,0,352.312
665.399,0,395.235
633.979,0,406.669
678.464,0,348.969
658.289,0,391.892
626.868,0,403.327
694.228,0,426.255
645.609,0,455.808
653.876,0,512.101
715.175,0,418.632
723.828,0,492.574
770.626,0,540.775
693.457,0,390.954
25
-825,0,-438
656.443,0,303.433
673.678,0,344.994
677.987,0,355.384
665.926,0,385.024
631.894,0,405.724
681.002,0,347.974
655.587,0,389.454
624.57,0,402.744
693.5,0,422.155
638.79,0,451.715
646.979,0,515.505
718.487,0,423.685
730.985,0,497.866
773.207,0,540.957
690.913,0,386.554
26
-831,0,-439.5
656.007,0,303.058
675.868,0,337.277
680.068,0,347.679
709.123,0,359.728
633.76,0,397.76
672.804,0,344.667
654.417,0,389.005
623.432,0,402.138
691.871,0,421.858
640.229,0,443.746
637.505,0,511.901
716.727,0,423.505
731.594,0,490.295
777.447,0,543.952
689.601,0,386.275
27
-836,0,-438.5
649.976,0,302.55
670.665,0,336.784
685.502,0,342.773
715.175,0,354.753
636.294,0,400.554
675.089,0,347.197
649.702,0,388.712
618.463,0,401.983
695.64,0,424.512
636.157,0,443.635
634.453,0,511.966
713.472,0,423.083
740.013,0,485.562
779.962,0,536.199
692.783,0,388.849
28
-843,0,-438.5
651.365,0,294.037
674.705,0,339.636
682,0,342.92
714.464,0,348.76
684.182,0,396.541
674.705,0,339.636
655.002,0,383.406
619.982,0,402.734
699.499,0,420.982
639.31,0,437.754
631.641,0,513.26
706.794,0,424.266
741.44,0,483.728
779.369,0,535.894
690.749,0,381.951
29
-850,0,-438.5
649.27,0,296.484
669.593,0,330.254
684.188,0,336.131
713.377,0,347.885
628.403,0,390.423
666.638,0,337.592
648.907,0,381.623
618.15,0,394.823
694.078,0,416.87
635.518,0,435.931
630.814,0,510.792
704.33,0,412.47
737.68,0,477.07
776.94,0,526.994
684.006,0,378.7
30
-856,0,-438.5
648.451,0,294.877
668.364,0,329.055
682.939,0,335.212
712.088,0,347.528
699.772,0,376.678
665.285,0,336.342
646.811,0,380.066
615.712,0,392.691
694.744,0,408.906
629.467,0,441.444
626.698,0,508.98
702.031,0,411.985
737.648,0,469.975
773.265,0,527.964
685.198,0,370.52
31
-864,0,-438.5
652.54,0,285.439
669.037,0,327.039
676.299,0,330.177
712.61,0,345.867
700.059,0,374.916
665.899,0,334.302
647.072,0,377.875
615.872,0,390.247
691.631,0,414.364
629.231,0,439.11
630.038,0,517.021
702.031,0,410.24
734.039,0,475.779
775.46,0,519.531
682.396,0,375.902
32
-870,0,-438.5
645.371,0,283.418
664.817,0,323.725
679.755,0,328.94
714.492,0,349.447
696.593,0,376.715
662.209,0,331.194
646.564,0,376.008
616.334,0,390.592
693.632,0,409.199
630.564,0,445.836
629.503,0,520.88
701.101,0,411.807
727.661,0,479.735
779.591,0,523.003
681.655,0,371.5
33
-878,0,-438.5
649.423,0,282.113
666.729,0,323.384
674.051,0,326.379
707.665,0,348.68
695.682,0,377.968
663.733,0,330.706
645.759,0,374.638
611.81,0,394.939
691.022,0,410.251
630.446,0,453.849
635.769,0,524.408
701.339,0,405.925
724.301,0,475.153
773.89,0,521.084
681.038,0,371.976
34
-884,0,-439
644.16,0,280.577
662.815,0,321.255
677.649,0,326.76
711.98,0,347.941
693.552,0,374.855
660.062,0,328.671
643.546,0,373.172
610.284,0,394.58
689.957,0,407.275
638.268,0,455.597
635.743,0,530.606
697.374,0,410.027
722.605,0,478.461
773.68,0,522.734
686.135,0,372.102
35
-893,0,-437.5
644.041,0,280.945
662.148,0,321.87
676.906,0,327.575
713.801,0,341.836
695.013,0,368.5
659.295,0,329.249
642.182,0,373.523
608.635,0,394.483
688.13,0,408.247
632.943,0,463.25
647.02,0,536.543
695.509,0,411.1
716.965,0,487.246
770.293,0,524.822
684.781,0,373.027
36
-900,0,-439
644.289,0,286.503
665.864,0,319.826
678.028,0,332.779
707.861,0,343.853
696.85,0,373.519
663.111,0,327.243
636.383,0,376.392
605.75,0,390.337
690.545,0,413.371
643.394,0,471.817
658.664,0,544.992
698.003,0,416.14
713.273,0,489.315
770.187,0,518.877
679.181,0,375.4
37
-907,0,-438
639.17,0,287.263
667.566,0,323.946
682.391,0,329.724
709.152,0,348.692
690.183,0,375.453
664.677,0,331.358
639.93,0,372.944
606.137,0,393.927
690.563,0,418.293
642.326,0,476.339
666.578,0,545.56
700.865,0,413.77
704.514,0,492.038
760.925,0,522.562
682.771,0,372.564
38
-918,0,-439
640.108,0,288.656
666.783,0,326.29
681.27,0,332.651
707.063,0,352.618
687.097,0,378.411
663.602,0,333.534
637.274,0,373.814
602.821,0,393.246
688.861,0,413.747
649.81,0,483.001
674.186,0,545.547
696.104,0,416.928
696.452,0,494.842
754.4,0,520.288
679.853,0,375.231
39
-923,0,-438
641.393,0,282.922
665.79,0,327.443
680.411,0,333.488
703.576,0,360.283
687.146,0,379.316
662.75,0,334.795
637.202,0,375.884
600.071,0,403.576
686.57,0,422.121
651.903,0,485.266
692.153,0,553.559
696.921,0,417.792
688.458,0,500.379
749.985,0,517.208
679.835,0,376.293
40
-932,0,-439
638.217,0,285.418
664.431,0,328.763
669.128,0,338.917
645.332,0,380.743
612.141,0,402.26
661.703,0,336.189
635.177,0,385.44
604.715,0,399.532
689.126,0,422.119
661.841,0,496.376
700.178,0,552.604
699.28,0,417.422
676.692,0,501.833
738.826,0,516.236
680.491,0,376.806
41
-940,0,-439
638.518,0,294.642
666.106,0,331.849
673.45,0,334.91
644.805,0,382.967
610.603,0,402.996
663.063,0,339.152
634.419,0,387.209
600.216,0,407.238
697.467,0,422.052
674.38,0,498.137
710.57,0,556.07
697.467,0,422.052
663.994,0,502.379
736.171,0,515.315
680.265,0,380.602
42
-947,0,-439
638.706,0,296.052
664.786,0,334.416
668.665,0,344.977
648.622,0,388.298
606.379,0,403.816
668.665,0,344.977
630.841,0,388.837
595.818,0,407.696
699.703,0,429.463
669.637,0,494.445
723.519,0,510.609
699.703,0,429.463
659.077,0,498.324
720.179,0,517.829
684.184,0,387.22
43
-956,0,-439
643.632,0,299.023
662.649,0,333.96
673.811,0,347.811
661.199,0,394.53
604.556,0,403.623
666.576,0,344.503
636.185,0,391.842
594.012,0,407.551
697.994,0,428.849
682.693,0,500.581
718.869,0,517.121
697.994,0,428.849
650.444,0,494.585
718.869,0,517.121
682.285,0,386.676
44
-964,0,-439.5
637.245,0,298.974
664.718,0,336.353
668.984,0,346.764
657.886,0,393.866
601.566,0,404.782
668.984,0,346.764
632.798,0,391.986
598.493,0,412.12
703.108,0,430.051
690.13,0,502.24
733.472,0,563.513
695.77,0,426.978
643.028,0,491.142
691.323,0,519.989
678.708,0,385.335
45
-971,0,-437.5
637.197,0,301.084
662.73,0,339.821
666.459,0,350.437
656.413,0,389.744
603.331,0,408.389
666.459,0,350.437
628.008,0,393.759
592.715,0,412.118
699.735,0,428.195
693.703,0,495.908
744.483,0,555.591
699.735,0,428.195
629.435,0,482.704
686.816,0,510.253
681.375,0,392.902
46
-984,0,-436.5
638.798,0,300.21
656.817,0,335.678
667.583,0,349.842
657.16,0,389.051
596.763,0,403.672
667.583,0,349.842
628.718,0,392.792
593.25,0,410.812
700.11,0,427.916
700.568,0,499.08
743.632,0,555.737
696.598,0,435.056
625.663,0,471.095
675.752,0,513.473
682.091,0,392.449
47
-993,0,-436.5
636.586,0,300.134
655.549,0,334.949
666.674,0,348.733
657.445,0,388.231
597.772,0,404.844
659.468,0,345.464
629.252,0,392.914
587.278,0,408.82
690.82,0,429.583
703.84,0,496.65
755.546,0,555.056
690.82,0,429.583
621.285,0,467.934
665.786,0,523.07
675.144,0,387.523
48
-1004,0,-437.5
631.146,0,292.732
655.34,0,337.375
659.564,0,347.771
651.49,0,387.521
602.7,0,401.587
662.639,0,340.432
626.52,0,385.687
592.327,0,405.867
686.057,0,427.883
708.326,0,497.599
761.713,0,554.472
686.057,0,427.883
620.745,0,460.906
653.387,0,526.341
676.46,0,389.356
49
-1013,0,-438.5
632.374,0,292.9
652.927,0,326.886
657.32,0,337.216
646.813,0,384.218
595.048,0,405.912
664.693,0,340.212
621.714,0,382.566
587.675,0,402.917
689.485,0,427.191
712.863,0,496.505
759.928,0,549.808
689.485,0,427.191
617.014,0,457.562
640.393,0,526.877
671.912,0,385.87
50
-1023,0,-438
633.642,0,291.036
653.489,0,325.285
657.676,0,335.668
646.371,0,382.478
594.454,0,403.413
657.676,0,335.668
621.417,0,380.468
584.071,0,407.6
688.073,0,426.021
710.097,0,495.607
759.084,0,542.249
680.788,0,422.923
615.389,0,455.33
627.029,0,529.103
671.325,0,384.487
51
-1033,0,-439
635.803,0,284.678
646.735,0,322.722
651.318,0,332.937
641.82,0,380.146
590.745,0,403.059
658.717,0,335.753
616.807,0,379.096
583.346,0,400.243
685.163,0,422.056
702.445,0,487.928
753.187,0,532.654
677.765,0,419.239
613.658,0,454.134
625.307,0,534.805
666.833,0,381.196
52
-1041,0,-439.5
626.271,0,287.709
648.729,0,320.304
651.193,0,337.834
623.583,0,370.318
588.467,0,400.281
653.714,0,330.33
613.558,0,375.302
580.962,0,397.761
681.045,0,423.019
698.407,0,495.659
753.405,0,530.83
681.045,0,423.019
615.854,0,467.936
615.687,0,543.04
671.132,0,377.934
53
-1054,0,-439
625.419,0,282.007
642.889,0,323.242
647.257,0,333.551
614.757,0,371.639
588.198,0,395.051
657.566,0,329.183
611.787,0,378.977
577.89,0,399.418
671.889,0,420.389
684.816,0,493.947
747.889,0,528.02
679.228,0,423.359
618.772,0,467.212
614.052,0,542.168
664.727,0,374.786
54
-1063,0,-439
620.106,0,279.13
639.386,0,319.682
644.206,0,329.82
613.194,0,369.162
587.525,0,393.6
651.698,0,332.505
610.522,0,376.615
577.362,0,398.367
669.932,0,423.142
675.854,0,500.955
743.278,0,525.125
669.932,0,423.142
618.593,0,472.018
617.024,0,547.145
660.815,0,377.823
55
-1073,0,-440
614.03,0,283.648
641.226,0,326.742
646.145,0,336.865
607.97,0,374.184
574.999,0,396.462
648.747,0,329.344
607.97,0,374.184
564.876,0,401.381
667.852,0,420.166
664.393,0,503.182
734.684,0,519.08
675.372,0,422.768
621.87,0,480.048
621.014,0,555.543
658.299,0,374.755
56
-1083,0,-439
616.794,0,277.436
641.046,0,322.068
645.282,0,332.463
612.265,0,370.418
575.01,0,397.978
645.282,0,332.463
601.892,0,374.71
564.638,0,402.27
668.803,0,419.916
652.732,0,499.451
714.238,0,516.524
668.803,0,419.916
616.209,0,484.191
635.493,0,561.249
651.856,0,378.335
57
-1093,0,-438.5
616.723,0,283.373
635.611,0,323.979
640.334,0,334.13
684.954,0,350.417
669.373,0,370.013
640.334,0,334.13
599.021,0,378.043
565.853,0,399.646
657.808,0,424.784
648.25,0,497.144
710.458,0,511.424
667.959,0,420.062
625.94,0,489
641.407,0,562.067
656.507,0,382.172
58
-1104,0,-438.5
614.893,0,281.919
634.97,0,321.95
647.503,0,334.452
685.07,0,346.924
667.579,0,374.483
639.989,0,331.958
597.495,0,384.583
557.464,0,404.66
660.127,0,422.058
627.671,0,494.699
697.787,0,509.634
667.641,0,424.553
625.177,0,502.212
652.798,0,569.772
650.058,0,377.008
59
-1113,0,-437
610.087,0,286.1
629.585,0,326.547
644.546,0,331.731
686.822,0,354.803
661.439,0,379.697
631.855,0,344.178
593.78,0,381.521
553.436,0,401.232
653.286,0,427.408
612.269,0,497.421
682.198,0,513.229
663.372,0,422.48
634.71,0,505.197
668.833,0,575.978
651.353,0,384.625
60
-1123,0,-437
607.606,0,290.375
627.331,0,331.105
650.002,0,338.982
687.786,0,352.11
667.1,0,387.269
622.08,0,346.219
591.212,0,386.308
550.482,0,406.033
653.972,0,425.053
594.862,0,497.676
673.056,0,516.376
661.529,0,427.679
640.203,0,513.43
677.347,0,577.15
651.987,0,382.018
61
-1132,0,-437
608.151,0,291.377
627.104,0,332.471
649.622,0,340.774
694.658,0,357.381
665.808,0,389.375
621.569,0,347.483
579.677,0,391.722
548.856,0,405.937
649.201,0,434.411
586.762,0,488.126
633.769,0,522.512
659.475,0,429.673
644.042,0,517.774
690.252,0,577.446
640.522,0,388.578
62
-1143,0,-438
603.752,0,292.191
623.964,0,332.165
646.533,0,339.576
691.673,0,354.397
664.275,0,387.073
619.023,0,347.211
579.162,0,392.463
541.659,0,405.152
641.93,0,429.742
577.029,0,475.106
637.327,0,519.907
659.447,0,427.159
647.321,0,514.855
695.155,0,572.232
639.235,0,387.185
63
-1152,0,-438
601.459,0,293.246
621.292,0,333.924
643.984,0,341.74
689.367,0,357.373
661.212,0,389.981
616.081,0,349.051
575.151,0,394.182
537.08,0,406.451
638.015,0,432.759
566.83,0,467.467
621.877,0,528.735
655.748,0,430.406
652.385,0,513.86
699.868,0,572.523
635.915,0,389.728
64
-1163,0,-438
598.569,0,285.798
616.621,0,333.397
647.024,0,343.379
685.028,0,355.858
649.874,0,385.987
604.08,0,345.947
574.057,0,386.095
533.773,0,406.205
635.053,0,431.126
567.026,0,458.795
605.41,0,521.404
652.725,0,428.594
658.425,0,513.809
706.88,0,571.391
632.202,0,388.519
65
-1173,0,-438
594.085,0,289.981
614.903,0,329.909
645.276,0,339.463
680.853,0,359
648.519,0,382.206
602.533,0,342.706
563.033,0,388.692
533.087,0,404.306
634.187,0,427.765
559.109,0,454.215
585.559,0,529.292
641.78,0,430.154
665.841,0,512.824
714.642,0,569.899
630.944,0,385.022
66
-1183,0,-438
594.848,0,282.552
613.069,0,330.046
635.726,0,337.202
676.244,0,366.696
646.395,0,382.31
600.722,0,342.841
561.283,0,388.817
523.882,0,402.047
624.458,0,425.467
549.655,0,451.926
568.236,0,524.576
639.563,0,430.238
665.696,0,505.274
714.126,0,562.309
628.893,0,385.13
67
-1195,0,-439
594.48,0,284.819
607.637,0,329.265
638.329,0,337.115
672.75,0,362.35
643.814,0,379.598
596.02,0,342.726
553.493,0,381.147
516.884,0,396.432
614.661,0,429.656
551.088,0,454.477
556.356,0,529.771
630.007,0,433.581
669.911,0,501.3
719.461,0,563.271
618.822,0,381.423
68
-1213.5,0,-441.5
585.004,0,284.181
600.928,0,327.712
632.053,0,333.618
666.507,0,364.461
675.772,0,358.117
590.179,0,341.877
550.152,0,382.894
514.575,0,400.45
614.247,0,427.463
544.578,0,454.755
537.521,0,534.436
629.809,0,430.416
664.625,0,501.838
717.972,0,560.572
613.885,0,386.885
69
-1220,0,-441.5
584.11,0,279.14
605.096,0,325.588
635.943,0,333.478
668.584,0,366.475
641.504,0,375.981
585.727,0,337.067
550.758,0,377.42
512.021,0,400.378
612.274,0,426.019
546.458,0,458.483
534.446,0,537.573
627.698,0,429.964
658.189,0,503.492
711.994,0,550.118
614.424,0,385.488
70
-1234,0,-443
585.914,0,279.543
599.804,0,323.831
630.757,0,331.291
661.989,0,371.57
629.17,0,371.848
580.597,0,335.577
546.191,0,376.412
509.642,0,392.167
616.115,0,426.017
548.89,0,467.13
530.239,0,544.514
616.115,0,426.017
645.759,0,506.853
717.548,0,548.719
611.828,0,375.856
71
-1241.5,0,-443.5
579.075,0,276.495
594.426,0,320.297
631.799,0,336.13
656.553,0,373.744
623.762,0,375.11
583.415,0,334.282
542.587,0,374.628
506.58,0,391.586
614.117,0,421.887
546.686,0,473.003
530.611,0,550.963
614.117,0,421.887
637.023,0,507.884
703.972,0,537.943
606.562,0,379.692
72
-1259.5,0,-443.5
579.79,0,273.379
593.679,0,317.666
622.768,0,332.865
644.396,0,379.017
615.308,0,363.818
582.211,0,331.278
540.067,0,370.248
495.779,0,384.138
600.387,0,425.726
546.774,0,478.308
535.862,0,557.557
608.126,0,427.591
628.167,0,514.3
695.947,0,538.824
603.839,0,377.43
73
-1266.5,0,-444.5
575.241,0,278.268
592.636,0,321.551
615.075,0,333.234
640.37,0,377.778
494.387,0,378.78
574.314,0,334.829
527.248,0,375.924
493.126,0,386.68
599.943,0,428.034
550.355,0,484.929
545.645,0,565.19
607.843,0,429.295
609.772,0,518.717
687.511,0,539.227
599.609,0,379.373
74
-1279.5,0,-444.5
576.055,0,276.122
592.027,0,319.884
613.988,0,332.212
620.644,0,382.343
600.18,0,362.157
573.394,0,332.622
525.314,0,372.326
483.223,0,380.595
596.022,0,426.516
551.271,0,491.285
559.757,0,574.34
603.842,0,428.005
593.695,0,523.799
673.386,0,530.837
595.689,0,385.733
75
-1290,0,-444.5
573.264,0,278.241
582.747,0,320.235
612.948,0,333.106
606.707,0,372.616
492.887,0,378.932
572.388,0,334.797
517.722,0,374.756
483.776,0,385.592
588.857,0,434.59
554.034,0,501.981
574.249,0,578.068
596.72,0,435.832
582.987,0,522.754
661.612,0,535.175
596.347,0,387.178
76
-1302,0,-443.5
566.998,0,283.007
577.963,0,324.478
608.736,0,336.327
404.37,0,359.035
401.423,0,382.732
568.059,0,339.288
515.514,0,372.859
474.837,0,375.821
588.024,0,438.028
554.383,0,514.057
586.217,0,582.187
596.946,0,431.116
561.339,0,522.943
640.727,0,532.818
593.92,0,390.633
77
-1313,0,-443.5
563.186,0,280.861
578.776,0,332.156
600.999,0,344.006
412.494,0,360.981
416.364,0,385.969
569.599,0,338.726
508.018,0,368.932
466.116,0,378.11
592.929,0,439.997
401.881,0,424.095
401.771,0,472.75
585.079,0,438.677
546.937,0,521.498
625.435,0,534.698
585.189,0,390.021
78
-1323,0,-444
557.6,0,293.171
402.684,0,330.717
379.223,0,335.17
369.55,0,369.578
366.205,0,394.641
421.309,0,343.468
425.784,0,367.047
460.049,0,376.829
391.157,0,398.048
390.796,0,438.83
382.614,0,481.098
585.944,0,442.505
527.495,0,518.741
413.896,0,475.16
584.814,0,393.862
79
-1338,0,-445
405.254,0,300.862
571.193,0,338.176
388.592,0,337.226
385.989,0,365.953
379.567,0,387.65
428.167,0,343.04
507.925,0,372.546
454.291,0,374.369
401.264,0,394.072
399.269,0,440.677
393.456,0,480.252
422.961,0,400.493
519.819,0,511.752
418.363,0,475.825
407.686,0,372.375
80
-1344,0,-444
417.787,0,300.06
419.073,0,335.779
398.09,0,347.178
391.738,0,368.837
389.206,0,397.525
555.185,0,352.879
495.41,0,376.247
448.981,0,374.157
407.014,0,396.955
405.124,0,443.503
399.416,0,483.021
428.641,0,403.415
503.731,0,508.291
431.213,0,474.852
574.923,0,405.887
81
-1361,0,-444.5
543.804,0,297.612
559.608,0,343.379
406.503,0,345.024
403.913,0,373.607
397.524,0,395.196
549.419,0,357.973
492.857,0,370.582
446.485,0,368.598
581.026,0,449.507
413.327,0,440.963
414.537,0,476.54
570.232,0,446.313
490.097,0,498.904
542.084,0,561.25
565.222,0,403.74
82
-1370,0,-444.5
546.869,0,297.302
562.104,0,341.211
576.108,0,352.312
538.624,0,336.239
529.567,0,301.775
550.979,0,355.128
491.247,0,366.889
442.64,0,364.733
573.622,0,441.288
588.439,0,525.79
641.157,0,585.772
573.622,0,441.288
489.992,0,488.671
522.111,0,568.7
566.214,0,399.036
83
-1388,0,-446.5
537.172,0,293.483
552.925,0,339.518
563.41,0,353.99
555.608,0,403.955
522.786,0,303.994
547.707,0,356.61
492.747,0,365.782
460.024,0,363.132
570.043,0,442.1
584.529,0,528.899
642.172,0,584.165
562.192,0,443.41
482.411,0,497.277
495.579,0,576.186
563.459,0,402.645
84
-1394,0,-446
531.519,0,286.889
545.801,0,338.073
559.846,0,348.866
516.202,0,324.265
522.234,0,293.158
542.785,0,353.627
485.332,0,358.624
438.672,0,349.576
558.812,0,437.426
582.616,0,522.733
645.066,0,575.189
557.304,0,445.203
483.026,0,495.352
475.723,0,574.627
550.799,0,395.526
85
-1408,0,-446
529.129,0,289.842
538.035,0,331.561
455.939,0,341.565
515.955,0,319.729
514.857,0,279.351
543.159,0,348.517
476.677,0,361.205
431.176,0,345.347
551.821,0,438.42
577.44,0,523.2
634.53,0,565.162
542.673,0,444.886
477.289,0,497.951
456.065,0,574.68
550.723,0,398.043
86
-1422,0,-445
523.931,0,291.228
534.969,0,332.434
462.3,0,339.717
459.484,0,363.314
455.729,0,394.777
540.957,0,349.104
468.288,0,356.387
429.898,0,343.828
472.399,0,388.789
568.439,0,519.917
462.073,0,475.312
537.558,0,444.432
474.988,0,500.787
449.87,0,577.567
483.081,0,366.13
87
-1426,0,-442
517.879,0,290.265
524.982,0,337.261
535.183,0,351.742
464.69,0,362.397
461.593,0,394.912
527.35,0,352.926
472.522,0,361.213
421.975,0,344.819
540.374,0,439.084
553.397,0,525.243
474.616,0,481.07
532.541,0,440.268
470.335,0,505.752
449.661,0,580.981
490.555,0,374.511
88
-1444,0,-444.5
511.669,0,289.175
513.665,0,337.319
489.104,0,342.247
454.728,0,361.92
425.238,0,342.288
527.432,0,354.996
495.01,0,358.947
475.378,0,388.436
532.402,0,443.422
538.349,0,523.987
608.12,0,540.646
524.54,0,442.445
468.577,0,507.329
449.963,0,592.823
522.544,0,394.301
89
-1447,0,-443.5
500.476,0,296.449
511.923,0,337.543
511.062,0,345.418
500.476,0,296.449
496.904,0,256.215
518.077,0,354.153
453.358,0,363.018
416.566,0,335.091
524.36,0,442.496
522.769,0,529.978
593.641,0,537.723
516.486,0,441.635
468.507,0,516.079
459.902,0,594.826
521.649,0,394.387
90
-1464,0,-445.5
491.209,0,297.257
517.109,0,340.817
523.852,0,349.744
500.105,0,290.473
497.665,0,250.125
514.957,0,356.528
442.426,0,362.598
414.375,0,334.748
518.76,0,445.078
506.924,0,531.485
570.559,0,532.199
510.94,0,444.006
468.901,0,518.274
465.961,0,597.897
517.396,0,396.875
91
-1468,0,-444.5
490.892,0,299.973
508.042,0,343.238
514.604,0,352.394
491.337,0,397.274
491.337,0,397.274
497.677,0,357.779
440.334,0,364.78
414.087,0,328.157
515.049,0,449.694
539.805,0,445.565
559.713,0,521.682
507.219,0,448.437
463.222,0,522.399
474.032,0,605.158
506.997,0,399.787
92
-1486,0,-446.5
478.596,0,298.752
496.835,0,341.241
510.417,0,359.09
513.617,0,335.517
481.509,0,395.178
494.701,0,356.956
430.772,0,356.279
410.4,0,329.506
514.397,0,447.658
473.365,0,514.111
525.846,0,481.223
506.54,0,446.592
464.441,0,520.902
485.204,0,603.746
504.016,0,406.236
93
-1502,0,-448
554.442,0,307.594
555.543,0,340.56
538.219,0,345.021
533.179,0,368.486
526.458,0,399.772
571.186,0,343.92
581.788,0,370.746
411.394,0,325.96
542.101,0,403.133
452.645,0,514.836
533.121,0,483.028
567.246,0,400.352
566.667,0,441.14
566.087,0,481.928
501.313,0,402.553
94
-1510,0,-446.5
472.932,0,294.762
488.675,0,342.38
544.183,0,342.516
536.195,0,366.286
536.117,0,398.005
488.655,0,350.31
583.754,0,374.333
401.505,0,318.376
488.421,0,445.467
432.795,0,492.909
543.852,0,477.323
504.281,0,445.506
472.366,0,524.726
575.571,0,477.401
559.965,0,374.275
95
-1525.5,0,-447
574.188,0,312.731
570.504,0,336.446
552.375,0,349.822
548.691,0,373.537
545.006,0,397.253
592.783,0,348.004
596.934,0,372.937
593.249,0,396.652
560.678,0,399.688
562.372,0,440.431
556.231,0,479.957
584.185,0,403.34
578.044,0,442.866
513.071,0,602.787
572.198,0,377.19
96
-1538,0,-449
581.338,0,312.356
581.809,0,336.141
565.969,0,344.386
558.598,0,376.257
559.069,0,400.042
606.118,0,351.523
406,0,347.552
397.218,0,308.069
575.066,0,399.725
567.852,0,439.525
568.637,0,479.166
495.709,0,433.021
591.847,0,439.05
592.632,0,478.692
582.594,0,375.782
97
-1544,0,-449
594.718,0,310.567
589.78,0,338.985
575.145,0,345.451
570.207,0,373.869
565.27,0,402.288
614.114,0,354.473
616.494,0,379.659
394.082,0,311.741
583.138,0,403.141
577.349,0,449.427
575.644,0,485.164
601.007,0,403.993
602.535,0,447.047
600.83,0,482.784
480.014,0,387.476
98
-1562,0,-447.5
597.5,0,313.712
598.41,0,345.699
582.556,0,346.15
575.54,0,378.363
576.222,0,402.353
622.417,0,353.019
623.099,0,377.01
623.782,0,401
592.075,0,401.902
402.746,0,439.3
586.423,0,482.095
615.855,0,401.226
609.293,0,449.432
610.203,0,481.419
599.32,0,377.686
99
-1562,0,-443.5
610.108,0,311.22
607.78,0,342.854
591.381,0,349.598
589.635,0,373.323
587.307,0,404.957
630.923,0,352.508
637.086,0,376.815
397.162,0,287.597
603.124,0,406.121
402.503,0,431.113
597.304,0,485.205
619.523,0,399.377
623.939,0,447.409
621.611,0,479.043
613.36,0,375.069
100
-1578,0,-445
621.002,0,314.898
620.687,0,338.685
604.723,0,346.404
596.373,0,378.015
596.057,0,401.802
636.44,0,346.825
643.948,0,378.647
643.632,0,402.434
611.915,0,402.013
397.513,0,422.958
602.933,0,481.199
635.703,0,402.329
627.247,0,441.869
634.65,0,481.62
620.16,0,378.331
101
-1584,0,-444.5
630.571,0,313.136
629.551,0,344.839
613.445,0,352.255
604.755,0,375.777
603.99,0,399.555
653.074,0,353.53
660.235,0,377.562
651.544,0,401.084
619.841,0,400.064
397.156,0,416.705
617.038,0,487.247
643.619,0,400.829
498.152,0,483.424
641.07,0,480.086
628.532,0,376.542
102
-1602,0,-447
640.673,0,311.429
639.653,0,343.132
623.407,0,350.544
622.642,0,374.321
613.626,0,405.767
663.386,0,351.829
670.362,0,383.789
669.852,0,399.641
629.618,0,406.281
389.232,0,414.418
627.069,0,485.538
653.606,0,407.052
652.331,0,446.681
659.053,0,486.567
463.234,0,353.327
103
-1607,0,-447.5
652.624,0,309.99
651.605,0,341.693
635.499,0,349.109
626.553,0,380.557
625.789,0,404.334
667.201,0,350.128
674.108,0,382.086
400.021,0,270.131
641.64,0,404.844
640.366,0,444.473
639.091,0,484.101
665.417,0,405.609
664.143,0,445.237
662.868,0,484.866
650.33,0,381.322
104
-1628,0,-449
660.659,0,314.194
659.639,0,345.897
643.393,0,353.308
634.632,0,376.829
633.867,0,400.606
683.372,0,354.594
690.603,0,378.628
406.065,0,266.337
649.604,0,409.046
648.33,0,448.674
647.055,0,488.303
673.847,0,401.891
672.317,0,449.446
679.039,0,489.332
666.616,0,377.857
105
-1634,0,-451
670.781,0,316.502
669.762,0,348.21
653.722,0,355.629
645.065,0,379.156
644.3,0,402.937
434.517,0,293.034
692.419,0,380.679
403.967,0,260.311
660.085,0,403.445
658.81,0,443.079
657.536,0,482.714
683.762,0,404.206
682.488,0,443.841
681.213,0,483.475
668.742,0,379.918
106
-1650,0,-452
679.241,0,312.434
678.217,0,344.28
662.039,0,351.729
653.053,0,383.319
652.285,0,407.203
701.846,0,353.01
708.783,0,385.111
410.09,0,255.961
668.208,0,407.715
666.928,0,447.522
665.647,0,487.329
692.092,0,408.483
690.812,0,448.29
697.493,0,488.353
447.337,0,336.855
107
-1658,0,-451.5
694.509,0,316.629
693.48,0,348.613
677.231,0,356.094
668.464,0,379.825
667.436,0,411.808
709.215,0,357.123
716.439,0,381.367
408.2,0,259.397
683.427,0,412.322
371.589,0,402.294
680.856,0,492.281
707.415,0,413.094
473.735,0,461.608
704.844,0,493.052
692.452,0,380.596
108
-1669,0,-451.5
702.8,0,314.498
701.78,0,346.223
677.731,0,353.39
676.966,0,377.184
668.014,0,408.654
717.388,0,354.665
724.554,0,378.714
723.789,0,402.508
691.808,0,409.419
690.533,0,449.076
681.326,0,488.478
707.671,0,409.93
468.199,0,449.866
713.052,0,489.498
700.76,0,377.949
109
-1683,0,-452.5
710.479,0,318.67
709.458,0,350.396
693.596,0,349.886
684.644,0,381.356
683.879,0,405.15
725.321,0,350.906
732.232,0,382.887
411.127,0,245.527
699.742,0,405.661
698.466,0,445.317
697.191,0,484.974
723.536,0,406.426
460.27,0,445.597
720.985,0,485.74
708.438,0,382.121
110
-1694,0,-452.5
720.6,0,321.615
719.832,0,345.509
703.646,0,352.961
694.657,0,384.564
693.889,0,408.458
735.505,0,353.986
750.41,0,386.357
404.064,0,247.653
709.818,0,408.97
708.537,0,448.793
707.257,0,488.616
733.712,0,409.738
453.669,0,440.597
731.151,0,489.385
718.551,0,385.332
111
-1708,0,-456.5
726.881,0,318.243
725.864,0,349.868
709.797,0,357.266
701.128,0,380.731
700.365,0,404.45
435.617,0,269.304
756.472,0,382.511
404.754,0,244.568
716.178,0,404.959
368.806,0,377.959
713.381,0,491.929
739.897,0,405.722
446.09,0,435.846
483.588,0,500.368
724.847,0,381.494
112
-1716,0,-453
739.996,0,319.879
453.944,0,254.651
722.718,0,359.345
713.951,0,383.075
712.922,0,415.058
437.438,0,270.129
769.922,0,384.875
769.151,0,408.863
729.171,0,407.577
370.129,0,372.018
726.343,0,495.531
753.159,0,408.348
440.034,0,438.299
758.326,0,496.56
444.149,0,310.365
113
-1730,0,-458
746.626,0,315.993
745.598,0,347.977
729.528,0,355.464
720.593,0,387.193
719.821,0,411.181
761.153,0,356.481
391.611,0,280.564
408.71,0,241.093
735.634,0,411.689
734.349,0,451.669
732.806,0,499.644
759.353,0,412.452
758.068,0,452.432
756.782,0,492.411
446.185,0,306.331
114
-1739,0,-456
761.993,0,318.886
760.972,0,350.641
744.725,0,358.066
735.963,0,381.625
734.942,0,413.38
776.708,0,359.094
395.204,0,275.303
412.473,0,236.123
751.189,0,405.955
368.664,0,353.919
748.381,0,493.282
775.176,0,406.727
422.592,0,419.229
772.368,0,494.053
759.951,0,382.396
115
-1747,0,-457.5
764.29,0,320.689
457.705,0,247.019
747.181,0,360.021
738.499,0,383.67
737.474,0,415.543
786.75,0,361.293
393.37,0,276.855
410.479,0,237.524
753.558,0,408.084
367.323,0,347.805
782.394,0,496.751
777.299,0,408.847
412.755,0,413.077
426.02,0,493.267
770.154,0,384.688
116
-1758,0,-457.5
778.673,0,321.054
777.648,0,352.929
761.508,0,360.387
752.798,0,384.038
751.772,0,415.914
793.276,0,361.409
398.49,0,276.919
799.68,0,409.477
767.912,0,408.456
766.375,0,456.269
765.093,0,496.113
791.738,0,409.222
402.331,0,404.676
788.919,0,496.879
776.623,0,384.805
117
-1771,0,-458.5
790.148,0,321.34
789.122,0,353.215
772.929,0,360.672
764.191,0,384.322
763.166,0,416.197
804.804,0,361.697
400.699,0,276.907
417.918,0,237.576
779.103,0,416.71
777.822,0,456.554
776.541,0,496.398
803.01,0,417.479
396.855,0,396.44
800.447,0,497.167
788.097,0,385.091
118
-1779,0,-459.5
802.591,0,324.561
801.563,0,356.545
777.318,0,363.769
776.547,0,387.757
767.779,0,411.487
817.297,0,365.055
824.522,0,389.299
421.361,0,232.26
791.767,0,412.259
790.224,0,460.234
788.938,0,500.213
815.754,0,413.03
392.231,0,391.406
812.926,0,500.984
800.534,0,388.528
119
-1793,0,-458.5
801.711,0,326.4
808.602,0,358.638
784.588,0,365.87
775.897,0,389.603
775.126,0,413.59
824.183,0,367.143
831.33,0,391.385
416.252,0,233.963
790.964,0,414.1
374.086,0,312.648
788.135,0,502.054
814.721,0,414.864
813.435,0,454.843
819.811,0,503.073
807.573,0,390.621
120
-1801,0,-459.5
817.574,0,323.826
816.546,0,355.81
800.297,0,363.291
791.53,0,387.022
790.501,0,419.005
467.556,0,256.541
847.243,0,396.818
420.352,0,231.011
806.493,0,419.52
378.059,0,301.688
803.921,0,499.478
830.48,0,420.291
829.195,0,460.27
835.905,0,500.507
458.532,0,288.268
121
-1810,0,-461
821.996,0,321.654
820.967,0,353.637
804.865,0,361.123
795.913,0,392.852
795.142,0,416.84
844.221,0,370.393
851.373,0,394.636
420.508,0,228.701
810.988,0,417.349
378.837,0,291.394
808.159,0,505.304
834.756,0,418.114
369.114,0,347.11
335.366,0,410.058
458.322,0,285.946
122
-1825,0,-462.5
832.904,0,325.075
476.724,0,233.817
815.678,0,364.423
806.937,0,388.082
805.911,0,419.971
855.538,0,365.704
419.638,0,271.883
421.176,0,224.051
821.855,0,420.483
379.521,0,278.573
819.291,0,500.204
845.771,0,421.253
369.755,0,334.122
851.18,0,501.23
838.825,0,389.108
123
-1832,0,-463
838.195,0,328.137
845.118,0,360.282
821.015,0,367.488
820.246,0,391.405
811.528,0,415.066
860.76,0,368.766
418.445,0,266.755
427.676,0,227.149
835.375,0,415.833
386.393,0,273.705
824.606,0,503.273
859.221,0,416.6
368.958,0,321.028
856.401,0,504.296
844.093,0,392.171
124
-1841,0,-463.5
850.756,0,322.566
849.737,0,354.271
833.63,0,361.687
824.939,0,385.21
823.919,0,416.915
873.26,0,362.961
424.019,0,269.171
433.22,0,229.795
839.771,0,417.425
384.644,0,259.97
836.968,0,504.612
863.55,0,418.189
367.262,0,307.017
868.927,0,497.706
455.469,0,278.117
125
-1849,0,-464.5
862.607,0,329.567
861.581,0,361.46
845.379,0,368.92
836.636,0,392.583
835.867,0,416.503
885.244,0,370.202
892.448,0,394.378
891.679,0,418.298
851.813,0,417.016
850.275,0,464.855
848.993,0,504.72
875.733,0,417.785
874.194,0,465.624
880.885,0,505.746
868.529,0,393.609
126
-1857,0,-465
874.841,0,324.845
873.815,0,356.738
849.639,0,363.942
848.614,0,395.834
839.871,0,419.497
889.505,0,365.224
429.626,0,270.621
430.908,0,230.755
863.791,0,420.267
862.509,0,460.132
860.97,0,507.971
887.71,0,421.036
886.428,0,460.902
884.89,0,508.74
872.533,0,396.604
127
-1868,0,-465
883.563,0,330.061
882.537,0,361.954
858.361,0,369.158
857.592,0,393.077
848.593,0,424.713
898.227,0,370.44
430.632,0,267.607
904.662,0,418.535
872.513,0,425.483
871.231,0,465.348
869.949,0,505.214
896.432,0,426.252
895.15,0,466.117
893.868,0,505.983
881.512,0,393.846
128
-1880,0,-465
889.817,0,326.08
888.791,0,357.973
872.589,0,365.433
863.59,0,397.069
862.821,0,420.989
912.454,0,366.715
428.656,0,271.343
437.911,0,231.733
878.767,0,421.502
877.485,0,461.367
875.946,0,509.206
902.686,0,422.271
901.148,0,470.11
907.839,0,510.232
887.509,0,397.839
129
-1890,0,-465.5
902.642,0,327.438
901.616,0,359.331
877.44,0,366.535
876.67,0,390.456
867.671,0,422.093
917.307,0,367.817
433.493,0,272.442
434.775,0,232.575
891.591,0,422.862
890.309,0,462.729
880.797,0,510.313
915.512,0,423.631
378.448,0,246.727
912.691,0,511.339
900.334,0,399.198
130
-1898,0,-467
910.684,0,327.571
909.656,0,359.555
885.473,0,366.781
884.444,0,398.765
875.698,0,422.496
490.053,0,250.011
433.455,0,272.204
442.716,0,232.481
899.624,0,423.265
898.338,0,463.245
896.795,0,511.22
923.549,0,424.035
922.007,0,472.01
920.721,0,511.989
908.37,0,399.534
131
-1908,0,-467
912.721,0,327.581
919.667,0,359.821
895.484,0,367.048
894.456,0,399.031
885.709,0,422.762
935.104,0,376.326
435.491,0,272.213
444.752,0,232.491
909.635,0,423.532
908.092,0,471.507
898.831,0,511.23
933.561,0,424.301
932.018,0,472.276
930.732,0,512.256
918.382,0,399.8
132
-1918,0,-469
924.652,0,327.852
923.624,0,359.836
907.159,0,375.315
898.412,0,399.046
897.641,0,423.033
947.035,0,376.597
954.239,0,400.841
448.708,0,232.505
913.592,0,423.546
912.049,0,471.522
910.763,0,511.501
937.517,0,424.316
385.163,0,222.458
942.664,0,512.527
930.314,0,400.072
133
-1926,0,-469
934.968,0,336.224
933.94,0,368.208
917.691,0,375.689
908.923,0,399.42
908.152,0,423.407
957.67,0,376.975
964.894,0,401.22
964.123,0,425.207
924.144,0,423.922
922.601,0,471.897
921.315,0,511.876
948.131,0,424.693
946.588,0,472.668
953.299,0,512.905
940.907,0,400.448
134
-1935,0,-469.5
945.034,0,336.495
944.006,0,368.479
927.757,0,375.96
918.99,0,399.691
918.218,0,423.679
967.736,0,377.246
974.961,0,401.491
452.119,0,232.598
934.21,0,424.193
932.667,0,472.168
931.381,0,512.147
958.197,0,424.964
956.655,0,472.939
963.365,0,513.176
942.977,0,400.462
135
-1944,0,-469.5
954.998,0,336.756
953.97,0,368.74
937.721,0,376.221
928.954,0,399.952
920.186,0,423.682
977.7,0,377.507
436.553,0,280.063
445.834,0,240.341
943.917,0,432.45
942.631,0,472.429
941.345,0,512.408
967.904,0,433.221
966.619,0,473.2
965.333,0,513.18
952.941,0,400.723
136
-1953,0,-470.5
955.708,0,336.861
962.636,0,369.1
938.508,0,376.329
929.78,0,400.06
928.751,0,432.044
978.293,0,377.608
439.785,0,280.249
449.028,0,240.525
944.665,0,432.556
951.336,0,472.791
942.094,0,512.514
976.493,0,433.579
975.208,0,473.558
973.922,0,513.538
961.608,0,401.084
137
-1962,0,-470.5
971.104,0,337.28
970.075,0,369.263
953.827,0,376.745
945.059,0,400.475
449.805,0,120.412
993.806,0,378.03
1000.77,0,410.271
1000.26,0,426.263
960.28,0,424.977
958.737,0,472.952
957.194,0,520.927
984.267,0,425.748
982.724,0,473.724
989.435,0,513.96
969.047,0,401.247
138
-1971,0,-470.5
974.673,0,337.35
981.603,0,369.589
957.468,0,376.817
948.738,0,400.549
947.709,0,432.532
997.264,0,378.097
1004.2,0,410.336
459.897,0,240.754
963.628,0,433.044
962.342,0,473.023
960.799,0,520.999
987.505,0,433.812
986.22,0,473.791
992.893,0,514.027
980.575,0,401.573
139
-1980,0,-471.5
984.732,0,337.631
983.704,0,369.615
967.528,0,377.099
958.798,0,400.83
957.769,0,432.814
1007.32,0,378.379
1014.25,0,410.618
454.038,0,240.524
973.688,0,433.326
972.402,0,473.305
970.859,0,521.28
997.565,0,434.094
996.279,0,474.073
1002.7,0,522.304
982.675,0,401.598
140
-1990,0,-471.5
992.696,0,337.885
991.668,0,369.869
975.492,0,377.353
966.762,0,401.084
965.733,0,433.068
1015.29,0,378.633
452.757,0,280.501
462.002,0,240.777
981.651,0,433.58
980.366,0,473.559
978.823,0,521.534
1005.53,0,434.348
1004.24,0,474.327
1010.66,0,522.558
998.598,0,402.108
141
-2001,0,-474
999.643,0,338.142
1006.57,0,370.381
982.439,0,377.609
973.708,0,401.341
972.68,0,433.324
1022.23,0,378.889
459.704,0,280.757
1028.39,0,435.116
988.598,0,433.836
987.312,0,473.816
985.77,0,521.791
1020.43,0,434.86
1019.15,0,474.84
1017.61,0,522.815
1005.54,0,402.365
142
-2006,0,-474
1014.73,0,338.648
1013.7,0,370.632
989.565,0,377.86
980.834,0,401.591
979.805,0,433.575
499.438,0,258.044
458.87,0,280.752
1035.52,0,435.366
995.724,0,434.087
1002.4,0,474.322
992.895,0,522.041
1027.56,0,435.11
1026.02,0,483.086
1024.73,0,523.065
1012.41,0,410.611
143
-2017,0,-475
1021.68,0,338.887
1020.65,0,370.871
996.519,0,378.099
995.748,0,402.086
986.76,0,433.814
1044.27,0,379.634
465.825,0,280.991
466.854,0,249.007
1010.64,0,434.582
1009.35,0,474.561
1007.81,0,522.536
1034.52,0,435.349
1032.97,0,483.325
1031.69,0,523.304
1019.37,0,410.85
144
-2026,0,-474
1029.77,0,339.145
1028.74,0,371.129
1004.6,0,378.357
1003.83,0,402.344
994.845,0,434.072
498.301,0,266.025
1059.29,0,412.132
1050.56,0,435.864
1018.72,0,434.84
1017.44,0,474.819
1015.89,0,522.794
1042.6,0,435.608
1041.06,0,483.583
1039.77,0,523.562
1027.45,0,411.108
145
-2036,0,-475
1037.79,0,339.425
1036.77,0,371.408
1012.63,0,378.636
1011.86,0,402.624
1002.87,0,434.351
1060.39,0,380.172
1067.32,0,412.411
1058.59,0,436.143
1026.75,0,435.119
1025.21,0,483.094
1023.92,0,523.073
1050.63,0,435.887
1049.08,0,483.862
1047.8,0,523.841
1035.48,0,411.387
146
-2043,0,-475
1043.84,0,339.684
1042.81,0,371.667
1026.63,0,379.151
1017.64,0,410.879
1016.87,0,434.866
1066.43,0,380.431
1073.36,0,412.671
1072.59,0,436.658
1032.79,0,435.378
1031.25,0,483.354
1029.96,0,523.333
1056.67,0,436.146
1055.13,0,484.121
1061.8,0,524.357
1049.48,0,411.903
147
-2053,0,-476
1050.88,0,339.941
1049.85,0,371.925
1033.67,0,379.409
1024.69,0,411.136
1023.91,0,435.124
1073.47,0,380.688
1080.4,0,412.928
1079.63,0,436.915
1039.83,0,435.636
1038.29,0,483.611
1037,0,523.59
1063.71,0,436.403
1062.17,0,484.379
1068.84,0,524.614
1056.52,0,412.16
148
-2060,0,-476
1057.97,0,340.204
1064.9,0,372.443
1040.77,0,379.671
1031.78,0,411.399
1031.01,0,435.387
1080.31,0,388.947
1095.46,0,413.447
1086.72,0,437.178
1046.93,0,435.898
1045.39,0,483.874
1044.1,0,523.853
1078.77,0,436.922
1077.22,0,484.897
1075.94,0,524.877
1063.62,0,412.423
149
-2068,0,-477.5
1069.93,0,340.717
1068.9,0,372.701
1052.72,0,380.185
1043.74,0,411.912
1035.01,0,435.644
1092.26,0,389.461
1099.45,0,413.704
1098.42,0,445.688
1058.88,0,436.412
1057.34,0,484.387
1056.06,0,524.366
1082.76,0,437.18
1081.22,0,485.155
1087.89,0,525.39
1067.61,0,412.68
150
-2076,0,-477.5
1075,0,340.956
1073.97,0,372.939
1057.8,0,380.423
1048.81,0,412.151
1048.04,0,436.138
1097.59,0,381.703
473.96,0,201.565
400.001,0,519.352
1063.96,0,436.65
1062.41,0,484.625
1061.13,0,524.605
1095.79,0,437.674
1094.25,0,485.649
1092.96,0,525.628
1080.65,0,413.174
151
-2083,0,-478.5
1084.22,0,341.34
1083.19,0,373.323
1067.01,0,380.807
1058.02,0,412.534
1057.25,0,436.522
1106.56,0,390.083
1113.75,0,414.326
1112.98,0,438.314
1073.17,0,437.034
1071.63,0,485.009
1070.09,0,532.984
1097.06,0,437.802
1095.51,0,485.777
1102.19,0,526.013
1089.87,0,413.558
152
-2091,0,-478.5
1092.3,0,341.589
1091.27,0,373.572
1075.09,0,381.056
1066.1,0,412.784
1065.33,0,436.771
1114.64,0,390.332
1121.83,0,414.576
1121.06,0,438.563
1081,0,445.279
1079.71,0,485.258
1078.17,0,533.234
1104.88,0,446.047
1103.6,0,486.026
1110.27,0,526.262
1097.95,0,413.808
153
-2100,0,-478.5
1099.32,0,341.91
1106.27,0,374.15
1082.08,0,381.376
1073.07,0,413.103
1072.3,0,437.091
1121.97,0,382.659
517.396,0,307.188
458.196,0,161.21
1088,0,445.6
1086.72,0,485.579
1085.17,0,533.554
1119.92,0,446.626
1118.63,0,486.605
1117.09,0,534.581
1104.99,0,414.13
154
-2108,0,-478.5
1104.68,0,342.103
1111.6,0,374.342
1087.5,0,381.571
1078.53,0,413.299
1077.75,0,437.287
1134.93,0,391.101
1142.11,0,415.344
1133.39,0,439.076
1093.39,0,445.794
1092.11,0,485.773
1090.56,0,533.748
1125.18,0,446.816
1123.9,0,486.796
1122.35,0,534.771
1110.32,0,414.322
155
-2117,0,-479.5
1113.53,0,342.633
1112.5,0,374.617
1096.35,0,382.101
1087.37,0,413.829
1086.34,0,445.813
1135.83,0,391.375
459.801,0,137.515
477.239,0,90.0508
1102.24,0,446.324
1100.95,0,486.303
1099.41,0,534.278
1126.08,0,447.091
1132.74,0,487.325
1131.2,0,535.301
1111.22,0,414.596
156
-2124,0,-480.5
1127.47,0,343.074
1126.44,0,375.058
1101.98,0,390.279
1101.21,0,414.267
1092.2,0,445.994
1149.87,0,391.819
1157.07,0,416.063
1156.3,0,440.051
1116.14,0,446.764
1114.86,0,486.743
1113.32,0,534.718
1140.09,0,447.534
1138.8,0,487.513
1145.24,0,535.745
1125.15,0,415.037
157
-2131,0,-481.5
1135.53,0,343.313
1134.5,0,375.297
1110.05,0,390.518
1109.28,0,414.506
1100.27,0,446.233
1157.93,0,392.058
462.858,0,145.59
488.342,0,98.3845
1124.21,0,447.003
1122.92,0,486.982
1121.38,0,534.957
1148.15,0,447.773
1146.87,0,487.752
1153.3,0,535.984
1133.22,0,415.276
158
-2139,0,-483
1140.73,0,343.643
1139.71,0,375.627
1115.34,0,390.851
1106.62,0,414.583
1105.59,0,446.567
1163.3,0,384.389
1162.53,0,408.377
426.523,0,528.783
1129.44,0,447.334
1159.96,0,488.336
1158.41,0,536.311
1153.29,0,448.101
1128.16,0,487.313
1118.66,0,535.033
1138.42,0,415.606
159
-2146,0,-483
1146.8,0,343.89
1145.77,0,375.873
1121.41,0,391.098
1120.63,0,415.085
1111.66,0,446.813
1161.16,0,392.376
468.778,0,145.994
485.963,0,106.526
1135.51,0,447.58
1134.22,0,487.56
1132.68,0,535.535
1159.36,0,448.347
420.565,0,160.452
438.779,0,89.0006
1144.48,0,415.852
160
-2153,0,-483
1151.88,0,344.056
1150.85,0,376.039
1134.43,0,391.52
1125.71,0,415.252
1124.68,0,447.235
1174.45,0,384.802
1181.89,0,401.05
850.239,0,318.347
1140.59,0,447.747
1170.85,0,496.745
1177.51,0,536.98
1172.39,0,448.769
1139.04,0,495.722
1137.76,0,535.701
1149.57,0,416.019
161
-2160,0,-483
1167.03,0,344.546
1158.05,0,376.274
1141.63,0,391.754
1132.91,0,415.486
1131.88,0,447.47
1173.7,0,384.781
1180.88,0,409.025
433.975,0,120.869
1147.79,0,447.981
1146.5,0,487.96
1144.96,0,535.936
1171.64,0,448.748
1178.31,0,488.983
1176.76,0,536.958
1156.77,0,416.253
162
-2167,0,-483
1172.95,0,344.756
1171.92,0,376.739
1155.42,0,392.217
1146.65,0,415.947
1137.63,0,447.673
1195.65,0,385.506
1194.88,0,409.494
456.925,0,209.671
1161.61,0,448.445
1160.33,0,488.424
1158.79,0,536.399
1193.6,0,449.473
1192.05,0,497.449
1190.77,0,537.428
1178.63,0,416.976
163
-2174,0,-484
1179.19,0,345.105
1178.16,0,377.088
1153.74,0,392.311
1152.97,0,416.299
1143.97,0,448.026
1193.58,0,393.593
1193.06,0,409.584
484.252,0,130.657
1167.88,0,448.795
1189.98,0,505.535
677.511,0,569.096
1191.78,0,449.564
1166.59,0,488.774
1165.05,0,536.749
1176.87,0,417.068
164
-2180,0,-483
1192.99,0,353.618
1191.96,0,385.602
1167.8,0,392.829
1159.06,0,416.56
1150.07,0,448.287
254.665,0,515.542
509.612,0,523.741
485.711,0,522.972
1173.97,0,449.056
1172.68,0,489.035
683.603,0,569.357
1189.9,0,449.569
1172.42,0,497.031
1171.14,0,537.011
1182.96,0,417.329
165
-2187,0,-485
1194.44,0,345.625
1193.42,0,377.609
1176.94,0,393.087
1168.18,0,416.818
1159.17,0,448.544
1224.83,0,394.627
1231.79,0,426.867
1223.03,0,450.598
1183.12,0,449.315
1181.58,0,497.29
1180.29,0,537.269
1215.05,0,450.341
1213.51,0,498.317
1212.22,0,538.296
1199.86,0,425.84
166
-2193,0,-483.5
1202.59,0,345.897
1201.56,0,377.88
1177.1,0,393.102
1176.33,0,417.09
1167.32,0,448.816
1225,0,394.642
1239.94,0,427.139
1231.18,0,450.87
1191.27,0,449.587
1189.72,0,497.562
1188.18,0,545.537
1215.22,0,450.357
1221.66,0,498.589
1220.37,0,538.568
1208.26,0,418.116
167
-2200,0,-483.5
1209.64,0,346.21
1216.35,0,386.446
1192.11,0,393.67
1183.34,0,417.401
1174.31,0,449.127
1240.08,0,395.213
1247.05,0,427.454
1238.28,0,451.184
1198.3,0,449.899
1196.76,0,497.874
1195.22,0,545.849
1230.29,0,450.927
1228.74,0,498.902
1227.46,0,538.882
1215.07,0,426.425
168
-2205,0,-483.5
1216.86,0,346.432
1215.83,0,378.415
1191.36,0,393.637
1190.59,0,417.624
1181.58,0,449.351
1247.25,0,395.434
1254.46,0,419.678
1245.45,0,451.405
1205.53,0,450.121
1203.99,0,498.096
1202.45,0,546.072
1229.48,0,450.891
1235.92,0,499.123
1234.63,0,539.103
1222.27,0,426.647
169
-2210,0,-483.5
1225.92,0,346.725
1224.89,0,378.708
1200.39,0,393.929
1199.62,0,417.916
1190.59,0,449.642
1256.36,0,395.729
1255.33,0,427.712
452.377,0,257.816
1214.58,0,450.414
1213.04,0,498.389
1211.49,0,546.364
1238.57,0,451.185
1245.02,0,499.418
1243.74,0,539.397
1223.6,0,418.688
170
-2218,0,-483.5
1234.11,0,346.941
1233.08,0,378.925
1208.62,0,394.146
1199.87,0,417.877
1198.84,0,449.86
1256.52,0,395.686
532.909,0,532.499
416.495,0,176.573
1222.79,0,450.631
1221.24,0,498.606
1211.72,0,546.324
1246.74,0,451.401
1245.19,0,499.376
1251.63,0,547.608
1231.54,0,426.9
171
-2223,0,-483.5
1235.32,0,346.926
1234.29,0,378.909
1217.81,0,394.388
1209.06,0,418.119
1200.05,0,449.845
1257.73,0,395.671
231.269,0,258.608
319.608,0,493.569
1224,0,450.616
1222.45,0,498.591
1220.91,0,546.566
1255.93,0,451.642
1254.39,0,499.618
1252.84,0,547.593
1240.99,0,419.146
172
-2232,0,-484.5
1244.29,0,347.197
1243,0,387.177
1226.75,0,394.658
1217.99,0,418.389
1208.96,0,450.115
1266.73,0,395.944
447.531,0,233.529
464.808,0,194.064
1232.95,0,450.886
1231.41,0,498.862
1229.86,0,546.837
1264.93,0,451.915
1263.39,0,499.89
1261.85,0,547.865
1249.71,0,427.413
173
-2237,0,-484
1252.2,0,355.488
231.296,0,242.616
1234.92,0,394.953
498.527,0,395.284
1217.13,0,450.41
231.296,0,242.616
550.383,0,525.018
456.723,0,201.841
1241.11,0,451.181
1239.57,0,499.157
1238.03,0,547.132
1265.1,0,451.953
1271.55,0,500.185
1270.01,0,548.16
319.789,0,477.582
174
-2242,0,-482.5
352.514,0,462.631
319.502,0,493.586
1235.15,0,394.966
1234.37,0,418.953
1225.35,0,450.68
318.988,0,509.578
444.84,0,329.53
1225.35,0,450.68
1249.34,0,451.451
1247.79,0,499.426
1238.26,0,547.144
404.861,0,328.244
406.661,0,272.273
1270.24,0,548.173
428.077,0,353.003
175
-2249,0,-483
1267.61,0,347.97
457.973,0,385.966
1242.08,0,395.174
497.438,0,403.243
1232.29,0,450.888
450.748,0,361.721
451.52,0,337.734
436.557,0,305.236
1256.27,0,451.659
421.079,0,288.73
748.163,0,571.389
403.545,0,336.191
1254.73,0,499.634
1245.19,0,547.352
1265.04,0,427.929
176
-2254,0,-481.5
360.491,0,458.555
239.56,0,246.559
1248.91,0,391.076
1239.91,0,422.803
1238.88,0,454.786
247.536,0,246.815
443.851,0,349.178
429.185,0,308.686
1254.83,0,455.299
1253.29,0,503.275
1252,0,543.254
403.971,0,347.895
397.795,0,291.668
1252,0,543.254
1263.84,0,423.573
177
-2257,0,-482
370.151,0,459.094
337.27,0,490.054
466.735,0,430.184
499.101,0,415.216
756.994,0,575.589
1249.17,0,391.313
1248.14,0,423.296
1239.15,0,455.024
397.382,0,355.916
415.366,0,292.462
424.871,0,244.742
397.382,0,355.916
391.219,0,299.689
1259.95,0,551.742
1272.03,0,424.065
178
-2267,0,-481.5
368.834,0,462.424
932.011,0,255.867
937.669,0,246.1
497.685,0,420.142
965.96,0,197.263
468.928,0,436.006
435.155,0,370.454
973.659,0,195.231
934.519,0,296.575
374.201,0,295.528
419.932,0,250.363
392.574,0,365.145
374.201,0,295.528
371.693,0,254.821
928.395,0,273.369
179
-2270,0,-482.5
377.462,0,250.492
251.228,0,242.44
947.933,0,248.859
443.109,0,373.823
417.431,0,339.231
469.218,0,441.398
433.65,0,243.937
491.992,0,402.291
404.002,0,351.049
386.059,0,314.415
769.821,0,577.182
388.532,0,355.132
471.259,0,449.133
222.987,0,605.673
423.986,0,395.418
180
-2276,0,-482.5
383.616,0,463.552
946.893,0,248.695
946.893,0,248.695
489.768,0,427.261
485.685,0,411.791
956.662,0,254.39
582.216,0,526.97
483.643,0,404.056
417.735,0,404.903
396.882,0,294.571
402.569,0,284.797
400.238,0,401.247
387.988,0,354.836
222.639,0,605.325
445.003,0,414.254
181
-2280,0,-483.5
97.0223,0,254.126
129.545,0,249.157
693.586,0,376.904
477.14,0,459.031
500.378,0,431.931
708.3,0,370.732
469.783,0,462.117
235.121,0,603.938
357.501,0,483.194
400.53,0,317.66
398.603,0,292.443
394.693,0,406.863
376.125,0,362.601
398.603,0,292.443
422.954,0,412.359
182
-2285,0,-483
517.999,0,447.239
482.742,0,441.657
699.759,0,508.595
442.011,0,402.627
414.249,0,372.891
475.246,0,465.812
929.548,0,653.579
498.546,0,433.298
406.754,0,397.046
735.83,0,554.128
784.056,0,569.003
397.434,0,410.051
199.672,0,425.806
394.993,0,290.198
434.516,0,426.782
183
-2292,0,-482.5
523.638,0,451.087
483.796,0,453.809
482.915,0,465.063
597.158,0,524.421
415.465,0,386.517
482.915,0,465.063
423.199,0,432.362
906.993,0,688.752
412.822,0,420.279
,,
,,
400.684,0,430.702
398.138,0,390.899
,,
439.646,0,439.235
184
-2295,0,-482.5
243.672,0,271.441
210.635,0,264.137
210.635,0,264.137
438.874,0,430.101
410.846,0,400.804
210.635,0,264.137
595.791,0,528.32
906.124,0,689.333
166.586,0,254.398
137.803,0,253.81
,,
403.334,0,433.793
159.074,0,287.388
,,
188.611,0,259.268
185
-2298,0,-482.5
246.417,0,268.458
478.044,0,469.67
213.389,0,261.168
428.013,0,435.537
404.25,0,412.974
250.773,0,604.232
598.382,0,525.094
187.225,0,578.66
403.487,0,441.669
92.9391,0,459.715
351.712,0,389.833
398.473,0,463.653
383.976,0,425.817
,,
434.007,0,459.951
186
-2301,0,-482.5
519.991,0,472.242
377.551,0,420.399
395.281,0,418.338
943.862,0,660.57
915.188,0,692.7
352.325,0,419.731
936.365,0,657.841
915.188,0,692.7
401.355,0,471.63
377.441,0,514.006
368.521,0,561.84
386.361,0,466.172
369.944,0,511.278
363.76,0,551.594
379.576,0,438.163
187
-2304,0,-481.5
,,
384.743,0,471.887
577.9,0,210.915
734.759,0,694.486
594.151,0,522.309
594.318,0,226.471
610.357,0,529.875
594.151,0,522.309
306.419,0,234.096
,,
,,
408.522,0,463.262
,,
,,
346.193,0,225.047
188
-2307,0,-481.5
524.503,0,484.907
484.36,0,492.143
469.475,0,498.012
433.842,0,494.878
423.468,0,490.377
478.497,0,477.273
453.238,0,478.64
441.284,0,491.944
417.605,0,475.506
379.041,0,464.937
344.988,0,443.998
422.116,0,465.136
383.552,0,454.567
364.383,0,427.76
445.795,0,481.574
189
-2307,0,-480.5
669.657,0,286.874
644.786,0,282.285
637.964,0,291.291
449.366,0,502.861
433.52,0,505.07
636.862,0,283.389
449.366,0,502.861
425.596,0,506.175
420.089,0,466.664
705.118,0,483.323
352.296,0,443.891
610.889,0,270.898
705.118,0,483.323
,,
627.837,0,276.591
190
-2308,0,-477.5
301.317,0,604.5
266.931,0,613.946
266.367,0,625.222
222.963,0,588.952
278.769,0,603.279
261.012,0,619.279
250.866,0,596.115
267.495,0,602.669
691.407,0,489.93
399.686,0,558.943
337.118,0,453.792
691.407,0,489.93
377.138,0,557.722
337.118,0,453.792
277.641,0,625.832
191
-2314,0,-477
,,
280.001,0,611.69
563.826,0,259.049
236.013,0,586.713
,,
378.307,0,458.506
241.368,0,592.657
269.291,0,599.803
411.585,0,471.596
338.527,0,462.044
326.669,0,472.728
411.585,0,471.596
404.698,0,607.02
332.024,0,478.671
268.143,0,622.374
192
-2318,0,-477
,,
279.57,0,614.304
251.659,0,428.124
237.181,0,591.784
570.274,0,254.695
276.242,0,603.517
237.181,0,591.784
570.274,0,254.695
397.101,0,478.339
475.222,0,501.807
481.879,0,523.38
389.628,0,492.406
,,
,,
282.898,0,625.091
193
-2320,0,-476
546.586,0,299.503
572.367,0,268.028
-3.41142,0,567.427
246.387,0,591.729
289.198,0,596.405
572.367,0,268.028
246.387,0,591.729
289.198,0,596.405
404.868,0,242.279
,,
,,
404.868,0,242.279
407.665,0,578.036
473.778,0,504.749
593.562,0,279.289
194
-2323,0,-475
152.666,0,245.173
191.804,0,252.982
281.422,0,613.735
260.002,0,589.961
287.88,0,597.148
185.347,0,269.568
168.731,0,263.003
293.786,0,591.827
208.421,0,259.547
412.856,0,581.459
,,
208.421,0,259.547
425.22,0,559.551
,,
203.066,0,253.604
195
-2326,0,-474
160.977,0,256.376
195.437,0,246.864
196.019,0,235.571
572.86,0,283.694
336.058,0,593.968
188.917,0,263.507
171.687,0,268.263
336.058,0,593.968
427.45,0,468.551
376.455,0,579.106
,,
433.387,0,463.201
376.455,0,579.106
405.56,0,563.651
206.729,0,247.458
196
-2328,0,-474
455.865,0,451.603
417.971,0,481.067
419.995,0,509.735
407.956,0,559.418
347.662,0,586.138
636.4,0,240.667
976.314,0,651.769
954.506,0,688.887
321.951,0,253.309
857.156,0,694.016
624.463,0,512.043
759.807,0,699.144
242.219,0,476.592
624.463,0,512.043
376.624,0,493.055
197
-2331,0,-476
462.099,0,448.949
428.061,0,483.726
429.301,0,512.544
409.422,0,566.699
584.592,0,250.466
261.137,0,268.82
969.616,0,682.518
963.157,0,687.238
320.513,0,255.162
827.029,0,568.725
,,
779.333,0,544.126
421.888,0,82.0173
,,
616.39,0,266.866
198
-2333,0,-474.5
462.281,0,454.688
1025.67,0,191.83
1019.62,0,197.033
582.274,0,288.211
254.657,0,580.456
132.389,0,548.427
582.274,0,288.211
589.997,0,260.469
420.121,0,564.792
390.7,0,579.539
344.795,0,587.358
444.126,0,470.298
384.648,0,584.743
,,
428.68,0,525.781
199
-2335,0,-474.5
801.74,0,548.364
769.221,0,543.531
785.873,0,549.928
811.244,0,563.504
843.763,0,568.337
769.221,0,543.531
356.676,0,584.202
349.527,0,592.946
440.89,0,463.357
433.826,0,391.704
,,
426.508,0,561.24
441.76,0,390.922
317.008,0,588.113
743.066,0,521.993
200
-2337,0,-474.5
471.429,0,452.072
441.916,0,479.016
423.658,0,456.753
367.924,0,462.215
363.673,0,582.89
423.658,0,456.753
449.878,0,478.236
809.537,0,539.199
363.075,0,494.759
722.915,0,475.532
,,
800.797,0,532.038
499.983,0,497.377
,,
394.923,0,491.638
201
-2339,0,-474
468.609,0,444.998
442.879,0,483.873
1034.06,0,625.449
1001.44,0,649.929
975.709,0,688.803
806.694,0,539.678
824.254,0,557.816
856.242,0,569.04
971.942,0,699.458
743.354,0,481.525
,,
799.798,0,525.283
868.442,0,687.092
,,
1033.43,0,661.153
202
-2344,0,-474
474.19,0,445.418
444.99,0,477.05
642.853,0,223.467
613.993,0,237.292
603.001,0,251.38
804.749,0,542.904
826.053,0,550.342
850.795,0,564.956
805.769,0,489.483
745.293,0,474.344
,,
714.625,0,21.4654
876.934,0,693.588
854.233,0,572.132
602.697,0,454.433
203
-2347,0,-473.5
486.916,0,452.677
449.957,0,467.945
434.46,0,463.965
406.622,0,572.359
661.156,0,513.931
436.448,0,456.222
455.717,0,477.677
369.663,0,587.627
649.636,0,494.467
587.647,0,478.547
492.676,0,462.41
653.613,0,478.982
533.408,0,464.617
484.928,0,460.42
851.366,0,191.39
204
-2351,0,-473
484.427,0,453.881
448.353,0,471.162
441.473,0,456.8
631.402,0,242.209
987.644,0,689.581
430.818,0,453.075
1009.96,0,643.576
437.94,0,264.255
791.077,0,686.628
752.139,0,475.727
,,
787.302,0,697.265
752.139,0,475.727
,,
605.741,0,466.398
205
-2354,0,-472
723.134,0,285.15
690.507,0,280.315
691.286,0,288.271
883.88,0,695.096
,,
690.507,0,280.315
674.583,0,281.875
,,
655.541,0,251.613
517.352,0,482.019
828.147,0,700.557
656.32,0,259.569
526.094,0,489.195
534.835,0,496.37
673.024,0,265.964
206
-2359,0,-471
492.798,0,451.192
456.724,0,468.473
442.602,0,457.511
460.178,0,475.683
481.822,0,465.314
456.416,0,486.348
460.178,0,475.683
478.061,0,475.979
384.883,0,485.161
764.193,0,480.726
,,
816.92,0,535.24
760.74,0,473.517
,,
417.196,0,478.546
207
-2360,0,-471
499.667,0,451.688
461.418,0,471.513
925.848,0,699.305
885.258,0,695.244
829.525,0,700.706
451.896,0,456.369
469.38,0,470.733
829.525,0,700.706
829.525,0,700.706
,,
767.87,0,481.675
821.883,0,540.688
537.596,0,592.661
,,
597.55,0,466.211
208
-2365,0,-470
502.756,0,457.854
463.226,0,467.921
663.902,0,238.729
627.828,0,256.01
624.371,0,248.795
459.77,0,460.706
466.682,0,475.136
662.823,0,514.233
799.129,0,706.183
760.073,0,476.517
,,
731.859,0,28.7622
760.073,0,476.517
,,
663.6,0,256.615
209
-2367,0,-470
503.323,0,452.211
463.793,0,462.277
671.684,0,229.628
438.389,0,483.317
628.394,0,250.366
460.336,0,455.062
471.007,0,458.821
455.066,0,555.163
381.275,0,475.195
774.767,0,481.846
,,
381.578,0,457.309
771.311,0,474.631
,,
420.806,0,465.129
210
-2370,0,-470
,,
309.882,0,421.95
309.882,0,421.95
388.636,0,496.985
363.777,0,618.23
317.037,0,425.529
395.791,0,500.564
435.132,0,511.327
459.795,0,247.395
,,
,,
466.926,0,233.137
520.943,0,518.597
438.697,0,504.199
441.896,0,229.531
211
-2373,0,-469
539.06,0,483.635
585.547,0,497.994
313.778,0,415.422
813.205,0,42.7967
798.854,0,17.8364
631.464,0,263.105
813.205,0,42.7967
806.009,0,21.4148
667.728,0,494.637
760.622,0,487.747
,,
660.573,0,491.059
757.064,0,494.86
,,
621.281,0,498.083
212
-2377,0,-469
,,
315.207,0,420.111
315.207,0,420.111
819.704,0,37.3494
805.396,0,12.3039
454.73,0,498.836
819.704,0,37.3494
812.551,0,15.8824
461.913,0,234.086
393.909,0,495.251
386.758,0,455.896
461.913,0,234.086
393.909,0,495.251
,,
694.46,0,269.887
213
-2379,0,-468
544.452,0,474.928
580.227,0,492.821
322.658,0,417.625
819.783,0,31.7194
809.048,0,17.4136
451.453,0,499.913
816.207,0,38.8683
809.048,0,17.4136
469.279,0,249.653
390.642,0,496.311
394.209,0,453.409
469.275,0,231.777
394.217,0,489.162
,,
454.965,0,224.62
214
-2382,0,-468
823.244,0,37.8511
587.651,0,491.027
319.395,0,419.317
823.244,0,37.8511
808.917,0,12.8421
451.771,0,494.445
823.244,0,37.8511
816.072,0,16.4206
694.928,0,491.148
548.307,0,480.272
,,
687.773,0,487.569
770.015,0,484.092
390.945,0,455.102
655.387,0,266.168
215
-2385,0,-466
,,
477.035,0,490.863
645.209,0,279.796
824.121,0,29.3747
813.389,0,15.0627
451.991,0,487.282
820.542,0,36.5297
816.967,0,7.90767
469.906,0,236.845
405.48,0,490.855
398.329,0,451.5
469.906,0,236.845
405.48,0,490.855
394.751,0,458.655
659.521,0,269.064
216
-2387,0,-468
464.515,0,565.845
475.12,0,490.986
321.584,0,601.245
828.288,0,35.2221
810.386,0,17.3619
475.233,0,562.299
321.556,0,583.417
357.303,0,583.481
357.359,0,619.137
553.74,0,476.865
,,
685.698,0,284.559
553.74,0,476.865
396.415,0,451.623
667.796,0,266.699
217
-2390,0,-466
,,
903.882,0,265.822
896.768,0,269.381
387.515,0,282.566
412.905,0,475.597
903.882,0,265.822
814.251,0,15.4735
359.738,0,582.69
1085.58,0,291.234
1085.62,0,309.102
669.448,0,526.186
501.898,0,457.923
712.177,0,522.706
669.448,0,526.186
473.441,0,472.155
218
-2393,0,-466
511.713,0,443.388
484.501,0,486.788
477.469,0,495.651
1123.08,0,228.011
1118.51,0,188.274
500.396,0,484.957
705.49,0,517.702
904.468,0,567.257
469.813,0,569.008
483.254,0,615.778
418.175,0,470.269
485.708,0,567.178
497.318,0,598.052
1198.52,0,533.384
481.131,0,527.44
219
-2395,0,-466
511.493,0,442.208
492.316,0,480.747
483.725,0,488.058
397.324,0,280.153
470.478,0,551.175
483.725,0,488.058
1043.72,0,663.228
680.532,0,520.535
1024.1,0,324.423
876.673,0,560.984
421.652,0,466.823
1024.1,0,324.423
502.902,0,449.519
420.987,0,474.795
776.303,0,520.498
220
-2397,0,-466
846.978,0,480.686
821.577,0,361.511
826.192,0,368.045
325.677,0,574.609
359.126,0,580.369
832.727,0,363.43
1121.81,0,218.042
370.276,0,582.289
1099.14,0,283.02
434.072,0,478.471
478.302,0,554.968
506.73,0,456.541
427.538,0,483.086
478.302,0,554.968
1089.91,0,269.951
221
-2399,0,-465
519.339,0,439.819
492.097,0,477.685
483.459,0,484.992
878.748,0,558.114
909.972,0,568.747
499.404,0,486.323
713.325,0,520.228
689.408,0,518.232
477.472,0,556.743
328.669,0,415.882
428.318,0,472.364
477.472,0,556.743
713.99,0,512.255
689.408,0,518.232
488.105,0,525.519
222
-2402,0,-465
242.74,0,236.349
281.6,0,245.677
277.519,0,228.27
336.639,0,574.304
364.249,0,582.575
274.431,0,262.027
258.071,0,254.814
370.388,0,577.478
297.96,0,252.89
572.956,0,471.684
,,
500.347,0,459.182
492.113,0,549.201
484.945,0,565.551
292.849,0,246.735
223
-2404,0,-464.5
524.12,0,438.991
498.275,0,479.439
487.257,0,481.893
490.16,0,521.722
477.238,0,541.946
516.005,0,481.274
533.735,0,483.109
575.905,0,491.067
483.949,0,546.234
884.518,0,555.346
431.665,0,465.359
501.679,0,548.069
,,
956.34,0,487.314
494.468,0,514.981
224
-2408,0,-463.5
618.342,0,503.046
602.483,0,494.816
214.117,0,273.23
333.904,0,572.096
367.328,0,577.404
578.495,0,502.429
345.045,0,573.865
372.046,0,583.864
244.131,0,300.841
572.468,0,467.205
,,
516.761,0,458.359
433.658,0,479.427
483.855,0,561.643
597.764,0,488.356
225
-2409,0,-464
535.061,0,444.155
495.885,0,455.504
485.354,0,469.948
474.824,0,484.392
442.507,0,474.222
499.315,0,444.744
271.411,0,248.713
528.201,0,465.674
428.064,0,463.757
356.572,0,464.936
,,
431.494,0,452.998
239.528,0,534.651
221.655,0,534.946
460.139,0,456.093
226
-2411,0,-464
,,
349.918,0,418.345
349.918,0,418.345
666.811,0,279.362
671.12,0,236.725
349.918,0,418.345
382.255,0,408.378
674.815,0,229.684
488.801,0,239.808
581.208,0,476.884
,,
495.885,0,243.526
430.919,0,487.799
,,
153.753,0,602.735
227
-2415,0,-464
,,
345.528,0,405.314
352.386,0,414.306
338.866,0,275.359
708.466,0,228.497
664.546,0,254.827
574.807,0,500.814
708.466,0,228.497
502.627,0,676.58
587.015,0,470.2
,,
503.697,0,668.659
582.735,0,501.885
432.103,0,481.537
510.313,0,500.168
228
-2415,0,-464
483.01,0,445.071
500.218,0,481.141
347.754,0,410.13
254.296,0,243.914
,,
478.633,0,487.837
376.422,0,407.152
383.876,0,582.303
497.808,0,227.524
582.514,0,479.272
,,
501.183,0,238.308
,,
428.715,0,479.661
300.84,0,241.305
229
-2418,0,-464
577.897,0,483.302
627.816,0,491.478
634.565,0,513.045
,,
682.742,0,231.905
484.809,0,488.518
659.525,0,517.133
434.89,0,480.343
699.319,0,492.957
770.822,0,494.437
,,
703.028,0,485.891
767.114,0,501.503
,,
663.567,0,492.217
230
-2419,0,-465
,,
624.303,0,490.333
357.436,0,413.508
438.368,0,483.092
470.421,0,490.88
591.898,0,500.43
445.452,0,486.81
390.035,0,575.178
692.125,0,498.826
581.801,0,468.025
,,
699.561,0,484.659
725.744,0,245.421
,,
660.073,0,491.037
231
-2421,0,-464
366.75,0,422.712
359.93,0,391.447
353.819,0,400.968
305.789,0,255.871
,,
355.524,0,408.784
590.432,0,472.172
605.069,0,501.732
364.335,0,374.109
,,
,,
499.339,0,467.48
582.616,0,473.877
,,
366.041,0,381.926
232
-2423.5,0,-464.5
372.334,0,355.904
84.4659,0,199.04
86.973,0,206.615
314.45,0,257.396
396.963,0,583.084
86.973,0,206.615
586.981,0,469.765
597.01,0,500.064
130.035,0,183.958
283.114,0,595.55
,,
130.035,0,183.958
280.607,0,587.976
,,
528.73,0,497.449
233
-2425,0,-467
,,
363.328,0,386.95
362.623,0,410.895
448.234,0,493.301
480.22,0,494.243
362.858,0,402.913
448.234,0,493.301
480.22,0,494.243
505.385,0,455.042
584.88,0,473.36
,,
496.918,0,470.769
592.877,0,473.595
,,
371.089,0,395.167
234
-2425,0,-468
373.991,0,423.534
91.6491,0,206.985
91.6491,0,206.985
114.434,0,199.444
393.596,0,584.611
91.6491,0,206.985
365.813,0,577.05
401.19,0,582.097
127.124,0,186.866
447.051,0,491.514
,,
127.124,0,186.866
447.051,0,491.514
,,
530.4,0,514.198
235
-2427,0,-468
373.497,0,360.653
83.2786,0,196.686
85.7807,0,204.246
423.183,0,612.617
608.139,0,509.463
93.3755,0,201.732
588.034,0,474.178
610.729,0,491.83
128.848,0,181.604
269.051,0,579.753
,,
128.848,0,181.604
269.051,0,579.753
,,
529.777,0,501.847
236
-2431,0,-468
594.971,0,469.308
365.181,0,390.843
364.713,0,406.762
458.327,0,489.183
490.079,0,498.084
364.713,0,406.762
380.471,0,415.192
490.079,0,498.084
499.013,0,466.482
,,
,,
498.778,0,474.441
538.995,0,467.659
601.796,0,509.341
381.643,0,375.395
237
-2431,0,-468
454.66,0,493.483
438.949,0,469.352
289.547,0,252.079
454.66,0,493.483
486.658,0,493.868
446.948,0,469.449
454.756,0,485.504
486.658,0,493.868
503.136,0,454.162
590.651,0,495.116
,,
502.944,0,470.121
,,
,,
553.433,0,263.229
238
-2431,0,-468.5
611.085,0,472.967
607.982,0,495.362
601.609,0,500.176
591.966,0,487.408
587.144,0,481.024
619.177,0,496.932
370.123,0,564.736
456.077,0,479.764
540.646,0,445.966
556.83,0,493.895
,,
540.646,0,445.966
531.671,0,593.101
,,
519.975,0,471.604
239
-2434.5,0,-469.5
547.218,0,428.78
527.45,0,467.021
727.323,0,209.142
1096.87,0,646.851
917.311,0,549.908
509.33,0,482.758
1090.83,0,652.097
1071.88,0,679.086
853.067,0,500.335
906.878,0,537.895
,,
913.468,0,679.688
475.56,0,480.476
447.831,0,472.948
1136.68,0,643.888
240
-2436.5,0,-468.5
556.358,0,427.908
530.609,0,471.462
857.897,0,494.5
916.394,0,549.655
938.171,0,562.53
862.512,0,670.621
1095.86,0,658.692
1076.94,0,685.715
918.147,0,685.879
911.148,0,543.615
,,
912.901,0,679.839
1240.82,0,532.796
,,
890.329,0,678.25
