data/BP_videos/12.MOV
0
-507,0,-437.5
534.788,0,302
526.848,0,342
503.03,0,350
463.333,0,366
479.212,0,406
542.727,0,350
558.606,0,382
566.545,0,398
487.152,0,422
510.97,0,486
463.333,0,510
510.97,0,430
518.909,0,478
479.212,0,526
510.97,0,390
1
-506,0,-437.5
363.039,0,317.881
359.825,0,335.239
352.239,0,337.425
341.438,0,356.969
345.809,0,372.141
544.206,0,347.842
562.72,0,383.587
567.092,0,398.759
491.23,0,420.616
371.91,0,405.7
373.067,0,438.23
355.581,0,377.541
346.966,0,404.671
477.343,0,514.993
515.018,0,389.115
2
-504,0,-437.5
364.075,0,306.85
356.186,0,330.694
351.444,0,337.072
468.593,0,364.748
345.149,0,372.004
550.876,0,346.697
359.374,0,352.871
568.329,0,389.382
356.226,0,370.337
372.085,0,401.933
376.867,0,435.198
356.226,0,370.337
354.672,0,398.891
342.041,0,429.113
359.374,0,352.871
3
-503,0,-438.5
359.292,0,311.216
356.207,0,328.598
511.015,0,345.315
468.457,0,362.863
345.327,0,369.696
362.543,0,333.308
572.747,0,381.372
361.083,0,361.735
356.373,0,368.071
372.295,0,399.583
377.171,0,432.721
356.373,0,368.071
350.203,0,402.834
342.408,0,426.551
359.458,0,350.689
4
-501,0,-438.5
361.512,0,309.269
534.258,0,339.927
512.302,0,343.158
470.006,0,360.598
342.952,0,373.686
353.765,0,332.84
356.996,0,354.796
358.612,0,365.774
353.93,0,372.071
369.754,0,403.389
379.282,0,430.026
353.93,0,372.071
352.48,0,400.323
340.052,0,430.191
523.445,0,380.773
5
-500,0,-437.5
352.636,0,309.201
539.962,0,338.814
351.157,0,338.008
474.45,0,359.89
344.905,0,373.234
563.995,0,346.713
580.13,0,378.645
360.871,0,365.167
356.098,0,371.587
372.233,0,403.52
381.947,0,430.679
356.098,0,371.587
349.846,0,406.814
337.174,0,437.268
528.937,0,380.461
6
-497,0,-437.5
358.688,0,305.521
350.885,0,329.262
346.17,0,335.603
479.017,0,355.591
339.995,0,370.4
561.128,0,337.86
583.408,0,374.118
580.32,0,391.517
351.051,0,368.773
366.989,0,400.316
376.585,0,427.145
351.051,0,368.773
344.876,0,403.57
332.358,0,433.653
354.139,0,351.375
7
-494,0,-436.5
353.065,0,310.022
345.166,0,334.055
518.005,0,342.928
479.652,0,354.29
334.141,0,375.702
351.586,0,338.828
585.332,0,373.046
356.527,0,372.408
345.334,0,374.055
361.469,0,405.987
375.956,0,426.727
345.334,0,374.055
343.855,0,402.861
331.183,0,433.315
348.46,0,356.442
8
-492,0,-435.5
350.395,0,310.945
539.476,0,333.285
517.425,0,336.596
479.63,0,347.908
331.579,0,375.778
567.836,0,334.663
583.633,0,366.113
352.04,0,361.431
342.604,0,374.122
363.12,0,399.227
464.104,0,513.715
347.322,0,367.777
341.068,0,402.538
322.198,0,427.92
345.731,0,356.741
9
-488,0,-435.5
550.379,0,291.566
341.754,0,333.571
517.347,0,335.997
479.431,0,347.229
330.854,0,374.745
348.101,0,338.29
590.257,0,370.49
351.358,0,360.422
341.92,0,373.117
357.871,0,404.686
367.475,0,431.537
346.639,0,366.769
340.458,0,401.596
321.583,0,426.984
345.011,0,355.703
10
-485,0,-434.5
348.017,0,308.483
340.206,0,332.25
335.486,0,338.598
332.394,0,356.016
329.303,0,373.434
346.555,0,336.97
593.492,0,362.829
345.092,0,365.456
340.372,0,371.805
356.327,0,403.382
365.934,0,430.24
340.372,0,371.805
334.19,0,406.64
462.794,0,512.109
538.148,0,370.973
11
-481.5,0,-434
344.146,0,308.657
545.18,0,329.963
331.615,0,338.772
328.523,0,356.19
325.432,0,373.607
568.946,0,337.774
589.621,0,363.003
341.221,0,365.63
336.501,0,371.979
352.456,0,403.556
362.063,0,430.414
336.501,0,371.979
330.319,0,406.814
311.439,0,432.209
534.277,0,371.147
12
-476.5,0,-433
333.526,0,312.819
330.433,0,330.245
325.711,0,336.596
322.618,0,354.022
314.803,0,377.8
336.785,0,334.967
590.193,0,365.561
335.322,0,363.467
330.6,0,369.819
346.563,0,401.411
351.451,0,434.634
330.6,0,369.819
324.414,0,404.671
305.525,0,430.078
539.545,0,367.357
13
-469.5,0,-434
552.332,0,285.374
546.145,0,320.233
316.631,0,337.032
313.537,0,354.462
316.797,0,376.615
327.707,0,335.402
592.248,0,364.373
337.32,0,362.278
321.521,0,370.262
337.487,0,401.861
347.1,0,428.738
327.874,0,374.985
315.334,0,405.121
296.44,0,430.534
324.614,0,352.832
14
-464.5,0,-433.5
316.819,0,311.26
547.271,0,323.091
315.34,0,340.066
312.214,0,357.679
309.088,0,375.293
571.304,0,330.99
593.859,0,367.695
325.054,0,367.225
320.281,0,373.646
336.416,0,405.578
341.357,0,439.157
320.281,0,373.646
314.029,0,408.872
460.045,0,507.459
542.666,0,369.51
15
-457.5,0,-432
313.543,0,305.045
312.079,0,333.564
307.354,0,339.92
476.834,0,337.623
301.165,0,374.794
318.435,0,338.289
594.169,0,365.642
316.971,0,366.808
312.246,0,373.164
332.944,0,398.421
333.111,0,438.02
312.246,0,373.164
310.782,0,401.682
461.693,0,504.008
537.132,0,362.714
16
-451.5,0,-432
305.953,0,305.396
304.489,0,333.915
511.938,0,320.37
480.325,0,336.343
299.93,0,379.87
310.845,0,338.64
591.304,0,359.637
314.106,0,360.803
304.655,0,373.514
320.628,0,405.128
325.52,0,438.371
309.381,0,367.159
504.617,0,462.962
284.29,0,427.457
540.623,0,361.434
17
-447.5,0,-431.5
300.365,0,306.858
298.886,0,335.664
519.624,0,320.336
476.498,0,338.117
294.281,0,382.084
572.463,0,329.714
588.598,0,361.646
310.247,0,374.017
305.474,0,380.437
303.995,0,409.243
278.483,0,430.151
303.827,0,369.244
507.456,0,470.788
461.204,0,506.183
537.405,0,363.462
18
-440.5,0,-432.5
299.869,0,311.407
545.102,0,315.152
518.074,0,324.82
475.155,0,342.516
287.425,0,381.521
570.66,0,334.153
591.466,0,359.542
301.676,0,362.353
296.926,0,368.743
301.843,0,402.161
306.761,0,435.579
296.926,0,368.743
301.843,0,402.161
271.703,0,429.357
540.52,0,361.349
19
-431.5,0,-432.5
292.496,0,305.398
541.823,0,313.816
280,0,335.428
472.514,0,340.93
280.166,0,374.872
567.146,0,332.643
287.955,0,351.173
295.91,0,366.917
284.873,0,368.541
300.783,0,400.03
299.325,0,428.437
295.91,0,366.917
289.745,0,401.655
264.587,0,422.272
287.955,0,351.173
20
-426.5,0,-432.5
553.887,0,276.167
279.568,0,327.81
274.861,0,334.141
278.11,0,356.216
275.027,0,373.585
566.714,0,325.025
588.956,0,361.22
592.204,0,383.296
279.734,0,367.254
290.937,0,405.074
289.479,0,433.48
286.065,0,371.961
526.31,0,471.929
259.449,0,420.984
282.816,0,349.885
21
-420.5,0,-433.5
555.281,0,275.576
275.484,0,333.044
517.617,0,326.236
267.722,0,356.771
271.029,0,378.895
568.258,0,324.554
585.943,0,367.2
593.958,0,382.992
275.737,0,372.563
285.407,0,399.417
531.608,0,533.292
280.445,0,366.23
285.407,0,399.417
476.006,0,501.787
535.302,0,368.882
22
-412.5,0,-433.5
549.527,0,279.076
538.652,0,320.155
264.097,0,332.357
469.325,0,347.276
264.263,0,371.811
562.358,0,327.946
584.605,0,364.151
594.187,0,390.94
516.903,0,402.313
280.178,0,403.308
278.719,0,431.722
540.608,0,410.104
280.178,0,403.308
248.681,0,419.223
534.11,0,365.942
23
-407.5,0,-434
547.38,0,283.079
538.19,0,324.755
508.303,0,337.673
462.833,0,353.137
484.809,0,389.722
564.122,0,336.589
578.307,0,374.446
589.934,0,396.651
512.02,0,409.381
532.597,0,486.369
502.591,0,547.516
536.673,0,413.388
540.389,0,485.096
479.336,0,503.105
530.279,0,374.258
24
-404.5,0,-434
552.448,0,285.722
536.111,0,328.76
505.029,0,334.34
461.196,0,358.251
483.712,0,394.313
562.213,0,340.116
575.563,0,369.803
587.519,0,391.719
511.209,0,413.44
523.764,0,483.375
494.676,0,544.743
535.915,0,417.025
548.47,0,486.96
486.306,0,498.12
528.94,0,378.173
25
-394.5,0,-434
547.411,0,292.838
532.888,0,336.521
509.771,0,341.677
465.258,0,359.694
490.98,0,402.489
557.722,0,339.071
581.726,0,374.161
586.882,0,397.277
511.547,0,422.168
517.59,0,485.53
481.669,0,542.074
528.676,0,426.436
557.836,0,484.643
488.487,0,500.11
526.07,0,378.485
26
-385.5,0,-435
549.566,0,292.845
534.438,0,336.482
511.248,0,341.297
468.094,0,366.456
483.885,0,403.672
551.51,0,341.035
575.031,0,376.646
587.598,0,398.334
504.182,0,423.754
509.35,0,487.473
480.375,0,542.084
528.984,0,426.703
563.459,0,476.237
497.115,0,506.212
520.922,0,387.882
27
-377.5,0,-433.5
548.048,0,294.247
534.549,0,338.471
503.771,0,346.139
459.52,0,365.336
486.412,0,407.67
551.856,0,342.331
576.83,0,376.97
592.193,0,405.831
499.858,0,428.837
507.5,0,492.31
470.918,0,542.286
524.859,0,430.78
569.057,0,476.974
517.112,0,498.088
522.968,0,390.39
28
-370.5,0,-434
548.485,0,294.346
535.675,0,338.718
505.137,0,346.758
461.348,0,366.486
486.712,0,400.809
552.963,0,342.367
578.327,0,376.69
594.037,0,405.354
502.422,0,429.473
495.669,0,496.851
459.956,0,547.254
527.345,0,431.112
569.996,0,469.083
522.611,0,506.158
517.25,0,392.769
29
-363.5,0,-433.5
550.035,0,296.437
534.654,0,332.913
505.9,0,348.188
461.818,0,367.252
486.66,0,401.954
553.787,0,344.52
578.629,0,379.223
592.001,0,400.423
501.935,0,430.853
492.262,0,490.423
448.126,0,542.174
524.927,0,425.17
574.664,0,461.887
528.626,0,505.94
523.078,0,384.785
30
-356.5,0,-433.5
546.248,0,295.813
531.932,0,332.719
511.239,0,346.707
457.998,0,361.519
485.962,0,403.125
551.394,0,343.767
577.233,0,377.733
591.215,0,398.536
499.944,0,423.928
486.523,0,493.509
441.784,0,538.88
524.887,0,425.22
573.543,0,452.838
540.66,0,511.372
521.866,0,384.905
31
-351.5,0,-433
546.386,0,292.389
531.403,0,328.977
510.401,0,342.658
466.39,0,362.384
491.76,0,396.532
550.754,0,340.217
576.125,0,374.365
591.819,0,402.892
499.785,0,427.074
475.481,0,490.599
429.82,0,535.247
530.463,0,419.013
578.842,0,447.115
546.869,0,512.655
520.432,0,380.836
32
-341.5,0,-433
547.508,0,285.387
533.557,0,329.313
510.421,0,334.849
458.273,0,355.444
492.432,0,395.976
552.656,0,340.978
577.266,0,375.678
590.489,0,396.866
499.781,0,426.688
474.08,0,489.661
427.444,0,533.29
522.917,0,421.152
576.538,0,440.792
560.387,0,509.598
521.443,0,380.917
33
-332.5,0,-432.5
544.424,0,286.091
531.477,0,330.267
508.561,0,336.248
464.722,0,355.85
491.962,0,397.695
548.749,0,333.918
573.995,0,368.124
589.61,0,396.686
497.944,0,420.612
473.706,0,484.053
428.21,0,528.565
522.854,0,422.269
576.662,0,440.861
562.058,0,509.947
520.524,0,382.081
34
-322.5,0,-431
547.897,0,284.443
534.492,0,328.695
511.421,0,334.495
459.52,0,355.719
484.568,0,390.305
551.807,0,332.519
576.854,0,367.105
592.278,0,395.934
499.992,0,419.134
475.073,0,482.635
421.282,0,528.863
524.997,0,421.025
580.807,0,447.877
565.511,0,517.135
523.021,0,380.639
35
-313.5,0,-430.5
544.264,0,280.235
531.259,0,324.607
508.241,0,330.615
464.207,0,350.304
491.569,0,392.335
550.61,0,335.947
575.969,0,370.306
591.653,0,398.994
497.577,0,415.354
482.907,0,484.746
419.86,0,525.789
522.598,0,417.018
580.65,0,451.039
567.984,0,528.104
520.257,0,376.652
36
-308.5,0,-431
541.381,0,278.742
535.735,0,321.044
505.109,0,328.744
461.103,0,347.983
486.083,0,382.586
547.258,0,334.501
572.238,0,369.104
595.284,0,396.016
503.406,0,419.114
488.247,0,488.337
423.205,0,521.041
518.719,0,415.264
570.535,0,459.474
563.032,0,526.773
516.709,0,374.887
37
-293.5,0,-429.5
550.066,0,274.213
535.309,0,318.033
513.767,0,330.868
459.543,0,342.743
485.214,0,385.828
554.195,0,330.133
570.423,0,367.168
592.701,0,394.76
499.746,0,415.116
491.774,0,489.922
425.451,0,520.682
524.681,0,417.774
567.54,0,465.212
557.873,0,532.271
522.249,0,369.6
38
-286.5,0,-431
550.645,0,279.939
528.286,0,318.713
507.438,0,332.467
461.663,0,344.65
489.158,0,386.567
547.623,0,329.978
575.118,0,371.896
590.905,0,400.518
497.316,0,417.22
502.451,0,497.911
433.789,0,516.185
522.243,0,418.792
559.406,0,466.342
547.244,0,543.431
519.675,0,378.446
39
-273.5,0,-430.5
545.078,0,280.828
531.229,0,317.86
510.659,0,332.182
457.432,0,347.936
483.843,0,381.285
553.159,0,336.069
571.966,0,371.669
596.136,0,397.448
500.41,0,409.315
509.849,0,497.087
441.416,0,517.343
527.702,0,417.704
553.231,0,476.014
530.897,0,540.257
521.862,0,370.032
40
-263.5,0,-431
548.355,0,275.519
534.32,0,319.519
503.57,0,326.708
459.251,0,345.214
483.653,0,380.227
553.305,0,331.367
570.019,0,368.178
592.616,0,395.469
500.367,0,417.038
518.42,0,494.254
449.234,0,510.43
525.234,0,419.367
547.365,0,479.342
515.683,0,551.899
522.09,0,371.24
41
-253.5,0,-431
549.513,0,276.647
536.016,0,320.872
505.238,0,328.542
460.988,0,347.74
485.964,0,382.378
555.24,0,332.426
574.438,0,376.676
595.58,0,395.925
501.328,0,411.239
530.113,0,493.961
460.863,0,511.218
520.552,0,422.793
545.502,0,490.127
505.062,0,557.41
516.742,0,374.709
42
-240.5,0,-432
542.756,0,280.135
530.378,0,324.473
499.927,0,332.841
454.252,0,345.392
487.549,0,377.179
549.786,0,335.515
577.563,0,377.006
591.451,0,397.752
500.101,0,422.855
534.153,0,487.184
467.732,0,513.623
515.326,0,418.671
534.153,0,487.184
487.896,0,557.207
512.479,0,378.516
43
-229.5,0,-433
543.348,0,280.709
529.808,0,324.763
499.03,0,332.433
452.863,0,343.937
487.4,0,384.148
558.619,0,341.993
575.857,0,378.378
596.973,0,397.524
504.639,0,420.533
552.597,0,481.808
487.164,0,514.385
514.242,0,426.276
535.299,0,477.982
481.319,0,556.522
518.178,0,376.478
44
-219.5,0,-434
545.328,0,286.699
531.451,0,330.749
500.728,0,338.05
454.642,0,349.001
486.851,0,382.1
550.479,0,342.529
582.688,0,375.629
595.869,0,396.949
497.851,0,428.39
558.602,0,479.16
502.654,0,516.906
505.531,0,426.565
514.35,0,497.825
465.735,0,566.431
511.727,0,384.34
45
-207.5,0,-433
543.293,0,284.374
532.257,0,329.121
501.96,0,338.512
456.514,0,352.599
483.35,0,385.607
552.081,0,339.507
581.254,0,380.056
595.84,0,400.331
495.037,0,423.311
566.756,0,467.203
510.274,0,526.037
512.523,0,426.156
503.262,0,503.414
454.355,0,559.901
515.985,0,383.757
46
-198.5,0,-434
549.04,0,285.035
529.252,0,331.796
498.719,0,340.392
460.554,0,351.136
486.564,0,385.004
556.449,0,340.616
582.459,0,374.484
596.539,0,395.235
497.308,0,423.17
565.782,0,461.56
527.392,0,530.033
522.357,0,424.356
495.897,0,505.947
445.577,0,561.304
519.246,0,384.042
47
-185.5,0,-433
543.338,0,280.144
531.181,0,324.599
500.658,0,333.226
457.019,0,353.763
480.87,0,379.839
560.515,0,340.921
586.513,0,374.593
600.585,0,395.228
501.383,0,423.265
577.461,0,459.191
539.074,0,527.468
518.792,0,426.549
490.184,0,500.266
432.241,0,557.662
521.171,0,376.652
48
-178.5,0,-433
541.109,0,281.878
526.862,0,325.652
496.084,0,332.721
461.147,0,356.947
481.838,0,376.495
555.247,0,343.433
587.167,0,376.603
600.163,0,397.919
500.136,0,420.894
579.989,0,451.154
557.423,0,529.24
517.292,0,425.054
485.265,0,497.213
426.619,0,559.285
516.15,0,384.815
49
-161.5,0,-434
545.494,0,280.694
531.243,0,324.466
500.465,0,331.533
457.831,0,357.521
486.214,0,375.305
557.86,0,334.556
583.849,0,377.19
604.538,0,396.74
504.508,0,419.706
576.664,0,451.74
571.247,0,533.986
521.664,0,423.867
481.935,0,497.79
421.517,0,552.162
518.759,0,375.933
50
-156.5,0,-433
547.485,0,281.814
533.239,0,325.588
502.461,0,332.658
467.524,0,356.883
452.135,0,360.418
559.856,0,335.675
584.082,0,370.612
606.54,0,397.855
506.513,0,420.83
578.672,0,452.858
580.956,0,533.337
523.669,0,424.99
474.485,0,492.989
423.534,0,553.294
520.759,0,377.057
51
-137.5,0,-433.5
546.816,0,276.114
532.565,0,319.887
494.093,0,328.72
462.686,0,368.331
502.926,0,367.192
559.182,0,329.976
592.865,0,370.843
613.554,0,390.394
507.597,0,422.821
581.52,0,462.55
591.491,0,541.262
524.753,0,426.982
483.257,0,493.21
428.767,0,538.121
521.848,0,379.048
52
-133.5,0,-432
546.26,0,270.801
532.659,0,322.179
493.997,0,330.141
469.465,0,367.578
501.994,0,368.976
559.056,0,332.936
591.85,0,374.76
610.514,0,387.108
513.191,0,423.343
586.247,0,464.972
588.376,0,553.592
528.656,0,420.159
487.324,0,493.44
424.13,0,538.839
528.391,0,379.732
53
-115.5,0,-434.5
553.47,0,277.408
536.675,0,320.431
497.746,0,326.965
465.38,0,372.601
505.622,0,373.887
562.658,0,332.151
592.579,0,367.333
619.874,0,386.873
513.498,0,420.81
578.5,0,474.225
591.626,0,552.43
530.382,0,426.017
495.481,0,504.241
428.034,0,531.644
530.292,0,377.787
54
-106.5,0,-434.5
548.897,0,272.826
533.976,0,316.432
504.638,0,330.844
472.548,0,370.08
512.97,0,369.428
562.229,0,334.561
593.814,0,368.123
620.401,0,378.536
516.884,0,425.12
576.722,0,476.812
587.302,0,563.371
532.386,0,421.772
500.877,0,501.267
432.783,0,524.048
530.139,0,373.797
55
-88.5,0,-435.5
547.522,0,272.389
539.467,0,321.666
500.496,0,327.943
476.852,0,379.731
514.568,0,365.659
565.361,0,333.488
593.766,0,360.898
628.709,0,379.259
523.356,0,420.219
581.421,0,482.834
571.849,0,572.338
532.406,0,426.758
513.784,0,509.722
443.636,0,521.022
532.667,0,378.737
56
-80.5,0,-435.5
548.362,0,272.059
538.837,0,321.277
508.544,0,333.211
483.362,0,384.464
513.655,0,372.529
564.368,0,333.951
600.795,0,369.199
634.155,0,380.855
520.811,0,427.575
576.984,0,492.242
563.719,0,573.932
536.468,0,425.54
524.226,0,515.093
453.766,0,524.252
530.335,0,378.358
57
-61.5,0,-435.5
556.561,0,274.555
538.961,0,324.555
508.497,0,336.402
498.763,0,385.398
521.362,0,374.554
564.559,0,337.204
600.021,0,364.513
634.484,0,383.99
527.36,0,421.541
568.821,0,495.836
547.354,0,578.165
544.091,0,427.364
546.222,0,506.68
468.562,0,524.553
538.093,0,380.377
58
-55.5,0,-435.5
557.09,0,278.227
547.903,0,327.327
509.718,0,340.606
507.298,0,380.795
732.654,0,389.324
565.785,0,340.783
601.55,0,367.694
642.996,0,377.875
529.529,0,425.529
565.047,0,508.269
739.175,0,436.242
538.47,0,432.257
565.047,0,508.269
479.737,0,528.098
539.803,0,384.248
59
-35.5,0,-434.5
739.653,0,316.443
743.241,0,339.854
512.152,0,343.322
715.614,0,368.048
711.398,0,392.655
760.044,0,345.265
763.632,0,368.676
766.024,0,384.283
734.809,0,389.067
714.986,0,416.066
726.378,0,438.281
750.416,0,386.675
577.481,0,509.022
736.573,0,452.692
739.025,0,364.46
60
-28.5,0,-434.5
729.876,0,316.416
733.464,0,339.827
717.788,0,342.23
713.537,0,366.842
709.287,0,391.454
750.337,0,345.228
753.925,0,368.639
757.513,0,392.05
723.768,0,381.248
712.875,0,414.865
716.463,0,438.276
740.64,0,386.649
590.387,0,505.519
726.693,0,452.682
737.052,0,363.238
61
-9.5,0,-434.5
716.562,0,313.187
721.346,0,344.401
705.669,0,346.804
701.419,0,371.416
697.168,0,396.028
737.022,0,341.999
741.806,0,373.213
745.394,0,396.624
711.649,0,385.822
699.56,0,411.635
704.344,0,442.85
728.522,0,391.223
601.784,0,506.489
713.379,0,449.452
724.934,0,367.812
62
2.5,0,-436
709.163,0,320.223
712.75,0,343.634
697.074,0,346.037
692.823,0,370.649
680.735,0,396.462
729.623,0,349.035
733.211,0,372.446
660.274,0,367.65
703.054,0,385.055
540.712,0,529.739
695.749,0,442.083
719.926,0,390.456
607.669,0,495.516
705.979,0,456.489
708.5,0,368.246
63
20.5,0,-434
697.185,0,320.178
700.773,0,343.589
685.096,0,345.991
673.008,0,371.805
668.757,0,396.417
717.645,0,348.99
721.233,0,372.401
663.973,0,365.202
691.076,0,385.009
536.573,0,528.492
683.771,0,442.037
706.753,0,382.607
619.206,0,491.867
694.001,0,456.443
696.522,0,368.201
64
34.5,0,-434
685.038,0,316.331
560.18,0,335.466
674.214,0,349.937
668.803,0,366.741
587.806,0,307.272
705.429,0,345.153
709.017,0,368.564
712.605,0,391.975
680.194,0,388.955
534.258,0,531.125
672.959,0,445.973
695.801,0,386.563
623.117,0,485.559
681.958,0,452.58
684.41,0,364.349
65
50.5,0,-432.5
676.436,0,317.667
567.901,0,342.323
544.386,0,345.927
591.416,0,338.72
585.41,0,299.528
689.08,0,347.819
700.522,0,370.133
704.126,0,393.648
671.571,0,390.614
651.66,0,417.733
663.102,0,440.047
687.248,0,388.212
629.917,0,485.245
673.343,0,454.522
560.633,0,399.594
66
60.5,0,-432.5
578.826,0,290.943
570.325,0,340.167
554.649,0,342.57
600.483,0,327.558
594.503,0,288.54
588.394,0,353.372
687.238,0,370.171
690.825,0,393.582
658.276,0,390.583
646.188,0,416.397
649.775,0,439.808
673.953,0,388.181
633.436,0,490.233
660.006,0,454.214
570.859,0,395.994
67
73.5,0,-432.5
659.547,0,316.825
660.838,0,339.167
644.409,0,345.796
645.055,0,356.967
607.03,0,280.856
599.737,0,348.577
672.652,0,349.643
694.343,0,337.081
652.254,0,384.547
637.116,0,413.517
644.315,0,441.097
669.329,0,389.089
665.359,0,417.364
656.129,0,451.573
574.077,0,389.414
68
84.5,0,-432.5
645.374,0,318.258
644.951,0,342.044
557.736,0,340.493
605.872,0,309.625
684.593,0,342.749
597.238,0,349.127
636.74,0,357.76
692.522,0,342.89
636.176,0,389.475
619.755,0,420.907
627.261,0,444.834
652.033,0,389.757
642.131,0,500.616
672.436,0,580.465
644.528,0,365.83
69
95.5,0,-433.5
586.902,0,289.492
635.245,0,343.905
564.204,0,345.168
610.863,0,304.858
602.408,0,273.425
643.279,0,351.658
635.526,0,359.692
690.5,0,342.922
620.301,0,391.546
551.645,0,526.999
473.272,0,559.976
643.981,0,391.125
645.946,0,501.634
671.03,0,580.148
580.833,0,392.248
70
104.5,0,-433
597.577,0,292.072
622.24,0,346.905
606.453,0,347.186
613.505,0,299.685
854.379,0,524.386
638.027,0,346.625
613.505,0,299.685
605.05,0,268.251
584.457,0,442.329
570.354,0,537.332
483.666,0,546.769
630.976,0,394.126
640.834,0,504.495
665.918,0,583.008
583.615,0,394.968
71
116.5,0,-434
603.378,0,289.429
591.655,0,336.247
575.202,0,342.885
618.56,0,298.61
613.829,0,258.429
614.746,0,346.063
653.655,0,357.15
695.107,0,336.602
590.665,0,447.608
583.673,0,534.606
495.404,0,543.432
606.483,0,448.879
649.487,0,508.055
658.313,0,596.325
595.115,0,392.245
72
124.5,0,-433.5
604.106,0,289.956
597.626,0,338.174
582.006,0,346.65
620.209,0,297.472
611.069,0,257.731
613.971,0,353.687
661.798,0,360.244
692.796,0,335.295
593.081,0,450.362
603.915,0,546.079
524.365,0,540.481
608.943,0,449.883
650.774,0,520.65
653.434,0,608.61
599.561,0,402.144
73
133.5,0,-434.5
617.909,0,298.078
602.81,0,338.049
587.097,0,346.289
617.756,0,290.145
616.99,0,250.48
626.915,0,353.455
666.733,0,360.622
697.852,0,328.278
597.022,0,449.264
622.659,0,543.999
543.023,0,529.666
604.955,0,449.11
653.931,0,519.588
647.53,0,599.07
604.035,0,401.513
74
143.5,0,-434.5
625.239,0,296.979
613.883,0,338.17
567.456,0,351.353
616.471,0,289.976
549.098,0,401.313
623.535,0,353.058
672.611,0,363.53
692.735,0,329.34
572.753,0,398.664
559.632,0,424.086
562.281,0,447.741
588.524,0,396.898
584.171,0,429.322
579.817,0,461.745
577.99,0,374.126
75
154.5,0,-434.5
561.491,0,324.18
619.336,0,341.654
549.253,0,357.486
621.04,0,285.575
546.665,0,405.68
588.678,0,353.071
677.181,0,359.129
697.304,0,324.939
561.553,0,396.029
663.3,0,520.363
551.963,0,452.991
578.206,0,402.148
572.97,0,426.687
560.731,0,459.993
567.672,0,379.376
76
164.5,0,-433
555.255,0,327.411
557.904,0,351.066
542.134,0,352.832
536.898,0,377.371
531.662,0,401.909
574.557,0,357.185
577.206,0,380.841
579.855,0,404.496
547.432,0,400.143
534.31,0,425.564
544.845,0,448.337
563.202,0,398.377
558.849,0,430.801
554.496,0,463.224
560.553,0,374.722
77
172.5,0,-431.5
546.262,0,325.655
627.763,0,340.481
534.024,0,358.962
528.788,0,383.5
522.669,0,400.154
565.565,0,355.43
568.213,0,379.085
570.862,0,402.741
538.439,0,398.388
525.318,0,423.809
528.849,0,455.35
555.092,0,404.507
549.856,0,429.045
545.503,0,461.469
618.173,0,397.443
78
183.5,0,-431.5
532.444,0,331.09
535.115,0,354.941
519.344,0,356.707
514.13,0,381.441
508.916,0,406.175
551.775,0,361.125
562.331,0,384.093
705.917,0,311.664
532.571,0,403.526
511.587,0,430.026
522.143,0,452.994
548.342,0,401.76
536.132,0,435.327
531.808,0,468.011
537.786,0,378.792
79
194.5,0,-430.5
527.188,0,331.76
529.858,0,355.611
514.088,0,357.377
508.874,0,382.111
503.66,0,406.844
546.519,0,361.795
549.19,0,385.646
707.656,0,303.501
518.54,0,397.128
506.33,0,430.695
509.001,0,454.546
535.2,0,403.313
530.876,0,435.997
518.667,0,469.564
524.644,0,380.345
80
205.5,0,-429
516.057,0,330.051
518.706,0,353.707
502.805,0,355.487
497.504,0,380.033
492.202,0,404.579
535.489,0,359.811
538.138,0,383.467
540.787,0,407.122
508.103,0,402.798
494.851,0,428.234
498.383,0,459.775
524.004,0,401.017
519.585,0,433.448
515.167,0,465.879
513.404,0,378.252
81
214.5,0,-427
501.842,0,333.54
504.491,0,357.195
488.721,0,358.961
483.485,0,383.5
478.249,0,408.038
521.145,0,363.315
701.62,0,335.121
712.975,0,293.929
501.021,0,397.504
480.898,0,431.694
491.432,0,454.466
516.791,0,395.738
504.553,0,429.045
501.083,0,469.353
507.14,0,380.851
82
222.5,0,-426.5
488.583,0,327.538
500.065,0,358.189
476.214,0,360.859
470.913,0,385.405
473.562,0,409.061
516.849,0,364.293
519.498,0,387.949
521.264,0,403.719
488.58,0,399.395
476.211,0,432.716
478.86,0,456.371
505.363,0,405.499
500.062,0,430.045
488.576,0,471.251
494.764,0,382.734
83
231.5,0,-424.5
483.607,0,333.917
486.278,0,357.768
470.508,0,359.534
465.294,0,384.268
460.079,0,409.002
502.939,0,363.952
505.61,0,387.803
508.28,0,411.654
475.85,0,407.236
462.75,0,432.853
465.421,0,456.704
491.62,0,405.47
487.296,0,438.154
482.972,0,470.838
481.064,0,382.502
84
240.5,0,-423
468.827,0,331.537
657.188,0,302.46
456.589,0,364.844
451.353,0,389.382
445.234,0,406.035
488.129,0,361.312
498.664,0,384.084
501.312,0,407.74
468.889,0,403.386
447.882,0,429.691
459.3,0,460.348
484.659,0,401.62
472.421,0,434.927
468.951,0,475.236
474.125,0,378.848
85
251.5,0,-421.5
463.832,0,334.37
466.481,0,358.025
442.825,0,360.674
437.589,0,385.212
440.238,0,408.868
483.134,0,364.144
485.783,0,387.8
488.432,0,411.455
456.008,0,407.102
442.887,0,432.523
446.419,0,464.064
471.779,0,405.336
467.425,0,437.76
455.187,0,471.066
461.245,0,382.564
86
257.5,0,-420
452.309,0,332.986
454.979,0,356.837
439.969,0,366.568
434.69,0,391.309
428.52,0,408.1
471.77,0,363.007
474.441,0,386.858
477.112,0,410.708
444.421,0,406.319
750.984,0,412.24
434.752,0,463.752
460.321,0,404.539
455.932,0,437.23
443.593,0,470.812
450.59,0,389.528
87
264.5,0,-420.5
441.339,0,333.955
443.988,0,357.611
429.101,0,367.262
422.981,0,383.915
417.745,0,408.453
460.641,0,363.73
463.29,0,387.385
465.939,0,411.041
433.515,0,406.687
420.394,0,432.109
423.926,0,463.649
449.286,0,404.921
444.933,0,437.345
432.694,0,470.651
438.752,0,382.149
88
276.5,0,-420.5
431.821,0,334.764
434.492,0,358.615
419.612,0,368.331
406.513,0,393.948
408.293,0,409.849
451.153,0,364.799
453.823,0,388.65
456.494,0,412.501
424.063,0,408.083
750.915,0,403.682
414.525,0,465.501
439.834,0,406.317
435.51,0,439.001
423.301,0,472.568
430.168,0,391.299
89
285.5,0,-420.5
422.342,0,335.325
424.991,0,358.98
402.023,0,369.536
395.839,0,386.197
398.488,0,409.852
441.774,0,365.085
444.423,0,388.74
447.072,0,412.395
414.388,0,408.071
759.783,0,401.33
404.668,0,465.048
430.289,0,406.291
425.87,0,438.722
413.502,0,472.043
419.689,0,383.526
90
295.5,0,-420.5
409.287,0,338.337
411.958,0,362.188
397.078,0,371.905
390.973,0,388.688
385.759,0,413.422
428.618,0,368.373
431.289,0,392.223
433.96,0,416.074
401.529,0,411.656
388.43,0,437.273
752.164,0,477.042
417.3,0,409.89
412.976,0,442.574
408.652,0,475.259
414.629,0,386.039
91
304.5,0,-420.5
399.275,0,336.073
401.924,0,359.728
387.037,0,369.379
380.917,0,386.033
375.681,0,410.571
418.577,0,365.847
421.226,0,389.503
423.875,0,413.158
391.452,0,408.805
764.702,0,390.96
757.762,0,471.578
408.105,0,414.924
660.491,0,458.518
390.63,0,472.769
397.571,0,392.152
92
310.5,0,-420.5
390.741,0,338.299
393.391,0,361.964
370.61,0,372.502
365.372,0,397.05
367.139,0,412.827
410.051,0,368.086
412.701,0,391.75
415.351,0,415.415
382.915,0,411.06
763.315,0,384.437
764.26,0,464.202
398.691,0,409.293
394.336,0,441.729
382.093,0,475.049
388.153,0,386.512
93
320.5,0,-420.5
378.908,0,335.708
382.455,0,367.389
366.615,0,369.162
361.356,0,393.81
696.54,0,235.983
399.183,0,373.535
401.843,0,397.296
403.617,0,413.136
371.05,0,408.763
768.833,0,380.258
769.782,0,460.347
387.777,0,414.91
383.404,0,447.477
371.112,0,480.932
377.196,0,392.036
94
328.5,0,-421.5
365.241,0,338.026
367.882,0,361.614
352.862,0,371.257
655.026,0,194.119
700.941,0,244.706
384.663,0,367.696
395.255,0,390.394
397.897,0,413.982
357.265,0,410.57
779.511,0,371.248
780.366,0,450.764
381.115,0,407.9
368.737,0,441.131
365.189,0,481.334
371.404,0,393.065
95
344.5,0,-421.5
356.631,0,339.058
359.283,0,362.741
344.323,0,372.409
346.091,0,388.198
698.141,0,236.869
376.012,0,368.861
378.664,0,392.544
381.316,0,416.227
348.743,0,411.881
776.548,0,363.975
777.465,0,443.805
365.471,0,418.001
361.085,0,450.465
356.699,0,482.93
362.819,0,394.318
96
351.5,0,-420
349.175,0,342.267
351.827,0,365.952
657.686,0,251.761
650.613,0,188.6
696.139,0,239.461
368.446,0,372.086
371.098,0,395.771
373.751,0,419.456
692.781,0,351.754
781.092,0,357.853
782.066,0,437.685
357.132,0,413.323
678.904,0,441.243
603.766,0,481.634
346.612,0,390.519
97
356.5,0,-419
641.936,0,218.388
662.187,0,255.957
655.145,0,264.713
719.408,0,265.484
700.038,0,235.784
354.09,0,370.131
364.656,0,392.85
367.299,0,416.456
696.528,0,347.719
785.44,0,353.697
786.329,0,433.271
688.606,0,348.606
690.375,0,436.048
615.554,0,484.264
683.319,0,301.395
98
361.5,0,-418
640.711,0,211.497
661.523,0,245.289
658.626,0,252.716
655.199,0,174.362
695.243,0,224.215
658.626,0,252.716
658.361,0,209.826
637.285,0,133.143
701.831,0,338.033
784.287,0,344.531
787.713,0,422.885
691.557,0,342.582
692.086,0,428.363
621.75,0,477.939
683.917,0,296.814
99
370.5,0,-417
637.951,0,205.522
664.976,0,243.346
661.798,0,250.657
723.468,0,268.767
696.443,0,230.944
661.798,0,250.657
650.662,0,176.276
644.616,0,130.186
712.669,0,333.615
788.006,0,340.28
788.653,0,418.794
691.691,0,341.883
696.471,0,430.886
638.626,0,483.979
685.645,0,295.792
100
372.5,0,-417
644.049,0,206.299
662.283,0,241.745
662.283,0,241.745
657.983,0,177.615
701.417,0,234.166
662.283,0,241.745
657.983,0,177.615
646.715,0,127.827
706.127,0,333.946
784.599,0,336.612
792.587,0,411.396
695.473,0,337.634
707.149,0,423.073
643.632,0,480.849
691.376,0,291.329
101
384.5,0,-418
643.683,0,200.708
663.156,0,235.177
659.978,0,242.429
663.648,0,174.879
650.531,0,125.906
667.23,0,245.607
656.396,0,171.701
643.279,0,122.728
710.25,0,324.975
788.23,0,324.571
799.064,0,398.477
696.642,0,336.3
701.119,0,424.711
650.76,0,480.444
690.777,0,290.506
102
389.5,0,-418
647.992,0,200.644
659.646,0,232.151
656.337,0,239.344
661.227,0,171.871
648.997,0,122.67
663.531,0,242.653
657.918,0,179.064
691.152,0,220.496
712.304,0,326.093
783.085,0,323.789
795.891,0,390.686
701.802,0,329.977
711.875,0,421.763
663.825,0,469.384
686.263,0,287.969
103
393.5,0,-415.5
640.42,0,198.08
659.094,0,233.1
655.741,0,240.332
664.369,0,165.247
652.402,0,115.762
659.094,0,233.1
661.016,0,172.48
652.402,0,115.762
711.285,0,327.595
785.518,0,318.074
797.962,0,385.355
700.749,0,331.498
713.67,0,416.574
669.124,0,475.008
688.781,0,282.013
104
403.5,0,-414.5
639.946,0,198.263
661.215,0,226.573
657.68,0,233.658
664.706,0,166.374
654.042,0,116.81
664.765,0,237.193
664.706,0,166.374
661.127,0,120.345
710.867,0,322.138
785.222,0,314.994
802.985,0,385.798
700.248,0,325.687
718.026,0,414.196
679.125,0,474.425
686.049,0,283.208
105
405.5,0,-414.5
651.273,0,196.442
661.259,0,228.637
657.568,0,235.704
666.034,0,168.175
663.429,0,121.846
664.587,0,239.369
666.034,0,168.175
667.119,0,114.78
712.631,0,318.419
780.212,0,308.74
803.511,0,383.862
698.233,0,328.888
717.841,0,411.077
684.63,0,474.678
684.919,0,285.961
106
411.5,0,-413
643.178,0,196.35
663.014,0,230.611
663.014,0,230.611
665.971,0,163.026
662.725,0,110.011
663.014,0,230.611
662.869,0,170.311
670.01,0,113.113
711.052,0,319.907
777.555,0,305.193
799.555,0,374.797
697.564,0,331.376
716.462,0,408.265
692.732,0,484.218
683.931,0,282.544
107
421.5,0,-414
654.677,0,193.519
658.138,0,241.879
658.138,0,241.879
924.043,0,546.799
699.769,0,221.725
648.78,0,257.023
665.509,0,162.498
672.656,0,171.169
706.691,0,318.446
771.974,0,300.489
796.875,0,374.86
689.449,0,332.858
722.235,0,407.961
699.096,0,485.878
685.988,0,284.498
108
424.5,0,-414.5
663.466,0,188.634
662.557,0,228.361
662.557,0,228.361
678.203,0,169.893
677.778,0,119.006
668.804,0,233.273
671.956,0,164.98
677.778,0,119.006
708.047,0,324.795
778.584,0,299.38
710.659,0,488.613
701.8,0,319.882
723.637,0,407.826
803.998,0,369.917
685.302,0,276.578
109
432.5,0,-416.5
657.873,0,195.857
661.309,0,238.801
663.678,0,231.16
677.361,0,160.021
885.094,0,651.597
658.94,0,246.442
674.991,0,167.662
681.566,0,119.446
711.124,0,321.254
776.459,0,299.633
798.079,0,364.968
701.114,0,326.526
725.637,0,409.511
719.595,0,483.02
687.668,0,288.853
110
440.5,0,-416
655.591,0,197.14
666.694,0,235.373
666.694,0,235.373
680.738,0,198.103
869.877,0,643.917
650.821,0,254.928
893.328,0,559.119
869.877,0,643.917
711.236,0,320.256
772.764,0,292.367
802.415,0,371.639
700.981,0,324.904
723.186,0,401.37
724.881,0,487.131
682.433,0,283.865
111
444.5,0,-416.5
662.032,0,188.268
669.318,0,234.076
664.908,0,223.726
688.679,0,164.7
688.774,0,121.865
653.023,0,253.239
888.738,0,562.537
863.434,0,646.669
711.975,0,319.854
774.089,0,293.42
797.575,0,362.902
698.652,0,331.638
726.548,0,411.471
732.3,0,482.386
683.985,0,282.857
112
453.5,0,-416.5
666.421,0,190.664
669.588,0,233.596
671.991,0,225.966
688.807,0,172.55
695.632,0,124.376
654.792,0,254.099
875.935,0,558.56
854.697,0,652.519
708.685,0,321.389
766.235,0,297.572
794.957,0,365.324
688.701,0,331.871
722.61,0,409.644
733.75,0,480.248
687.936,0,281.308
113
459.5,0,-415
668.977,0,195.683
667.561,0,236.107
677.134,0,230.227
697.698,0,178.043
700.947,0,129.901
656.155,0,249.705
868.506,0,560.976
856.098,0,647.706
713.01,0,320.264
768.62,0,292.703
792.676,0,363.63
686.121,0,330.187
725.66,0,404.789
747.884,0,483.433
681.627,0,280.207
114
464.5,0,-416
675.673,0,191.478
664.642,0,238.193
676.063,0,224.45
702.581,0,181.391
705.868,0,132.848
653.221,0,251.936
865.433,0,565.084
845.21,0,650.729
710.048,0,322.894
765.705,0,294.936
797.462,0,368.195
690.884,0,334.809
722.64,0,408.068
752.559,0,489.112
686.426,0,284.437
115
471.5,0,-417
672.543,0,192.829
671.848,0,241.479
681.099,0,235.019
706.707,0,182.736
713.811,0,143.372
653.345,0,254.398
858.452,0,551.552
713.811,0,143.372
706.043,0,320.814
766.54,0,299.215
794.325,0,369.264
687.54,0,333.733
730.986,0,406.608
757.351,0,484.53
680.405,0,283.669
116
479.5,0,-417
675.349,0,194.185
674.66,0,242.836
685.331,0,228.502
709.512,0,184.089
716.612,0,144.724
656.159,0,255.757
850.629,0,567.221
835.01,0,653.823
708.864,0,322.166
761.528,0,299.149
789.321,0,369.194
690.363,0,335.088
725.987,0,406.545
760.191,0,485.876
683.221,0,285.025
117
484.5,0,-417
678.125,0,192.384
677.515,0,240.564
688.159,0,226.388
710.854,0,190.242
725.718,0,152.683
659.041,0,253.327
836.888,0,567.12
832.057,0,638.683
711.837,0,319.194
764.447,0,296.496
784.515,0,364.505
686.939,0,322.749
729.091,0,402.793
764.82,0,473.628
686.142,0,282.363
118
491.5,0,-418
678.791,0,193.082
678.867,0,241.397
688.013,0,234.859
708.897,0,206.11
725.818,0,152.556
660.575,0,254.473
835.035,0,565.084
829.927,0,644.743
706.457,0,318.412
758.743,0,294.856
786.333,0,371.872
688.165,0,331.488
732.752,0,403.264
769.488,0,473.742
688.089,0,283.174
119
498.5,0,-417
685.941,0,197.308
680.378,0,236.919
689.37,0,230.103
718.572,0,193.812
730.903,0,163.229
661.281,0,258.472
705.221,0,288.879
725.431,0,259.403
708.65,0,321.675
760.379,0,296.625
781.884,0,372.352
683.898,0,326.277
729.042,0,405.324
775.299,0,476.448
689.462,0,286.666
120
505.5,0,-417
687.26,0,198.196
676.087,0,237.302
692.597,0,230.646
726.914,0,201.431
738.087,0,162.325
658.928,0,251.91
824.618,0,569.559
818.132,0,649.065
709.254,0,320.043
758.784,0,300.073
784.669,0,374.216
684.814,0,326.053
734.491,0,402.137
776.886,0,469.623
688.057,0,286.3
121
513.5,0,-417
689.972,0,199.414
678.939,0,238.673
695.386,0,231.936
729.528,0,202.51
739.937,0,171.227
661.868,0,253.385
812.191,0,570.083
805.947,0,649.839
704.341,0,320.906
753.681,0,300.695
779.707,0,374.952
687.269,0,335.618
729.742,0,403.139
780.126,0,471.279
691.015,0,287.765
122
519.5,0,-417
690.964,0,198.182
680.86,0,245.432
697.476,0,230.282
730.349,0,207.916
747.684,0,176.896
664.244,0,260.583
809.57,0,569.312
805.978,0,648.662
709.422,0,318.287
757.834,0,304.576
778.447,0,377.071
684.857,0,333.078
737.625,0,399.077
782.445,0,464.717
687.012,0,285.467
123
526.5,0,-418
690.762,0,207.255
688.83,0,247.15
697.164,0,239.556
730.114,0,217.158
755.503,0,186.397
664.214,0,261.954
808.481,0,572.861
797.055,0,644.288
709.195,0,320.118
757.654,0,306.469
778.018,0,379.436
684.579,0,334.921
737.121,0,401.449
781.715,0,467.592
686.898,0,287.046
124
532.5,0,-417.5
700.268,0,206.46
690.323,0,245.721
698.652,0,238.191
723.235,0,223.536
756.552,0,193.419
665.739,0,260.376
800.967,0,569.494
797.332,0,640.89
710.463,0,318.328
758.418,0,312.816
778.558,0,385.423
685.879,0,332.983
738.124,0,399.271
782.443,0,465.156
688.303,0,285.385
125
539.5,0,-417.5
701.933,0,207.345
686.723,0,247.503
702.494,0,239.248
726.221,0,230.852
765.439,0,198.249
671.092,0,263.735
795.901,0,572.691
789.208,0,644.613
711.853,0,318.865
759.588,0,318.026
776.762,0,389.528
688.266,0,335.237
737.264,0,406.179
778.165,0,469.285
695.38,0,287.242
126
546.5,0,-417.5
704.05,0,206.772
696.716,0,246.664
712.504,0,238.462
736.247,0,230.135
767.698,0,205.776
673.097,0,262.945
789.335,0,571.391
790.455,0,642.973
713.873,0,325.951
761.484,0,317.25
778.517,0,388.584
690.129,0,334.278
738.985,0,405.113
779.761,0,468.119
697.463,0,294.386
127
551.5,0,-418.5
703.906,0,206.482
696.763,0,254.267
712.368,0,238.119
751.908,0,229.518
767.513,0,213.37
673.092,0,262.604
789.319,0,570.5
782.572,0,642.111
713.82,0,325.482
761.294,0,316.749
770.548,0,396.038
690.148,0,333.819
738.942,0,404.507
779.669,0,467.385
697.423,0,293.977
128
558.5,0,-418.5
706.156,0,215.039
698.843,0,254.988
714.588,0,246.775
754.136,0,238.191
777.691,0,221.89
675.164,0,263.324
783.161,0,572.347
776.345,0,644.155
715.831,0,326.425
763.438,0,325.682
772.491,0,397.242
692.276,0,342.726
740.877,0,405.703
781.545,0,468.803
699.465,0,294.813
129
565.5,0,-418.5
706.818,0,214.736
699.562,0,254.646
715.334,0,246.412
747.157,0,245.852
778.7,0,229.385
683.93,0,270.833
784.716,0,571.399
740.32,0,309.623
716.873,0,333.904
764.467,0,325.11
773.682,0,396.555
693.145,0,342.278
741.999,0,405.069
782.897,0,467.999
700.262,0,294.415
130
571.5,0,-418.5
708.157,0,215.341
700.785,0,255.341
724.537,0,247.014
756.478,0,254.524
780.113,0,238.221
685.107,0,271.528
777.07,0,573.358
770.167,0,645.264
717.868,0,334.874
773.444,0,326.081
782.453,0,397.754
694.116,0,343.201
734.833,0,406.431
783.506,0,469.544
701.487,0,303.201
131
577.5,0,-418.5
714.877,0,223.809
707.621,0,263.942
723.393,0,255.665
763.172,0,254.969
786.899,0,246.552
683.894,0,272.359
776.726,0,574.781
770.17,0,654.908
716.837,0,335.792
772.527,0,334.817
781.743,0,406.667
693.109,0,344.208
741.964,0,407.363
774.907,0,470.797
708.321,0,303.936
132
582.5,0,-418.5
716.915,0,222.1
704.446,0,263.196
728.231,0,261.168
752.016,0,259.141
775.8,0,257.113
689.945,0,280.445
771.189,0,577.765
769.359,0,649.979
718.472,0,334.058
774.648,0,337.276
780.745,0,408.815
695.365,0,344.034
741.104,0,412.194
778.238,0,473.08
707.834,0,302.939
133
588.5,0,-419
720.446,0,230.656
715.924,0,271.188
731.099,0,261.862
763.493,0,267.122
787.277,0,265.089
692.821,0,281.192
773.527,0,571.373
764.485,0,652.438
722.056,0,342.927
778.234,0,346.154
783.685,0,409.922
698.954,0,352.931
744.726,0,421.281
781.208,0,474.367
711.403,0,311.721
134
592.5,0,-418.5
721.598,0,230.797
717.069,0,271.325
732.883,0,269.984
757.281,0,275.945
789.585,0,281.235
694.699,0,289.278
774.375,0,571.557
765.317,0,652.612
723.826,0,351.039
779.176,0,346.347
785.258,0,418.09
700.105,0,353.05
737.815,0,422.111
774.173,0,475.23
712.541,0,311.852
135
598.5,0,-417.5
722.667,0,238.827
717.924,0,279.33
741.022,0,269.47
766.021,0,283.534
790.386,0,289.624
694.826,0,289.19
772.374,0,563.912
754.978,0,645.546
723.626,0,351.104
779.634,0,354.68
785.336,0,426.453
700.528,0,360.964
745.149,0,421.621
773.316,0,475.56
713.181,0,319.833
136
604.5,0,-417.5
728.845,0,237.992
716.595,0,279.262
740.37,0,277.114
773.508,0,290.185
798.002,0,296.004
694.261,0,297.345
697.141,0,329.215
758.355,0,653.02
723.794,0,358.937
787.912,0,361.176
793.671,0,424.917
707.945,0,360.369
746.123,0,429.213
774.936,0,482.838
720.915,0,327.067
137
609.5,0,-417.5
728.302,0,246.54
724.632,0,287.158
740.456,0,285.471
773.802,0,298.005
799.235,0,311.383
701.744,0,297.645
763.936,0,580.645
754.899,0,645.972
733.116,0,366.707
788.501,0,360.8
796.137,0,432.394
709.38,0,369.239
748.664,0,437.457
778.34,0,490.61
720.962,0,327.777
138
614.5,0,-417
733.815,0,247.065
720.248,0,287.921
744.078,0,286.536
777.244,0,308.65
801.539,0,315.253
697.345,0,305.278
768.723,0,573.59
757.475,0,654.379
732.83,0,367.325
788.436,0,364.095
792.611,0,435.974
709.464,0,376.696
744.949,0,438.742
779.971,0,492.802
723.031,0,335.84
139
620.5,0,-417
736.381,0,255.132
724.572,0,296.422
748.321,0,294.014
774.484,0,315.416
799.843,0,328.882
701.627,0,306.767
768.569,0,572.606
752.867,0,654.382
732.619,0,375.79
788.838,0,378.108
795.276,0,441.603
709.674,0,386.135
747.778,0,446.419
777.16,0,499.569
721.484,0,344.845
140
625.5,0,-417
735.693,0,258.074
724.655,0,299.306
748.353,0,296.437
775.859,0,325.024
801.461,0,337.882
709.808,0,309.083
764.925,0,565.723
741.123,0,369.125
734.176,0,377.945
790.423,0,379.115
798.992,0,449.89
718.377,0,379.858
750.644,0,447.764
773.107,0,500.899
730.367,0,346.49
141
628.5,0,-418
737.983,0,270.82
733.158,0,311.318
749.024,0,310.081
782.621,0,331.536
799.73,0,346.251
709.981,0,321.148
761.603,0,573.901
746.685,0,382.482
738.752,0,383.1
794.905,0,386.748
800.499,0,458.53
715.575,0,392.93
752.901,0,462.24
773.118,0,516.834
728.333,0,351.815
142
631.5,0,-418.5
746.251,0,277.938
733.346,0,311.265
749.193,0,309.802
784.563,0,346.707
801.88,0,361.176
711.047,0,329.392
765.539,0,573.416
748.388,0,647.305
740.7,0,390.926
796.899,0,393.772
802.782,0,457.501
717.666,0,401.087
755.978,0,469.856
769.049,0,524.888
729.835,0,359.793
143
635.5,0,-418.5
742.124,0,277.863
739.963,0,318.533
755.714,0,316.256
785.054,0,352.372
804.233,0,373.813
710.749,0,338.899
760.786,0,573.808
747.447,0,648.379
743.517,0,398.733
800.929,0,406.577
808.929,0,461.92
721.035,0,410.055
753.803,0,469.889
761.804,0,525.232
731.071,0,368.247
144
639.5,0,-418.5
747.179,0,283.33
742.318,0,323.421
758.184,0,322.186
785.056,0,359.807
810.083,0,373.744
719.134,0,333.168
761.366,0,568.157
743.712,0,648.957
740.53,0,402.986
805.223,0,413.836
808.909,0,461.204
725.278,0,412.115
745.445,0,466.143
757.065,0,512.894
738.072,0,371.407
145
642.5,0,-418.5
748.657,0,294.121
736.495,0,327.682
761.122,0,332.893
789.397,0,369.847
807.031,0,383.903
714.604,0,346.279
763.854,0,565.762
743.791,0,391.17
746.527,0,414.978
803.685,0,424.491
809.157,0,472.107
722.812,0,417.703
753.823,0,478.466
759.294,0,526.082
741.967,0,375.298
146
645.5,0,-418.5
749.462,0,298.023
745.157,0,330.389
761.868,0,336.444
782.18,0,373.962
808.597,0,394.843
723.242,0,348.834
711.932,0,389.97
745.354,0,402.081
746.254,0,409.947
804.292,0,427.209
816.698,0,465.631
731.343,0,419.621
754.355,0,480.735
750.951,0,520.966
742.653,0,378.485
147
650.5,0,-419.5
751.13,0,296.808
748.664,0,337.342
764.051,0,341.402
786.698,0,380.326
813.408,0,403.848
719.487,0,354.354
717.02,0,394.888
750.417,0,642.57
751.425,0,420.44
947.691,0,612.255
750.122,0,518.938
734.005,0,424.08
752.588,0,478.405
757.815,0,520.969
744.165,0,385.577
148
654.5,0,-420.5
755.665,0,302.924
742.464,0,343.899
766.816,0,350.284
785.372,0,389.129
810.795,0,411.477
719.717,0,361.461
714.99,0,409.886
725.606,0,449.264
748.353,0,431.702
751.566,0,479.594
676.457,0,548.776
732.475,0,432.767
744.162,0,488.109
754.778,0,527.487
745.676,0,391.791
149
658.5,0,-420.5
754.266,0,311.44
750.095,0,344.006
767.764,0,357.959
788.233,0,395.638
815.67,0,424.477
728.253,0,362.619
718.045,0,411.935
722.709,0,451.478
760.355,0,431.001
950.553,0,617.052
746.908,0,520.791
736.648,0,433.797
751.079,0,488.225
755.743,0,527.768
747.789,0,392.39
150
659.5,0,-420.5
762.067,0,311.191
748.075,0,351.904
772.3,0,358.758
790.481,0,405.946
815.848,0,436.774
724.993,0,369.022
719.33,0,417.346
729.182,0,456.922
759.832,0,431.434
793.147,0,461.883
803.38,0,509.45
735.988,0,432.57
746.982,0,496.119
756.453,0,527.704
750.36,0,399.849
151
662.5,0,-420.5
763.345,0,318.135
751.258,0,351.722
768.923,0,365.736
789.378,0,403.552
809.832,0,441.367
729.409,0,370.367
727.084,0,418.894
723.83,0,459.488
760.555,0,431.057
788.913,0,467.946
747.074,0,521.104
736.847,0,433.835
751.258,0,488.444
754.977,0,520.178
748.934,0,400.249
152
666.5,0,-419.5
772.767,0,318.236
756.304,0,355.097
771.828,0,358.595
786.415,0,402.453
749.733,0,637.612
737.299,0,367.042
726.858,0,413.374
725.919,0,453.734
771.691,0,431.592
943.929,0,608.347
973.101,0,696.063
746.664,0,434.066
750.008,0,491.619
752.549,0,516.534
755.365,0,395.456
153
669.5,0,-420.5
765.347,0,318.412
762.156,0,359.07
778.901,0,365.14
784.554,0,412.807
804.125,0,442.71
731.492,0,370.763
721.341,0,420.303
718.15,0,460.961
772.519,0,446.458
757.293,0,520.768
,,
748.814,0,449.269
754.467,0,496.935
758.235,0,528.712
759.907,0,407.673
154
674.5,0,-419.5
772.709,0,321.263
762.949,0,351.427
783.221,0,366.316
788.602,0,401.379
801.554,0,438.892
740.488,0,369.151
728.288,0,406.856
721.219,0,454.551
776.402,0,439.084
941.518,0,600.805
754.443,0,506.954
751.251,0,439.277
756.883,0,499.413
757.133,0,524.485
763.45,0,401.572
155
676,0,-419
775.113,0,321.87
761.629,0,354.731
778.691,0,369.369
781.076,0,401.036
791.992,0,440.021
739.018,0,372.358
726.131,0,413.136
721.774,0,461.233
776.123,0,441.216
757.09,0,506.342
750.348,0,522.773
752.32,0,443.009
756.494,0,498.425
750.348,0,522.773
765.803,0,410.148
156
680,0,-419
773.518,0,326.691
768.48,0,359.278
785.051,0,365.81
780.735,0,406.365
792.268,0,445.484
738.226,0,378.084
725.985,0,419.357
713.744,0,460.629
776.419,0,446.919
758.419,0,512.812
974.574,0,694.051
752.645,0,449.073
756.975,0,496.877
759.14,0,520.779
764.886,0,407.8
157
685,0,-419
774.717,0,320.144
769.749,0,360.498
786.166,0,367.279
781.198,0,407.632
791.468,0,438.86
738.683,0,370.796
726.39,0,419.69
712.92,0,452.676
775.641,0,440.033
777.998,0,471.847
977.691,0,696.969
751.899,0,441.791
756.024,0,497.466
757.791,0,521.327
765.37,0,408.805
158
688,0,-418
780.286,0,321.596
767.299,0,354.611
792.503,0,368.245
787.441,0,400.541
790.304,0,432.119
744.956,0,372.555
724.761,0,414.182
719.699,0,446.478
782.379,0,432.837
778.032,0,473.028
981.763,0,693.341
758.606,0,434.992
754.974,0,483.077
757.121,0,506.761
763.668,0,402.696
159
689,0,-418.5
776.518,0,322.382
771.349,0,354.713
788.583,0,369.15
783.414,0,401.48
786.173,0,433.119
748.948,0,372.606
727.926,0,406.318
715.52,0,447.249
778.246,0,433.81
773.768,0,474.05
615.57,0,400.175
754.465,0,435.884
758.603,0,483.342
752.745,0,507.763
767.56,0,402.862
160
693,0,-418.5
782.446,0,317.945
770.196,0,359.215
794.69,0,365.034
789.645,0,397.62
784.6,0,430.206
747.862,0,377.298
726.967,0,411.316
713.998,0,444.618
785.32,0,438.174
619.615,0,549.538
613.862,0,397.438
761.546,0,440.322
757.221,0,480.876
751.456,0,505.495
766.591,0,407.736
161
696,0,-417.5
786.395,0,314.506
775.62,0,352.711
796.439,0,366.832
789.974,0,389.754
789.012,0,422.478
755.993,0,363.673
727.746,0,405.199
716.971,0,443.403
779.199,0,427.959
783.74,0,470.484
972.54,0,680.459
761.727,0,431.28
766.268,0,473.805
757.648,0,504.368
770.348,0,400.716
162
698,0,-418
793.289,0,316.197
777.162,0,353.399
791.051,0,364.515
793.822,0,389.51
787.144,0,420.608
750.483,0,363.936
734.356,0,401.139
718.228,0,438.341
785.474,0,428.382
771.016,0,457.81
604.873,0,397.731
762.135,0,423.37
759.897,0,471.688
753.219,0,502.787
776.593,0,393.943
163
700,0,-418.5
792.744,0,316.525
779.439,0,346.393
793.748,0,356.946
796.118,0,389.557
790.651,0,420.797
751.825,0,365.707
729.315,0,402.013
723.848,0,433.253
790.651,0,420.797
930.645,0,590.179
970.475,0,685.69
765.771,0,424.491
757.57,0,471.351
752.103,0,502.59
771.238,0,393.252
164
704,0,-417.5
788.403,0,318.764
776.971,0,352.58
793.822,0,358.335
790.274,0,391.071
794.609,0,422.728
754.405,0,363.733
735.09,0,398.629
723.658,0,432.445
787.809,0,431.722
777.462,0,473.452
598.904,0,401.153
763.075,0,427.047
761.695,0,475.612
749.179,0,501.513
774.507,0,393.231
165
704,0,-418
790.373,0,310.699
779.207,0,352.159
795.941,0,358.229
791.751,0,390.842
795.463,0,422.529
756.427,0,362.859
728.528,0,398.249
724.337,0,430.862
787.561,0,423.455
777.323,0,472.837
,,
763.852,0,426.232
760.589,0,466.767
748.496,0,500.306
775.945,0,392.694
166
707,0,-418
790.681,0,306.624
781.954,0,345.417
797.48,0,348.909
798.262,0,381.69
799.043,0,414.47
755.174,0,355.695
738.685,0,392.741
722.195,0,429.787
789.535,0,420.482
788.571,0,461.021
965.792,0,688.364
764.501,0,423.002
763.537,0,463.54
748.793,0,492.828
773.227,0,384.209
167
709,0,-418.5
790.749,0,305.448
781.621,0,344.27
797.071,0,347.903
797.493,0,380.777
797.915,0,413.651
754.795,0,354.35
737.942,0,391.356
728.814,0,430.178
788.365,0,419.599
786.961,0,460.238
785.558,0,500.876
763.365,0,421.915
761.961,0,462.553
746.934,0,491.795
772.493,0,383.093
168
711,0,-418.5
792.668,0,305.596
780.94,0,339.044
798.75,0,352.711
802.804,0,384.121
806.859,0,415.531
758.279,0,349.952
730.767,0,385.437
727.944,0,425.718
783.184,0,418.587
788.252,0,457.85
961.722,0,682.941
758.496,0,413.791
764.578,0,460.906
,,
779.13,0,387.177
169
711,0,-417.5
794.629,0,308.382
783.629,0,334.836
802.317,0,347.336
800.662,0,380.04
806.812,0,411.204
753.941,0,348.79
736.673,0,384.576
728.749,0,426.611
783.393,0,415.826
791.082,0,454.78
577.47,0,399.809
758.436,0,412.658
767.663,0,459.403
585.276,0,398.268
777.242,0,384.663
170
715,0,-417.5
796.521,0,307.036
784.529,0,337.704
799.286,0,347.668
803.076,0,380.378
814.758,0,414.109
758.805,0,350.485
738.922,0,380.131
733.796,0,419.742
783.193,0,410.025
785.958,0,450.657
956.583,0,682.163
758.494,0,414.883
770.176,0,448.614
796.615,0,492.31
779.403,0,377.315
171
716,0,-417.5
791.453,0,304.375
783.564,0,339.232
800.919,0,343.238
808.492,0,374.329
816.065,0,405.42
754.533,0,354.537
737.02,0,383.504
729.131,0,418.361
785.141,0,412.953
786.876,0,453.699
788.612,0,494.446
760.055,0,410.829
771.414,0,457.465
,,
777.568,0,381.862
172
717,0,-416.5
796.713,0,298.418
781.896,0,336.415
805.4,0,340.582
815.484,0,374.869
941.764,0,665.374
755.598,0,348.003
742.177,0,378.122
735.195,0,417.508
784.997,0,410.088
795.08,0,444.374
795.932,0,485.149
761.492,0,405.921
778.014,0,449.474
795.932,0,485.149
774.913,0,375.801
173
719,0,-417.5
792.726,0,300.687
780.471,0,331.057
804.115,0,334.343
815.505,0,367.998
821.199,0,384.826
762.522,0,344.598
742.387,0,373.873
736.921,0,413.204
786.395,0,404.044
788.81,0,444.47
949.535,0,675.281
762.751,0,400.758
780.928,0,443.375
799.106,0,485.992
775.005,0,370.388
174
718,0,-416
797.549,0,294.625
784.274,0,324.468
806.432,0,336.367
816.674,0,370.306
936.445,0,656.448
758.039,0,335.976
743.405,0,373.621
736.61,0,412.631
786.362,0,405.22
788.765,0,437.793
789.809,0,478.169
762.845,0,401.123
780.926,0,436.428
797.648,0,479.535
776.12,0,371.281
175
721,0,-416
791.871,0,298.829
787.395,0,330.42
803.152,0,332.653
814.433,0,366.476
932.835,0,665.226
761.523,0,342.867
741.29,0,372.226
735.695,0,411.716
785.203,0,402.617
787.486,0,443.223
789.77,0,483.828
768.327,0,408.283
779.608,0,442.106
797.648,0,484.944
781.801,0,369.909
176
721,0,-415
797.991,0,298.13
783.597,0,327.747
806.952,0,332.684
815.913,0,367.238
932.662,0,661.359
756.938,0,338.442
740.892,0,375.874
742.069,0,408.782
784.298,0,401.379
791.607,0,443.749
791.131,0,484.473
767.076,0,405.904
776.037,0,440.458
791.131,0,484.473
783.122,0,368.471
177
725,0,-413
792.868,0,298.817
788.392,0,330.408
804.149,0,332.64
815.429,0,366.464
925.953,0,664.098
763.638,0,334.957
742.287,0,372.214
744.57,0,412.82
786.2,0,402.605
788.483,0,443.211
790.767,0,483.816
762.565,0,399.257
772.727,0,440.978
790.767,0,483.816
782.797,0,369.897
178
727,0,-412.5
798.075,0,293.343
784.858,0,323.309
807.042,0,335.175
810.853,0,360.006
928.518,0,662.254
766.487,0,336.274
744.084,0,372.722
746.552,0,405.38
788.451,0,396.454
788.232,0,444.768
789.357,0,485.255
763.581,0,400.244
780.39,0,443.422
798.543,0,478.773
778.141,0,362.45
179
731,0,-410.5
797.151,0,291.505
783.637,0,329.805
799.391,0,332.058
810.636,0,365.851
920.84,0,663.235
766.756,0,335.438
745.366,0,372.613
748.733,0,405.28
789.245,0,403.026
791.485,0,443.579
785.849,0,483.005
765.614,0,399.647
775.732,0,441.326
793.726,0,484.131
778.001,0,369.232
180
737,0,-408.5
801.28,0,293.493
783.391,0,328.937
800.457,0,333.93
798.231,0,366.561
916.952,0,667.559
759.896,0,333.155
743.409,0,376.405
749.016,0,407.63
788.175,0,400.599
773.089,0,451.655
,,
764.679,0,404.817
771.688,0,443.848
,,
782.568,0,369.374
181
737,0,-408
795.96,0,290.786
787.512,0,325.383
863.42,0,479.653
880.404,0,590.151
917.13,0,679.818
766.004,0,338.446
742.038,0,376.575
750.875,0,415.408
789.668,0,406.58
775.229,0,450.709
,,
772.384,0,402.344
775.229,0,450.709
,,
780.832,0,367.747
182
739,0,-408
795.772,0,294.448
784.149,0,328.156
860.153,0,479.077
883.627,0,596.673
908.756,0,665.779
769.41,0,338.138
742.009,0,373.919
747.204,0,413.463
794.539,0,407.244
,,
,,
769.832,0,402.445
,,
1004.85,0,419.841
781.455,0,368.737
183
740,0,-407
797.462,0,295.833
785.553,0,329.352
802.319,0,335.303
873.865,0,590.943
907.272,0,666.967
762.832,0,340.162
743.026,0,374.653
755.78,0,413.151
787.37,0,409.264
,,
,,
770.604,0,403.313
,,
,,
782.513,0,369.794
184
741,0,-407
838.722,0,359.301
811.291,0,436.465
858.403,0,476.969
878.084,0,594.636
906.901,0,670.456
762.842,0,339.737
744.546,0,375.053
751.107,0,414.275
819.237,0,628.671
,,
,,
760.365,0,614.326
,,
,,
790.42,0,552.851
185
744,0,-407
835.959,0,363.954
800.638,0,442.181
854.263,0,473.389
866.027,0,591.953
902.645,0,666.183
767.946,0,343.188
749.631,0,378.393
754.861,0,409.66
824.169,0,631.096
,,
,,
757.463,0,618.147
,,
,,
787.55,0,556.867
186
746,0,-407
833.433,0,357.521
799.371,0,443.27
852.971,0,474.331
871.206,0,583.354
901.23,0,666.389
766.742,0,344.66
748.408,0,379.747
753.618,0,410.897
813.632,0,625.004
,,
,,
756.092,0,618.618
,,
,,
784.911,0,549.756
187
747,0,-406
834.282,0,363.454
795.274,0,439.946
850.189,0,472.381
863.058,0,592.098
898.894,0,671.61
726.017,0,479.123
708.636,0,561.524
698.181,0,640.008
811.54,0,630.312
,,
,,
750.548,0,619.456
750.906,0,700.895
,,
786.517,0,553.754
188
747,0,-406
822.837,0,354.006
806.884,0,440.04
849.475,0,472.208
861.917,0,579.686
894.356,0,666.603
727.77,0,473.911
752.997,0,381.507
705.139,0,639.608
814.097,0,619.36
1034.04,0,611.601
,,
759.332,0,609.205
1034.04,0,611.601
,,
786.581,0,549.537
189
744,0,-405.5
820.918,0,354.781
806.444,0,432.844
849.043,0,464.967
861.52,0,572.252
892.54,0,666.826
725.899,0,474.432
711.424,0,552.496
704.773,0,632.01
813.717,0,611.837
1032.19,0,611.973
,,
757.505,0,609.488
,,
,,
786.179,0,542.133
190
744,0,-404.5
828.678,0,359.564
801.316,0,437.141
847.155,0,470.03
857.783,0,581.808
887.996,0,665.977
726.796,0,473.939
752.838,0,388.472
698.255,0,640.935
808.126,0,622.558
,,
,,
758.399,0,614.653
,,
,,
787.081,0,544.967
191
742,0,-404.5
823.666,0,354.006
801.285,0,431.065
843.86,0,463.322
856.229,0,571.188
888.614,0,658.403
728.506,0,474.417
706.125,0,551.476
699.391,0,631.437
800.553,0,609.59
1017.61,0,617.354
,,
753.611,0,600.886
,,
,,
780.904,0,540.979
192
742,0,-406
824.306,0,352.343
796.921,0,429.785
842.747,0,462.599
853.341,0,574.168
884.844,0,666.048
723.71,0,474.413
712.022,0,549.23
701.65,0,631.923
804.991,0,622.734
,,
,,
753.952,0,606.983
,,
,,
782.653,0,537.416
193
745,0,-404.5
820.88,0,356.293
798.528,0,433.199
841.111,0,465.41
854.97,0,565.241
878.107,0,658.687
727.221,0,468.608
703.416,0,553.349
704.534,0,634.607
805.682,0,612.837
1016.36,0,611.376
,,
750.916,0,602.682
1016.36,0,611.376
,,
779.64,0,535.063
194
743,0,-403.5
822.575,0,352.098
800.362,0,428.248
842.987,0,460.232
849.192,0,557.705
880.306,0,651.769
727.701,0,470.963
705.488,0,547.113
706.747,0,627.614
806.386,0,613.982
1009.17,0,611.449
,,
753.059,0,596.067
1009.17,0,611.449
,,
780.218,0,536.889
195
744,0,-404.5
816.721,0,356.539
797.047,0,431.847
833.647,0,457.733
842.725,0,560.24
874.044,0,651.025
722.473,0,468.326
704.101,0,551.418
700.123,0,624.101
572.024,0,533.5
,,
,,
752.455,0,599.344
,,
,,
781.279,0,530.508
196
746,0,-403
820.326,0,355.219
792.92,0,432.539
830.887,0,466.597
846.667,0,560.939
870.294,0,653.968
726.234,0,467.938
707.991,0,551.806
704.13,0,625.188
807.469,0,615.985
,,
,,
748.588,0,601.588
,,
,,
778.623,0,539.993
197
745,0,-403
821.485,0,353.714
791.448,0,428.413
834.074,0,460.397
848.102,0,559.32
872.831,0,644.174
728.05,0,464.818
705.837,0,540.968
707.096,0,621.469
798.911,0,606.387
1009.52,0,605.304
,,
744.146,0,596.232
,,
,,
780.567,0,530.744
198
745,0,-403
815.752,0,347.938
791.916,0,432.844
834.491,0,465.099
841.949,0,555.807
872.879,0,650.868
720.593,0,468.341
706.036,0,546.847
708.582,0,620.403
799.009,0,612.809
1009.7,0,611.274
,,
745.699,0,594.804
1009.7,0,611.274
,,
772.992,0,534.901
199
746,0,-403
812.252,0,355.783
789.871,0,432.838
832.446,0,465.093
846.273,0,565.103
870.834,0,650.862
726.372,0,469.786
703.992,0,546.841
706.538,0,620.398
796.965,0,612.803
1007.66,0,611.268
,,
751.479,0,596.249
,,
,,
770.948,0,534.895
200
746,0,-401.5
811.977,0,353.151
792.417,0,429.142
829.068,0,455.332
838.311,0,558.825
869.783,0,650.52
725.729,0,464.536
706.17,0,540.527
702.306,0,613.893
799.111,0,613.861
,,
,,
749.394,0,606.017
506.026,0,549.763
,,
778.116,0,536.573
201
745,0,-399.5
811.975,0,353.071
792.416,0,429.062
829.066,0,455.252
838.309,0,558.745
871.096,0,658.3
725.728,0,464.456
706.168,0,540.447
711.467,0,620.36
797.795,0,605.921
,,
,,
748.077,0,598.077
,,
,,
776.8,0,528.633
