data/BP_videos/10.MOV
0
-516.5,0,-408.5
508.182,0,328.588
508.182,0,352.412
492.545,0,360.353
484.727,0,384.176
500.364,0,392.118
516,0,352.412
531.636,0,368.294
516,0,368.294
500.364,0,400.059
492.545,0,431.824
484.727,0,463.588
516,0,400.059
523.818,0,431.824
539.455,0,463.588
508.182,0,376.235
1
-516.5,0,-408.5
509.913,0,325.652
509.913,0,349.13
494.261,0,356.957
486.435,0,380.435
494.261,0,388.261
517.739,0,356.957
525.565,0,364.783
517.739,0,372.609
494.261,0,396.087
494.261,0,427.391
478.609,0,458.696
509.913,0,396.087
517.739,0,427.391
533.391,0,458.696
502.087,0,372.609
2
-516.5,0,-408.5
504.312,0,328.599
506.905,0,351.934
492.213,0,361.44
478.385,0,378.725
495.67,0,392.553
515.547,0,358.848
524.19,0,365.761
516.412,0,366.626
495.67,0,392.553
492.213,0,432.308
479.249,0,457.372
511.226,0,390.825
515.547,0,429.716
534.561,0,459.1
501.719,0,376.132
3
-516.5,0,-408.5
506.104,0,332.603
506.321,0,348.428
490.778,0,356.555
483.278,0,380.399
491.32,0,396.116
514.255,0,356.233
522.297,0,371.951
514.471,0,372.058
491.32,0,396.116
491.754,0,427.765
476.537,0,459.629
506.971,0,395.902
515.23,0,427.444
531.423,0,466.791
506.754,0,380.077
4
-516.5,0,-410
502.412,0,327.611
504.973,0,350.949
490.268,0,360.436
484.197,0,376.848
493.683,0,391.553
513.607,0,357.874
522.24,0,364.8
514.46,0,365.654
494.537,0,399.333
490.173,0,431.304
477.175,0,456.349
510.096,0,397.625
513.511,0,428.743
533.338,0,465.932
499.755,0,375.141
5
-516.5,0,-410
504.908,0,329.995
504.941,0,353.995
488.951,0,362.017
480.973,0,378.028
488.995,0,394.017
520.94,0,353.973
520.962,0,369.973
512.962,0,369.984
496.995,0,394.006
489.049,0,434.017
473.081,0,458.038
504.995,0,393.995
521.049,0,433.973
529.092,0,465.962
504.973,0,377.995
6
-516.5,0,-410
506.828,0,326.394
500.307,0,350.838
492.81,0,359.311
478.305,0,384.243
495.252,0,399.236
516.766,0,357.846
525.727,0,373.328
517.742,0,373.816
495.252,0,399.236
489.219,0,431.665
474.714,0,456.597
503.237,0,398.748
513.175,0,430.2
531.586,0,469.149
501.772,0,374.793
7
-517.5,0,-410
500.546,0,327.98
502.987,0,351.353
488.054,0,360.789
481.808,0,377.194
492.123,0,399.744
511.675,0,358.322
521.177,0,373.081
520.363,0,365.29
491.309,0,391.953
487.504,0,431.73
474.198,0,456.748
507.057,0,390.308
519,0,428.44
530.129,0,458.781
497.555,0,375.549
8
-517.5,0,-410
504.556,0,328.493
497.154,0,352.408
489.41,0,360.494
482.007,0,384.409
490.264,0,400.068
513.154,0,359.981
521.411,0,375.64
513.325,0,367.896
490.264,0,400.068
490.947,0,431.727
475.63,0,455.813
506.093,0,399.726
514.692,0,431.215
523.29,0,462.703
497.666,0,376.153
9
-517.5,0,-410.5
498.15,0,334.949
499.544,0,350.553
484.636,0,359.749
478.925,0,383.853
488.121,0,398.761
508.043,0,357.659
517.239,0,372.567
509.437,0,373.263
488.121,0,398.761
483.803,0,438.469
469.592,0,455.467
503.725,0,397.367
514.315,0,427.879
524.904,0,458.392
494.529,0,382.459
10
-516.5,0,-411
499.681,0,335.091
500.51,0,358.576
484.963,0,366.963
477.604,0,382.899
486.068,0,398.277
508.422,0,358.297
516.886,0,373.675
516.886,0,373.675
486.068,0,398.277
487.45,0,437.419
464.267,0,453.914
501.892,0,397.718
510.909,0,428.753
519.926,0,459.788
493.427,0,382.341
11
-517.5,0,-410
495.145,0,335.88
497.266,0,359.284
482.371,0,368.5
475.983,0,384.81
485.199,0,399.705
512.869,0,357.87
522.084,0,372.766
514.283,0,373.473
485.199,0,399.705
488.734,0,438.712
466.744,0,456.436
500.801,0,398.291
511.431,0,428.79
522.061,0,459.288
491.586,0,383.395
12
-514.5,0,-410
497.767,0,335.084
498.565,0,358.57
483.006,0,366.937
475.893,0,390.692
492.249,0,405.812
506.477,0,358.301
522.833,0,373.421
514.921,0,373.69
484.071,0,398.252
485.401,0,437.396
462.197,0,453.861
499.895,0,397.714
508.871,0,428.761
517.847,0,459.807
491.451,0,382.326
13
-513.5,0,-410
492.145,0,334.824
495.014,0,366.026
487.13,0,366.751
473.515,0,391.602
482.833,0,406.478
510.781,0,364.576
512.215,0,380.177
512.215,0,380.177
482.116,0,398.677
485.702,0,437.68
463.487,0,455.455
497.883,0,397.228
508.635,0,427.704
520.105,0,465.982
488.565,0,382.352
14
-510.5,0,-410
495.968,0,342.932
496.766,0,366.419
481.109,0,366.951
474.078,0,390.703
490.268,0,405.829
504.595,0,366.153
512.956,0,381.544
512.956,0,381.544
482.439,0,406.095
483.503,0,437.41
460.549,0,453.866
497.83,0,397.734
506.723,0,428.783
515.616,0,459.832
489.47,0,382.342
15
-510.5,0,-411
500.104,0,345.909
493.851,0,362.27
479.031,0,371.607
473.549,0,395.764
482.886,0,410.584
510.213,0,368.524
519.55,0,383.343
510.984,0,376.319
482.115,0,402.789
478.175,0,442.536
456.331,0,460.44
497.706,0,401.247
508.585,0,431.657
511.669,0,462.838
488.369,0,386.427
16
-509.5,0,-411
493.609,0,344.83
497.855,0,368.198
482.44,0,370.998
471.271,0,397.166
481.809,0,411.344
505.562,0,366.798
517.514,0,388.765
508.392,0,382.376
480.394,0,403.555
479.762,0,443.901
458.056,0,455.891
495.808,0,400.755
509.176,0,430.511
514.836,0,461.668
492.978,0,385.176
17
-508.5,0,-411
498.497,0,345.818
492.864,0,369.968
484.984,0,370.725
479.351,0,394.875
488.73,0,409.712
508.625,0,368.453
518.004,0,383.291
510.124,0,384.048
480.101,0,402.672
475.967,0,442.416
453.824,0,460.283
495.861,0,401.157
506.739,0,431.59
509.736,0,462.78
494.363,0,385.563
18
-506.5,0,-412.5
492.127,0,345.231
496.456,0,368.329
481.058,0,371.215
477.689,0,395.756
488.274,0,409.711
505.599,0,374.585
516.185,0,388.54
514.741,0,380.841
479.132,0,403.455
470.95,0,444.838
449.296,0,456.867
494.53,0,400.569
508.003,0,429.922
506.077,0,462.163
491.644,0,385.17
19
-508.5,0,-412
496.671,0,345.918
498.854,0,369.316
483.089,0,370.786
477.388,0,394.92
486.726,0,409.784
506.736,0,368.581
516.073,0,383.445
508.191,0,384.18
478.116,0,402.719
473.87,0,442.452
450.95,0,452.457
493.881,0,401.249
512.555,0,430.977
507.582,0,462.91
492.426,0,385.65
20
-508.5,0,-412.5
496.749,0,343.841
493.449,0,368.391
485.754,0,369.856
474.758,0,395.871
485.383,0,409.797
510.304,0,373.157
520.929,0,387.082
511.769,0,380.852
476.223,0,403.567
466.692,0,437.277
446.537,0,457.062
493.078,0,408.332
505.168,0,429.952
503.333,0,462.198
490.148,0,392.942
21
-507.5,0,-412
502.506,0,346.065
499.228,0,370.645
483.687,0,373.673
480.41,0,398.253
491.176,0,412.117
506.999,0,369.131
517.765,0,382.995
509.995,0,384.509
474.137,0,407.455
472.358,0,439.724
450.543,0,451.954
489.678,0,404.428
511.211,0,432.156
509.431,0,464.425
486.683,0,389.05
22
-506.5,0,-412.5
503.993,0,348.174
494.171,0,368.297
486.685,0,370.872
479.439,0,398.481
487.165,0,420.939
511.719,0,370.632
516.869,0,385.604
516.869,0,385.604
474.528,0,408.542
467.282,0,436.151
449.974,0,458.849
489.5,0,403.392
507.287,0,430.761
502.616,0,465.856
491.836,0,385.844
23
-505.5,0,-414
498.13,0,342.828
499.162,0,367.578
484.518,0,373.147
478.228,0,400.681
483.797,0,415.325
509.268,0,372.115
514.837,0,386.759
512.052,0,379.437
478.228,0,400.681
464.616,0,431
448.22,0,453.997
488.334,0,405.218
506.794,0,431.721
503.289,0,466.577
490.087,0,387.79
24
-506.5,0,-414
499.172,0,341.334
497.202,0,366.027
481.992,0,369.783
480.022,0,394.476
485.657,0,417.29
506.685,0,371.753
518.046,0,385.085
510.441,0,386.963
481.9,0,402.081
464.721,0,430.53
445.663,0,451.374
491.383,0,407.807
504.623,0,428.743
496.926,0,462.919
493.354,0,383.114
25
-505.5,0,-414
496.473,0,346.685
493.329,0,371.256
485.643,0,372.77
482.5,0,397.341
487.041,0,420.398
508.7,0,368.228
511.728,0,383.599
513.242,0,391.285
474.814,0,398.855
465.498,0,432.625
445.469,0,452.538
491.699,0,403.512
505.441,0,432.741
496.125,0,466.511
488.671,0,388.141
26
-504.5,0,-414
499.506,0,339.51
497.432,0,364.194
482.206,0,367.887
481.978,0,400.183
485.67,0,415.409
506.89,0,369.961
518.195,0,383.34
510.583,0,385.186
474.365,0,402.03
466.525,0,436.173
445.533,0,449.324
491.437,0,405.95
506.434,0,434.555
496.747,0,461.085
487.745,0,390.725
27
-504.5,0,-414
496.684,0,344.185
494.959,0,368.896
487.373,0,370.849
478.062,0,397.514
483.922,0,420.271
510.13,0,364.989
515.991,0,387.746
508.405,0,389.7
472.429,0,407.053
472.658,0,439.35
449.9,0,445.211
487.601,0,403.146
503.001,0,431.536
495.643,0,465.786
491.28,0,386.021
28
-502.5,0,-415
493.742,0,342.981
492.389,0,367.715
484.833,0,369.782
475.924,0,396.584
482.127,0,419.251
507.5,0,363.58
513.702,0,386.246
513.702,0,386.246
470.436,0,406.207
471.151,0,438.497
448.484,0,444.699
487.615,0,409.628
493.818,0,432.294
486.977,0,466.652
488.968,0,384.893
29
-502.5,0,-415
494.893,0,339.127
492.421,0,364.04
484.7,0,365.789
476.257,0,400.172
489.227,0,421.585
509.612,0,368.261
514.861,0,391.424
507.14,0,393.173
476.257,0,400.172
469.564,0,442.276
454.122,0,445.775
485.727,0,406.143
500.447,0,435.277
490.254,0,461.939
489.949,0,388.952
30
-503.5,0,-416
495.363,0,335.44
494.426,0,368.048
479.115,0,371.371
476.499,0,396.243
481.537,0,419.452
502.081,0,366.386
514.774,0,387.934
507.119,0,389.595
470.523,0,405.641
469.586,0,438.249
454.276,0,441.572
485.834,0,402.317
492.552,0,433.263
483.96,0,467.533
482.474,0,386.844
31
-502.5,0,-416.5
493.068,0,343.236
491.185,0,367.935
475.989,0,371.745
474.105,0,396.445
479.82,0,419.239
506.381,0,364.125
512.096,0,386.92
510.191,0,379.321
468.412,0,405.948
476.032,0,436.34
460.836,0,440.15
483.609,0,402.138
493.134,0,440.129
481.747,0,459.135
487.397,0,385.036
32
-503.5,0,-417.5
497.272,0,340.383
495.997,0,365.148
480.752,0,369.424
471.855,0,396.327
478.202,0,418.954
503.619,0,363.009
509.967,0,385.636
509.967,0,385.636
466.348,0,406.008
474.811,0,436.176
457.45,0,432.911
481.593,0,401.731
492.171,0,439.442
473.536,0,460.941
484.984,0,384.508
33
-500.5,0,-418
490.077,0,338.147
490.829,0,363.171
475.965,0,368.626
469.285,0,396.378
477.468,0,418.673
500.989,0,367.875
513.876,0,380.011
509.172,0,390.171
464.581,0,406.537
475.492,0,436.265
468.06,0,438.993
482.172,0,408.514
485.651,0,440.969
476.243,0,461.288
481.421,0,383.49
34
-499.5,0,-419
493.808,0,337.782
491.611,0,362.482
476.218,0,366.187
466.324,0,392.74
479.521,0,413.735
501.141,0,368.245
512.505,0,381.623
504.808,0,383.476
468.157,0,400.356
477.324,0,438.435
467.794,0,432.672
485.384,0,404.266
485.021,0,436.582
467.43,0,464.988
479.884,0,381.419
35
-496.5,0,-421
490.206,0,340.484
488.695,0,365.446
473.547,0,369.446
464.462,0,396.408
476.078,0,409.717
503.842,0,361.447
509.905,0,384.41
502.331,0,386.41
466.483,0,404.063
482.141,0,432.68
465.482,0,461.642
481.631,0,400.063
482.141,0,432.68
459.42,0,438.679
477.589,0,384.754
36
-495.5,0,-421
488.675,0,340.69
486.978,0,365.43
471.663,0,369.446
460.321,0,388.617
471.953,0,401.763
502.294,0,361.414
515.913,0,382.137
498.61,0,378.576
464.295,0,403.771
481.888,0,439.649
462.889,0,460.827
481.598,0,407.332
472.244,0,434.08
462.599,0,428.511
475.637,0,384.6
37
-494.5,0,-421
485.669,0,336.703
483.594,0,361.387
468.369,0,365.079
456.836,0,383.997
469.986,0,404.989
498.82,0,357.695
504.358,0,380.533
494.899,0,374.767
462.374,0,406.835
483.137,0,425.981
460.07,0,463.816
469.986,0,404.989
475.524,0,427.827
460.299,0,431.519
472.061,0,380.305
38
-491.5,0,-422
484.564,0,334.467
475.922,0,361.574
468.381,0,363.697
450.053,0,385.308
461.885,0,398.425
485.607,0,367.071
504.979,0,378.065
491.002,0,357.328
464.031,0,406.045
478.008,0,426.783
460.782,0,423.409
471.571,0,403.922
467.22,0,446.27
456.431,0,465.757
474.819,0,386.558
39
-490.5,0,-423
479.258,0,334.347
477.072,0,359.022
461.83,0,362.645
450.211,0,381.51
461.456,0,394.94
494.125,0,363.019
503.558,0,368.829
486.505,0,364.831
455.646,0,404.373
476.323,0,423.613
453.086,0,461.343
470.888,0,400.75
476.323,0,423.613
445.465,0,463.155
467.265,0,385.508
40
-488.5,0,-424
481.913,0,333.55
472.08,0,360.248
464.454,0,362.036
445.187,0,382.815
456.428,0,396.443
489.14,0,364.38
498.574,0,370.3
489.14,0,364.38
458.234,0,404.15
477.101,0,415.99
465.462,0,434.981
465.861,0,402.363
465.462,0,434.981
448.002,0,463.468
469.874,0,385.159
41
-484.5,0,-424.5
483.441,0,333.129
474.655,0,360.068
459.427,0,364.408
446.347,0,376.281
458.255,0,389.178
489.882,0,355.729
501.789,0,368.626
484.415,0,365.432
454.935,0,406.414
482.069,0,414.972
465.669,0,444.081
470.162,0,402.075
463.522,0,436.548
444.975,0,458.124
463.721,0,379.475
42
-482.5,0,-425.5
473.571,0,334.416
472.67,0,359.435
455.247,0,356.302
444.519,0,375.956
456.577,0,388.916
487.861,0,354.972
499.92,0,367.932
482.497,0,364.799
458.809,0,396.512
480.695,0,414.836
464.602,0,444.317
468.636,0,401.876
460.139,0,429.126
436.451,0,460.839
469.537,0,376.857
43
-478.5,0,-427
470.578,0,326.132
466.403,0,350.79
459.849,0,359.794
437.806,0,371.153
455.674,0,384.452
483.082,0,356.262
492.016,0,362.911
476.527,0,365.266
458.054,0,400.105
475.923,0,413.404
464.004,0,439.239
465.799,0,398.928
453.88,0,424.763
435.407,0,459.602
462.229,0,375.447
44
-476.5,0,-427
473.33,0,325.196
468.219,0,349.461
452.495,0,351.315
438.605,0,368.727
448.301,0,383.359
483.944,0,347.607
493.64,0,362.239
477.916,0,364.093
457.998,0,397.991
475.556,0,411.697
463.5,0,444.668
465.86,0,397.065
452.887,0,422.257
432.969,0,456.155
463.108,0,373.726
45
-475.5,0,-428
468.243,0,325.846
464.164,0,350.279
448.689,0,352.718
435.653,0,370.633
445.83,0,384.889
479.64,0,347.839
489.817,0,362.095
474.342,0,364.535
456.007,0,399.145
473.922,0,412.181
432.374,0,450.45
471.483,0,396.706
473.922,0,412.181
463.325,0,445.572
467.824,0,373.492
46
-473.5,0,-429
462.513,0,326.039
466.172,0,349.253
450.697,0,351.692
437.661,0,369.607
447.838,0,383.863
473.91,0,348.033
484.087,0,362.289
468.612,0,364.728
449.057,0,391.601
468.192,0,412.375
465.333,0,444.546
465.753,0,396.899
446.198,0,423.772
426.644,0,450.644
462.094,0,373.686
47
-470.5,0,-430.5
462.504,0,322.471
464.259,0,345.905
449.055,0,354.899
434.436,0,371.704
443.5,0,386.736
480.048,0,344.723
481.803,0,368.157
473.323,0,360.937
451.98,0,393.956
469.524,0,416.208
424.496,0,451.001
467.769,0,392.774
469.524,0,416.208
463.969,0,448.045
458.119,0,369.931
48
-465.5,0,-431.5
458.521,0,321.71
460.295,0,345.393
445.097,0,354.47
430.49,0,371.442
439.567,0,386.64
476.675,0,352.105
485.752,0,367.303
469.963,0,368.486
448.053,0,393.943
466.207,0,424.339
460.677,0,456.508
463.842,0,392.761
442.523,0,426.112
420.022,0,443.675
462.659,0,376.971
49
-460.5,0,-433
460.407,0,321.124
454.286,0,345.399
439.088,0,354.476
432.376,0,370.856
442.044,0,393.948
470.666,0,352.111
479.743,0,367.309
471.849,0,367.9
449.939,0,393.357
468.093,0,423.753
463.154,0,463.817
465.728,0,392.175
444.409,0,425.527
421.908,0,443.09
456.06,0,369.082
50
-456.5,0,-435
452.147,0,321.201
453.921,0,344.885
438.889,0,353.949
425.04,0,378.803
434.034,0,394.007
470.135,0,351.609
471.909,0,375.293
463.506,0,367.983
449.657,0,392.837
460.424,0,431.725
454.978,0,463.888
457.468,0,392.252
444.802,0,432.895
414.738,0,451.024
456.286,0,376.463
51
-451.5,0,-435
448.411,0,323.116
450.185,0,346.8
434.987,0,355.877
428.866,0,380.152
437.943,0,395.35
466.565,0,353.512
476.233,0,376.604
468.339,0,377.196
445.838,0,394.758
456.688,0,433.64
451.75,0,473.704
461.627,0,393.576
440.899,0,434.822
417.807,0,444.491
452.55,0,378.378
52
-444.5,0,-435
451.573,0,319.114
446.097,0,350.972
431.047,0,359.961
424.985,0,384.001
433.974,0,399.052
461.733,0,349.801
471.308,0,372.67
464.075,0,381.073
441.792,0,398.466
452.538,0,436.971
447.062,0,468.829
449.61,0,397.881
444.72,0,437.557
414.033,0,447.717
447.854,0,374.426
53
-438.5,0,-435
445.607,0,321.099
447.949,0,352.371
432.898,0,361.36
419.018,0,385.985
428.593,0,408.854
463.585,0,351.2
473.16,0,374.069
465.341,0,374.654
435.825,0,400.451
446.571,0,438.956
441.68,0,478.632
451.462,0,399.28
446.571,0,438.956
415.884,0,449.116
441.887,0,376.411
54
-433.5,0,-436
443.574,0,318.026
445.94,0,349.63
430.73,0,358.714
417.295,0,391.502
426.971,0,414.613
462.334,0,356.347
472.01,0,379.459
464.109,0,380.05
434.28,0,406.12
445.14,0,445.033
431.705,0,477.82
450.082,0,404.937
444.548,0,437.132
413.536,0,447.4
448.307,0,381.234
55
-428.5,0,-435
445.448,0,326.601
439.263,0,351.131
424.502,0,368.282
418.317,0,392.812
428.087,0,416.147
463.793,0,357.317
472.966,0,372.674
465.585,0,381.25
435.467,0,407.572
438.454,0,447.461
432.866,0,479.969
451.422,0,406.377
445.835,0,438.886
414.521,0,449.253
441.652,0,383.042
56
-419.5,0,-435
437.882,0,321.68
440.272,0,353.59
424.914,0,362.763
418.729,0,387.293
429.096,0,418.606
456.825,0,360.373
465.997,0,375.731
466.595,0,383.709
427.902,0,402.651
439.464,0,449.92
425.898,0,483.025
443.857,0,401.456
446.844,0,441.345
415.531,0,451.712
442.064,0,377.523
57
-412.5,0,-434
436.002,0,324.438
430.636,0,356.93
415.721,0,366.069
409.757,0,390.583
419.306,0,413.935
446.745,0,363.745
463.452,0,378.539
447.94,0,379.701
418.111,0,397.98
421.695,0,445.845
416.329,0,478.337
441.976,0,404.215
445.561,0,452.081
414.537,0,454.404
432.428,0,380.862
58
-409.5,0,-433.5
436.269,0,331.718
430.256,0,355.568
415.325,0,364.485
401.555,0,388.915
418.81,0,411.022
446.349,0,362.162
463.023,0,376.512
455.267,0,377.093
417.648,0,395.509
421.133,0,442.046
407.944,0,474.232
433.741,0,402.104
444.401,0,440.303
422.295,0,457.558
431.998,0,378.836
59
-395.5,0,-433.5
429.355,0,329.807
431.148,0,353.74
416.233,0,362.879
403.111,0,395.952
419.818,0,410.745
447.257,0,360.556
456.208,0,375.931
448.452,0,376.511
411.464,0,403.349
414.452,0,443.237
401.329,0,476.309
434.732,0,401.606
445.476,0,440.913
423.402,0,458.611
425.782,0,386.232
60
-389.5,0,-432.5
430.009,0,330.136
431.751,0,353.404
416.82,0,362.321
395.294,0,387.332
420.305,0,408.858
440.088,0,360.579
456.762,0,374.929
449.006,0,375.51
411.387,0,393.927
407.116,0,441.044
393.928,0,473.23
427.48,0,400.521
445.897,0,438.139
423.79,0,455.394
425.738,0,377.253
61
-385.5,0,-432.5
430.745,0,326.523
424.732,0,350.373
409.8,0,359.29
396.031,0,383.72
413.286,0,405.827
440.825,0,356.967
457.498,0,371.317
458.079,0,379.073
412.705,0,398.071
408.434,0,445.188
386.908,0,470.198
428.217,0,396.909
446.633,0,434.527
424.527,0,451.782
419.299,0,381.978
62
-378.5,0,-432.5
423.767,0,327.527
425.51,0,350.796
410.578,0,359.713
396.809,0,384.143
413.483,0,398.494
441.603,0,357.39
435.589,0,381.239
428.414,0,389.576
405.727,0,399.075
400.875,0,438.436
379.93,0,471.202
428.995,0,397.332
446.83,0,427.195
425.305,0,452.205
419.496,0,374.645
63
-369.5,0,-432.5
428.831,0,325.54
430.574,0,348.808
415.199,0,357.759
393.009,0,382.819
410.126,0,397.137
439.132,0,355.966
440.294,0,371.479
441.456,0,386.991
410.707,0,404.893
405.052,0,436.514
375.465,0,469.928
426.662,0,403.698
443.779,0,418.015
438.125,0,449.637
424.919,0,380.43
64
-363.5,0,-432.5
416.057,0,329
418.563,0,353.468
404.384,0,359.865
389.512,0,383.64
406.197,0,401.71
428.852,0,357.359
421.069,0,377.935
420.377,0,395.313
399.108,0,404.909
390.633,0,442.863
368.672,0,469.837
423.575,0,402.403
443.459,0,427.563
431.786,0,458.427
413.98,0,381.134
65
-356.5,0,-432.5
424.096,0,318.799
415.668,0,348.747
406.074,0,354.127
392.266,0,374.481
403.027,0,393.669
432.749,0,345.474
433.915,0,370.041
435.081,0,394.609
403.027,0,393.669
392.492,0,431.103
366.984,0,464.325
418.001,0,397.882
399.979,0,433.21
388.278,0,446.077
416.834,0,373.315
66
-347.5,0,-432.5
414.231,0,316.189
416.554,0,347.213
409.158,0,355.567
386.967,0,380.627
404.665,0,402.7
417.135,0,354.969
410.9,0,378.835
420.62,0,401.505
404.665,0,402.7
391.033,0,434.919
368.843,0,459.98
420.62,0,401.505
391.033,0,434.919
384.217,0,451.029
418.878,0,378.237
67
-340.5,0,-432.5
416.463,0,318.838
417.63,0,343.406
398.442,0,354.166
392.121,0,376.627
400.774,0,403.302
432.603,0,347.62
424.176,0,377.568
419.962,0,392.541
395.394,0,393.708
384.86,0,431.143
363.565,0,449.39
417.855,0,400.028
392.347,0,433.25
371.052,0,451.497
409.202,0,373.354
68
-333.5,0,-431.5
417.054,0,319.095
410.733,0,341.556
399.032,0,354.423
383.118,0,382.264
399.258,0,411.046
425.707,0,345.77
,,
410.959,0,398.179
393.878,0,401.452
383.343,0,438.887
364.155,0,449.647
410.959,0,398.179
400.424,0,435.613
371.642,0,451.754
409.792,0,373.611
69
-326.5,0,-431.5
,,
,,
389.216,0,354.481
384.632,0,382.147
397.426,0,410.506
,,
,,
411.606,0,404.108
387.138,0,406.614
385.753,0,441.37
357.394,0,454.164
404.516,0,407.307
421.201,0,425.377
430.797,0,446.646
402.01,0,382.84
70
-318.5,0,-432
409.583,0,324.21
412.856,0,341.291
393.668,0,352.051
385.24,0,381.999
393.894,0,408.674
410.749,0,348.778
,,
,,
388.514,0,399.08
385.466,0,438.622
353.411,0,437.681
,,
385.466,0,438.622
360.898,0,439.788
402.321,0,378.726
71
-311.5,0,-431
401.564,0,322.118
404.838,0,339.199
393.137,0,352.066
384.709,0,382.014
390.089,0,391.607
,,
,,
,,
387.982,0,399.094
379.555,0,429.042
,,
,,
,,
,,
,,
72
-303.5,0,-432.5
,,
,,
,,
,,
,,
,,
,,
,,
,,
,,
,,
,,
,,
,,
,,
73
-293.5,0,-430
,,
,,
,,
,,
,,
,,
,,
,,
,,
,,
,,
,,
,,
,,
,,
74
-287.5,0,-430
,,
,,
,,
,,
,,
,,
,,
,,
,,
,,
,,
,,
,,
,,
,,
75
-278.5,0,-430
,,
,,
,,
,,
,,
,,
,,
,,
,,
,,
,,
,,
,,
,,
,,
76
-269.5,0,-431
,,
,,
,,
,,
,,
,,
,,
,,
,,
,,
,,
,,
,,
,,
,,
77
-262.5,0,-431
,,
,,
,,
,,
,,
,,
,,
,,
,,
,,
,,
,,
,,
,,
,,
78
-254.5,0,-430.5
,,
,,
,,
,,
,,
,,
,,
,,
,,
,,
,,
,,
,,
,,
,,
79
-244.5,0,-427.5
,,
,,
,,
,,
,,
,,
,,
,,
,,
,,
,,
,,
,,
,,
,,
80
-235.5,0,-428.5
,,
,,
,,
,,
,,
,,
,,
,,
,,
,,
,,
,,
,,
,,
,,
81
-227.5,0,-428.5
,,
,,
,,
,,
,,
,,
,,
,,
,,
,,
,,
,,
,,
,,
,,
82
-217.5,0,-428.5
,,
,,
,,
,,
,,
,,
,,
,,
,,
,,
,,
,,
,,
,,
,,
83
-210.5,0,-428.5
,,
,,
,,
,,
,,
,,
,,
,,
,,
,,
,,
,,
,,
,,
,,
84
-200.5,0,-427.5
,,
,,
,,
,,
,,
,,
,,
,,
,,
,,
,,
,,
,,
,,
,,
85
-191.5,0,-426.5
,,
,,
,,
,,
,,
,,
,,
,,
,,
,,
,,
,,
,,
,,
,,
86
-181.5,0,-427.5
,,
,,
,,
169.192,0,321.039
,,
,,
,,
,,
,,
,,
,,
,,
,,
,,
,,
87
-172.5,0,-428.5
,,
,,
,,
,,
,,
,,
,,
,,
,,
,,
,,
,,
,,
,,
,,
88
-166.5,0,-424.5
,,
,,
,,
,,
,,
,,
,,
,,
,,
,,
,,
,,
,,
,,
,,
89
-158.5,0,-425.5
,,
,,
,,
,,
,,
,,
,,
,,
,,
,,
,,
,,
,,
,,
,,
90
-144.5,0,-424.5
,,
,,
,,
,,
,,
,,
,,
,,
,,
,,
,,
,,
,,
,,
,,
91
-139.5,0,-424.5
,,
,,
,,
,,
,,
,,
,,
,,
,,
,,
,,
,,
,,
,,
,,
92
-129.5,0,-424.5
,,
,,
,,
,,
,,
,,
,,
,,
,,
,,
,,
,,
,,
,,
,,
93
-119.5,0,-424.5
,,
,,
,,
,,
,,
,,
,,
,,
,,
,,
,,
,,
,,
,,
,,
94
-109.5,0,-426.5
,,
,,
,,
,,
,,
,,
,,
,,
,,
,,
,,
,,
,,
,,
,,
95
-99.5,0,-426.5
,,
,,
,,
,,
,,
,,
,,
,,
,,
,,
,,
,,
,,
,,
,,
96
-93.5,0,-423.5
,,
,,
,,
,,
,,
,,
,,
,,
,,
,,
,,
,,
,,
,,
,,
97
-79.5,0,-422.5
,,
,,
,,
,,
,,
,,
,,
,,
,,
,,
,,
,,
,,
,,
,,
98
-71.5,0,-421.5
,,
,,
,,
,,
,,
,,
,,
,,
,,
,,
,,
,,
,,
,,
,,
99
-60.5,0,-424.5
,,
,,
,,
,,
,,
,,
,,
,,
,,
,,
,,
,,
,,
,,
,,
100
-47.5,0,-423.5
,,
,,
,,
,,
,,
,,
,,
,,
,,
,,
,,
,,
,,
,,
,,
101
-41.5,0,-424.5
,,
,,
,,
,,
,,
,,
,,
,,
,,
,,
145.502,0,371.478
,,
,,
148.7,0,378.567
,,
102
-29.5,0,-424
,,
,,
,,
,,
,,
,,
,,
,,
,,
,,
,,
,,
,,
,,
,,
103
-20.5,0,-422
,,
,,
,,
,,
,,
,,
,,
,,
,,
,,
,,
,,
,,
,,
,,
104
-8.5,0,-421
,,
,,
,,
,,
,,
,,
,,
,,
,,
,,
,,
,,
,,
,,
,,
105
2.5,0,-420.5
,,
,,
,,
,,
,,
,,
,,
,,
,,
,,
,,
,,
,,
,,
,,
106
6.5,0,-422.5
,,
,,
,,
,,
,,
,,
,,
,,
,,
,,
,,
,,
,,
,,
,,
107
21.5,0,-422.5
,,
,,
,,
,,
,,
,,
,,
,,
,,
,,
,,
,,
,,
,,
,,
108
32.5,0,-421
,,
,,
,,
,,
,,
,,
,,
,,
,,
,,
,,
,,
,,
,,
,,
109
43.5,0,-420
,,
,,
,,
103.311,0,275.306
105.054,0,298.574
,,
,,
105.054,0,298.574
,,
108.539,0,345.11
,,
,,
,,
,,
,,
110
54.5,0,-419
,,
,,
,,
,,
,,
,,
,,
,,
,,
,,
,,
,,
,,
,,
,,
111
64.5,0,-419
,,
,,
,,
,,
,,
,,
,,
,,
,,
,,
,,
,,
,,
,,
,,
112
75.5,0,-418
,,
,,
,,
,,
,,
,,
,,
,,
,,
,,
,,
,,
,,
,,
,,
113
82.5,0,-418
,,
,,
,,
,,
,,
,,
,,
,,
,,
,,
,,
,,
,,
,,
,,
114
96.5,0,-418
,,
,,
,,
,,
,,
,,
,,
,,
,,
,,
,,
,,
,,
,,
,,
115
107.5,0,-417
,,
,,
,,
,,
,,
,,
,,
,,
,,
,,
,,
,,
,,
,,
,,
116
114.5,0,-417
,,
,,
,,
,,
,,
,,
,,
,,
,,
,,
,,
,,
,,
,,
,,
117
128.5,0,-416
,,
,,
,,
,,
100.516,0,275.267
,,
,,
,,
,,
,,
,,
,,
,,
,,
,,
118
139,0,-413.5
,,
,,
,,
,,
,,
,,
,,
,,
,,
,,
,,
,,
,,
,,
,,
119
148,0,-413.5
,,
,,
,,
,,
,,
,,
,,
,,
,,
,,
,,
,,
,,
,,
,,
120
165.5,0,-409.5
,,
,,
,,
,,
,,
,,
126.321,0,362.563
126.321,0,362.563
,,
127.36,0,327.964
,,
,,
,,
,,
,,
121
174.5,0,-410.5
,,
,,
124.219,0,333.933
112.792,0,364.686
133.204,0,372.542
,,
,,
140.211,0,369.381
122.388,0,385.955
,,
,,
139.601,0,386.722
,,
,,
137.013,0,362.291
122
181.5,0,-409.5
137.87,0,302.403
123.657,0,326.866
108.283,0,335.817
102.048,0,359.683
126.561,0,365.646
140.193,0,333.427
141.936,0,356.695
150.494,0,363.854
119.745,0,381.756
115.834,0,436.646
111.341,0,483.78
135.701,0,380.561
131.789,0,435.451
126.716,0,474.829
125.98,0,357.89
123
190.5,0,-409.5
119.122,0,303.211
114.335,0,327.623
98.731,0,329.633
87.1476,0,362.852
111.559,0,367.639
123.143,0,334.42
126.158,0,357.826
127.164,0,365.628
105.768,0,384.249
105.002,0,439.869
94.4239,0,480.89
121.372,0,382.238
120.606,0,437.859
110.028,0,478.88
110.554,0,359.837
124
202.5,0,-408.5
106.931,0,302.638
94.4451,0,328.042
78.9436,0,330.039
75.2138,0,362.246
91.7205,0,368.051
110.952,0,333.846
106.217,0,358.252
114.973,0,365.055
93.7309,0,383.655
85.266,0,440.268
75.7959,0,489.078
109.232,0,381.658
100.768,0,438.271
98.0429,0,478.28
98.466,0,359.25
125
209.5,0,-410.5
99.0251,0,295.418
87.3979,0,329.18
71.6817,0,331.205
60.0545,0,364.967
84.6511,0,369.865
96.2783,0,336.102
99.3451,0,359.905
108.226,0,366.827
78.8375,0,386.746
78.1353,0,443.299
68.5526,0,492.931
102.412,0,383.709
93.8515,0,441.274
83.2466,0,482.971
83.6289,0,361.93
126
216.5,0,-410.5
81.0476,0,294.713
69.5732,0,327.967
54.0717,0,329.964
50.3481,0,362.22
66.8563,0,368.037
78.3307,0,334.783
81.3511,0,358.225
90.1086,0,365.041
68.8699,0,383.665
60.4158,0,440.362
50.955,0,489.244
84.3714,0,381.668
75.9173,0,438.365
73.2005,0,478.434
73.6003,0,359.224
127
232,0,-406
66.0255,0,298.094
59.8695,0,329.959
44.3891,0,330.738
38.2332,0,362.603
61.8499,0,369.303
67.6098,0,329.569
68.7979,0,353.176
77.3303,0,368.524
54.9018,0,385.43
49.934,0,440.901
36.83,0,488.894
70.3822,0,384.651
65.0183,0,432.253
59.6545,0,479.856
53.3175,0,353.955
128
243.5,0,-403
58.478,0,293.912
44.2058,0,325.764
28.7175,0,326.367
22.1894,0,357.917
45.7259,0,364.825
52.2539,0,333.275
53.166,0,356.712
61.2141,0,364.223
38.5898,0,380.751
32.9737,0,435.738
27.0537,0,482.913
54.382,0,387.961
48.462,0,435.136
42.2379,0,474.498
45.4218,0,357.013
129
279,0,-397
42.7219,0,294.438
31.3636,0,327.735
8.11258,0,330.818
4.50463,0,363.088
28.7913,0,367.815
40.1496,0,334.518
43.2564,0,357.949
52.0423,0,364.732
23.1121,0,384.464
22.611,0,440.164
13.3239,0,489.082
38.6128,0,382.408
30.3613,0,439.137
27.789,0,479.216
27.7557,0,360.005
130
290.5,0,-399
27.4151,0,297.006
16.3789,0,330.27
1.17989,0,332.296
-2.25682,0,364.547
13.9829,0,370.332
25.0191,0,337.067
27.1004,0,352.687
36.7813,0,367.294
8.46476,0,386.964
7.10944,0,434.835
12.3129,0,473.884
23.6637,0,384.938
22.3084,0,432.81
13.3536,0,481.694
12.9422,0,362.522
131
297,0,-405
11.8643,0,302.348
7.16879,0,326.775
-0.518863,0,327.756
,,
,,
8.16616,0,334.591
10.1609,0,350.222
19.8433,0,364.871
-0.227569,0,391.261
5.75664,0,438.153
,,
15.1477,0,389.299
5.75664,0,438.153
11.7409,0,485.046
3.47061,0,359.018
132
304,0,-404
,,
,,
,,
,,
118.489,0,355.754
,,
,,
-1.36098,0,361.757
,,
0.215551,0,393.232
,,
,,
0.215551,0,393.232
2.18622,0,432.577
,,
133
308,0,-405.5
,,
,,
,,
,,
,,
,,
,,
,,
,,
,,
,,
,,
,,
,,
,,
134
314.5,0,-408.5
,,
,,
,,
,,
,,
,,
,,
,,
,,
,,
,,
,,
,,
,,
,,
135
329,0,-405.5
,,
,,
,,
,,
,,
,,
,,
,,
,,
,,
,,
,,
,,
,,
,,
136
355,0,-404.5
,,
,,
,,
,,
,,
,,
,,
,,
,,
,,
,,
,,
,,
,,
,,
137
367,0,-402.5
,,
,,
,,
,,
,,
,,
,,
,,
,,
,,
,,
,,
,,
,,
,,
138
384,0,-402
,,
,,
162.401,0,280.405
,,
,,
,,
,,
,,
,,
,,
,,
,,
,,
,,
,,
139
396,0,-405.5
,,
,,
,,
,,
,,
,,
,,
,,
,,
,,
,,
,,
,,
,,
,,
140
405.5,0,-405.5
,,
,,
,,
,,
,,
,,
,,
,,
,,
,,
,,
,,
,,
,,
,,
141
415,0,-407.5
,,
,,
,,
,,
,,
,,
,,
,,
,,
,,
,,
,,
,,
,,
,,
142
425,0,-407.5
,,
,,
,,
,,
,,
,,
,,
,,
,,
,,
,,
,,
,,
,,
,,
143
441,0,-405.5
,,
,,
,,
,,
,,
,,
,,
,,
,,
,,
,,
,,
,,
,,
,,
144
455,0,-405.5
,,
,,
,,
,,
,,
,,
,,
,,
,,
,,
,,
,,
,,
,,
,,
145
468,0,-405.5
,,
,,
,,
,,
,,
,,
,,
,,
,,
,,
,,
,,
,,
,,
,,
146
486.5,0,-406
,,
,,
,,
,,
,,
,,
,,
,,
,,
,,
,,
,,
,,
,,
,,
147
495,0,-407.5
,,
,,
,,
,,
,,
,,
,,
,,
,,
,,
,,
,,
,,
,,
,,
148
504.5,0,-406.5
,,
,,
,,
,,
,,
,,
,,
,,
,,
,,
,,
,,
,,
,,
,,
149
530.5,0,-406
,,
,,
,,
,,
,,
,,
,,
,,
,,
,,
,,
,,
,,
,,
,,
150
538.5,0,-406
,,
,,
,,
,,
,,
,,
,,
,,
,,
,,
,,
,,
,,
,,
,,
151
550.5,0,-405.5
,,
,,
,,
,,
,,
,,
,,
,,
,,
,,
,,
,,
,,
,,
,,
152
564.5,0,-406
,,
,,
,,
,,
,,
,,
,,
,,
,,
,,
,,
,,
,,
,,
,,
153
582.5,0,-404
,,
,,
,,
,,
,,
,,
,,
,,
,,
,,
,,
,,
,,
,,
,,
154
591.5,0,-405.5
,,
,,
,,
,,
,,
,,
,,
,,
,,
,,
,,
,,
,,
,,
,,
155
604.5,0,-406.5
,,
,,
,,
,,
,,
,,
,,
,,
,,
,,
,,
,,
,,
,,
,,
156
618.5,0,-406.5
,,
,,
,,
,,
,,
,,
,,
,,
,,
,,
,,
,,
,,
,,
,,
157
633.5,0,-405.5
,,
,,
,,
,,
,,
,,
,,
,,
,,
,,
,,
,,
,,
,,
,,
158
645,0,-406.5
,,
,,
,,
,,
,,
,,
,,
,,
,,
,,
,,
,,
,,
,,
,,
159
655.5,0,-407.5
,,
,,
,,
,,
,,
,,
,,
,,
,,
,,
,,
,,
,,
,,
,,
160
681.5,0,-405.5
,,
,,
,,
,,
,,
,,
,,
,,
,,
,,
,,
,,
,,
,,
,,
161
687.5,0,-405.5
,,
,,
,,
,,
,,
,,
,,
,,
,,
,,
,,
,,
,,
,,
,,
162
708.5,0,-405.5
,,
,,
,,
,,
,,
,,
,,
,,
,,
,,
,,
,,
,,
,,
,,
163
714.5,0,-406.5
,,
,,
,,
,,
,,
,,
,,
,,
,,
,,
,,
,,
,,
,,
,,
164
732.5,0,-406
,,
,,
,,
,,
,,
,,
,,
,,
,,
,,
,,
,,
,,
,,
,,
165
740.5,0,-406
,,
,,
,,
,,
,,
,,
,,
,,
,,
,,
,,
,,
,,
,,
,,
166
762.5,0,-404.5
,,
,,
,,
,,
,,
,,
,,
,,
,,
,,
,,
,,
,,
,,
,,
167
767.5,0,-406.5
,,
,,
,,
,,
,,
,,
,,
,,
,,
,,
89.9527,0,339.319
,,
,,
,,
,,
168
787.5,0,-405.5
,,
,,
,,
,,
,,
,,
,,
,,
,,
,,
,,
,,
,,
,,
,,
169
796.5,0,-406.5
,,
,,
,,
,,
,,
,,
,,
,,
,,
,,
,,
,,
,,
,,
,,
170
813.5,0,-405
,,
,,
,,
,,
,,
,,
,,
,,
,,
,,
,,
,,
,,
,,
,,
171
820.5,0,-406.5
,,
,,
,,
,,
,,
,,
,,
,,
,,
,,
,,
,,
,,
,,
,,
172
839.5,0,-405
,,
,,
,,
,,
,,
,,
,,
,,
,,
,,
,,
,,
,,
,,
,,
173
843.5,0,-406.5
,,
,,
,,
,,
,,
,,
,,
,,
,,
,,
,,
,,
,,
,,
,,
174
866.5,0,-405.5
,,
,,
,,
,,
,,
,,
,,
,,
,,
,,
,,
,,
,,
,,
,,
175
872.5,0,-407.5
,,
,,
,,
,,
,,
,,
,,
,,
,,
,,
152.527,0,439.625
,,
,,
155.589,0,446.885
,,
176
893.5,0,-408.5
,,
,,
,,
,,
,,
,,
,,
,,
,,
148.75,0,404.738
139.209,0,442.965
,,
,,
139.209,0,442.965
,,
177
901,0,-410.5
,,
,,
,,
132,0,403.673
122.296,0,441.969
,,
,,
122.296,0,441.969
,,
,,
,,
,,
,,
,,
,,
178
921.5,0,-408
,,
,,
131.459,0,387.911
117.292,0,412.287
,,
139.527,0,395.396
,,
126.149,0,435.509
,,
116.898,0,404.418
103.125,0,436.662
,,
132.247,0,403.649
126.543,0,443.378
,,
179
931.5,0,-408.5
,,
,,
,,
105.784,0,407.723
98.8209,0,430.311
,,
123.289,0,404.875
,,
,,
105.784,0,407.723
96.4999,0,437.84
,,
125.61,0,397.346
,,
,,
180
950.5,0,-405.5
,,
,,
,,
,,
,,
,,
,,
,,
,,
131.217,0,424.444
118.651,0,412.326
,,
131.217,0,424.444
118.651,0,412.326
,,
181
958.5,0,-409
122.135,0,393.2
97.4254,0,393.827
89.9624,0,391.527
92.7835,0,408.886
124.956,0,410.559
97.4254,0,393.827
105.388,0,421.016
122.635,0,418.088
82.9995,0,414.114
75.5366,0,411.814
58.7897,0,439.63
90.4625,0,416.415
112.851,0,423.317
73.7157,0,444.231
92.7835,0,408.886
182
978.5,0,-408
,,
,,
,,
,,
,,
,,
,,
,,
,,
,,
,,
,,
,,
,,
,,
183
981.5,0,-409.5
,,
,,
,,
,,
,,
,,
,,
,,
,,
,,
,,
,,
,,
,,
,,
184
987.5,0,-410.5
,,
,,
,,
,,
,,
,,
,,
,,
,,
,,
,,
,,
,,
,,
,,
185
1002.5,0,-410
,,
,,
,,
,,
,,
,,
,,
,,
,,
,,
,,
,,
,,
,,
,,
186
1021.5,0,-409
,,
,,
,,
,,
,,
,,
,,
,,
,,
,,
,,
,,
,,
,,
,,
187
1036.5,0,-410.5
,,
,,
,,
,,
,,
,,
,,
,,
,,
,,
,,
,,
,,
,,
,,
188
1043.5,0,-413.5
,,
,,
,,
,,
13.2501,0,422.514
,,
,,
,,
,,
,,
,,
,,
,,
,,
,,
189
1063.5,0,-414.5
,,
,,
,,
,,
,,
,,
,,
,,
,,
,,
,,
,,
,,
,,
,,
190
1070.5,0,-417
,,
,,
,,
,,
,,
,,
,,
,,
,,
,,
,,
,,
,,
,,
,,
191
1082.5,0,-417.5
,,
,,
,,
,,
,,
,,
,,
,,
,,
,,
,,
,,
,,
,,
,,
192
1092.5,0,-420
,,
,,
,,
,,
,,
,,
,,
,,
,,
,,
,,
,,
,,
,,
,,
193
1102.5,0,-421
,,
,,
,,
,,
,,
,,
,,
,,
,,
,,
,,
,,
,,
,,
,,
194
1116.5,0,-420
,,
,,
,,
,,
,,
,,
,,
,,
,,
,,
,,
,,
,,
,,
,,
195
1124.5,0,-422
,,
,,
,,
,,
,,
,,
,,
,,
,,
,,
,,
,,
,,
,,
,,
196
1145.5,0,-420
,,
,,
,,
,,
,,
,,
,,
,,
,,
,,
,,
,,
,,
,,
,,
197
1149.5,0,-423
,,
,,
,,
,,
,,
,,
,,
,,
,,
,,
,,
,,
,,
,,
,,
198
1166.5,0,-422.5
,,
,,
,,
,,
,,
,,
,,
,,
,,
,,
,,
,,
,,
,,
,,
199
1170.5,0,-425.5
,,
,,
,,
,,
,,
,,
,,
,,
,,
,,
,,
,,
,,
,,
,,
200
1192.5,0,-426
,,
,,
,,
,,
,,
,,
,,
,,
,,
,,
,,
,,
,,
,,
,,
201
1196.5,0,-427
,,
,,
,,
,,
,,
,,
,,
,,
,,
,,
,,
,,
,,
,,
,,
202
1214.5,0,-426.5
,,
,,
,,
,,
,,
,,
,,
,,
,,
,,
,,
,,
,,
,,
,,
203
1219.5,0,-430
,,
,,
,,
,,
,,
,,
,,
,,
,,
,,
,,
,,
,,
,,
,,
204
1237.5,0,-429
,,
,,
,,
,,
,,
,,
,,
,,
,,
,,
,,
,,
,,
,,
,,
205
1242.5,0,-432
,,
,,
,,
,,
,,
,,
,,
,,
,,
,,
,,
,,
,,
,,
,,
206
1256.5,0,-433.5
,,
,,
,,
,,
,,
,,
,,
,,
,,
,,
,,
,,
,,
,,
,,
207
1263.5,0,-435.5
,,
,,
,,
,,
,,
,,
,,
,,
,,
,,
,,
,,
,,
,,
,,
208
1279.5,0,-435
,,
,,
,,
104.585,0,457.067
,,
,,
,,
,,
,,
,,
,,
,,
,,
,,
,,
209
1284.5,0,-437.5
,,
,,
,,
97.5875,0,459.222
,,
,,
,,
,,
,,
,,
,,
,,
,,
,,
,,
210
1301.5,0,-439
,,
,,
,,
,,
,,
,,
,,
,,
,,
,,
,,
,,
,,
,,
,,
211
1306.5,0,-441.5
,,
,,
,,
,,
213.288,0,413.043
,,
,,
213.288,0,413.043
,,
,,
,,
,,
,,
,,
,,
212
1321.5,0,-441
,,
,,
,,
,,
,,
,,
,,
,,
,,
,,
229.49,0,482.434
,,
,,
,,
,,
213
1327.5,0,-443.5
,,
,,
,,
,,
195.441,0,421.552
,,
,,
188.754,0,417.384
199.584,0,414.904
213.9,0,451.516
,,
199.584,0,414.904
,,
,,
,,
214
1343.5,0,-444
,,
190.542,0,375.037
190.542,0,375.037
181.713,0,401.967
185.248,0,419.214
,,
214.832,0,406.051
224.548,0,418.456
191.429,0,414.372
198.498,0,448.866
211.749,0,478.519
213.509,0,417.095
210.861,0,439.184
217.93,0,473.678
205.116,0,393.645
215
1348.5,0,-447
,,
192.386,0,373.082
175.048,0,376.653
172.284,0,398.833
169.52,0,421.013
197.244,0,379.284
211.818,0,397.893
220.152,0,421.388
186.858,0,417.441
193.811,0,452.027
202.145,0,475.522
204.196,0,413.87
204.909,0,453.342
202.145,0,475.522
189.622,0,395.261
216
1359.5,0,-448
183.076,0,351.324
191.352,0,374.865
169.039,0,372.325
159.861,0,399.529
168.136,0,423.07
202.508,0,376.135
210.784,0,399.676
207.903,0,421.947
174.435,0,418.137
181.27,0,452.814
194.404,0,482.558
191.889,0,414.475
198.725,0,449.151
194.404,0,482.558
188.471,0,397.136
217
1369.5,0,-451
170.101,0,359.135
175.048,0,380.99
153.248,0,386.176
158.195,0,408.03
156.456,0,425.718
192.634,0,382.564
197.581,0,404.419
202.528,0,426.273
167.355,0,423.125
174.776,0,455.907
182.196,0,488.689
178.255,0,420.532
178.989,0,449.147
182.196,0,488.689
169.095,0,405.437
218
1381.5,0,-451.5
158.559,0,373.857
161.103,0,384.672
178.619,0,386.359
144.53,0,411.264
142.93,0,428.727
150.273,0,387.153
181.162,0,397.174
188.792,0,429.619
153.76,0,426.247
161.39,0,458.692
169.02,0,491.138
164.59,0,423.766
165.533,0,452.044
169.02,0,491.138
159.503,0,402.136
219
1387.5,0,-452.5
156.078,0,356.76
156.812,0,385.375
139.226,0,383.801
133.273,0,408.249
131.533,0,425.936
174.398,0,386.949
179.345,0,408.804
184.292,0,430.659
142.433,0,423.343
149.853,0,456.125
163.96,0,493.074
160.019,0,424.917
164.966,0,446.772
168.173,0,486.314
155.072,0,403.063
220
1399.5,0,-453
152.383,0,354.99
142.22,0,386.193
131.321,0,388.785
118.684,0,409.063
123.632,0,430.915
159.806,0,387.769
164.754,0,409.621
169.702,0,431.474
134.531,0,428.323
141.953,0,461.102
149.376,0,493.881
145.43,0,425.731
161.277,0,444.992
158.803,0,434.066
140.482,0,403.879
221
1405.5,0,-454.5
139.365,0,363.151
133.622,0,387.263
122.792,0,389.743
110.362,0,409.687
111.306,0,437.965
151.138,0,388.949
156.225,0,410.579
157.168,0,438.858
126.279,0,428.837
133.909,0,461.282
141.539,0,493.728
137.109,0,426.356
148.882,0,452.153
141.539,0,493.728
127.879,0,411.374
222
1417.5,0,-454
127.834,0,362.34
122.04,0,386.42
111.261,0,388.932
101.324,0,419.659
99.6728,0,437.09
139.453,0,388.042
151.072,0,413.743
151.913,0,441.957
110.451,0,434.578
117.927,0,466.927
136.181,0,496.763
132.008,0,429.552
128.705,0,464.414
129.546,0,492.628
122.88,0,414.634
223
1425.5,0,-456
124.753,0,364.509
118.965,0,388.693
97.2752,0,393.704
91.4867,0,417.888
96.543,0,439.567
132.338,0,397.028
141.553,0,412.035
142.451,0,440.386
107.388,0,437.062
114.972,0,469.58
122.557,0,502.099
122.391,0,427.884
134.134,0,453.731
126.715,0,495.427
113.176,0,412.878
224
1434.5,0,-455.5
119.747,0,366.305
109.649,0,397.404
92.0801,0,395.802
86.1785,0,420.168
84.4729,0,437.801
127.218,0,399.005
132.199,0,420.805
137.18,0,442.605
95.3555,0,435.235
102.827,0,467.935
116.985,0,504.802
117.121,0,430.104
122.102,0,451.904
121.181,0,498.069
107.944,0,415.036
225
1441.5,0,-457.5
101.26,0,357.914
99.9357,0,390.345
84.7145,0,393.443
72.6363,0,411.983
77.3509,0,435.144
115.157,0,387.247
121.443,0,418.129
124.586,0,433.569
92.5721,0,432.046
98.8583,0,462.928
105.144,0,493.809
109.365,0,436.668
106.469,0,461.378
105.144,0,493.809
97.0397,0,415.056
226
1449.5,0,-458.5
93.2304,0,361.161
93.3205,0,384.798
77.7645,0,392.736
70.0616,0,416.402
70.1518,0,440.038
108.937,0,392.617
116.82,0,416.223
116.91,0,439.86
85.7078,0,432.1
85.828,0,463.615
93.7413,0,495.1
101.294,0,432.04
101.414,0,463.555
101.534,0,495.07
93.4107,0,408.434
227
1458.5,0,-459.5
86.7141,0,359.716
86.5948,0,390.989
70.8806,0,390.929
62.9341,0,414.353
62.8446,0,437.807
102.309,0,391.049
110.077,0,414.533
109.987,0,437.987
70.7315,0,430.019
78.4693,0,461.322
86.1773,0,500.442
94.3028,0,430.109
94.1835,0,461.382
94.0642,0,492.654
86.5053,0,414.443
228
1464.5,0,-461.5
76.0186,0,363.993
77.4154,0,387.406
61.9094,0,396.163
54.8548,0,412.248
48.2658,0,436.137
93.8526,0,394.257
103.235,0,417.194
104.632,0,440.607
64.2374,0,435.185
74.0856,0,465.925
83.9338,0,496.666
88.1948,0,433.755
82.0714,0,465.449
83.9338,0,496.666
78.8122,0,410.819
229
1477.5,0,-466
71.1478,0,369.019
71.0815,0,392.655
47.4278,0,392.589
39.4769,0,416.203
39.4107,0,439.839
86.8507,0,392.699
94.669,0,416.357
94.6028,0,439.994
55.1799,0,439.883
62.9761,0,471.42
70.7724,0,502.958
78.8336,0,439.95
78.7453,0,471.465
78.657,0,502.98
71.0153,0,416.291
230
1482.5,0,-466
57.3735,0,367.352
59.2111,0,398.814
43.7974,0,399.714
29.7619,0,424.211
31.1401,0,447.807
74.6248,0,397.914
83.7099,0,421.06
85.0881,0,444.656
46.0944,0,439.041
55.6389,0,470.052
65.1834,0,501.064
69.6744,0,445.556
63.8052,0,477.468
65.1834,0,501.064
60.5893,0,422.41
231
1488.5,0,-467.5
55.0506,0,369.137
47.098,0,392.72
31.4613,0,400.492
23.5087,0,424.075
23.3476,0,447.711
70.4187,0,400.758
70.2576,0,424.394
77.8879,0,448.083
38.9842,0,439.938
46.5609,0,471.506
54.0838,0,510.952
54.5672,0,440.045
54.3524,0,471.559
54.1375,0,503.074
46.8831,0,424.234
232
1498.5,0,-468.5
45.8842,0,366.491
41.7727,0,398.457
26.2946,0,400.264
13.5371,0,425.368
16.2578,0,448.664
57.2508,0,396.649
68.6175,0,426.807
62.6922,0,443.241
31.736,0,446.857
35.3636,0,477.918
46.7302,0,508.076
47.2141,0,445.049
50.8417,0,476.111
46.7302,0,508.076
36.7543,0,422.657
233
1503.5,0,-469.5
33.5372,0,375.067
35.4374,0,398.626
11.7999,0,400.533
5.82102,0,424.728
7.72129,0,448.288
51.8292,0,405.209
61.6087,0,428.133
55.6298,0,452.328
23.4796,0,447.017
33.8925,0,477.795
36.4262,0,509.208
39.238,0,445.746
41.7717,0,477.159
44.3054,0,508.572
29.4585,0,422.822
234
1513.5,0,-470.5
29.3016,0,373.088
30.2638,0,404.588
6.57486,0,405.312
-0.599808,0,429.178
0.121846,0,452.804
46.0564,0,404.106
46.7781,0,427.731
47.4997,0,451.356
15.6739,0,444.446
24.773,0,483.58
33.6315,0,514.84
31.7071,0,451.839
32.6693,0,483.339
33.391,0,506.965
23.0891,0,428.455
235
1518.5,0,-473.5
18.1211,0,375.098
19.8832,0,398.669
4.72504,0,407.703
-1.97298,0,424.005
-0.798221,0,439.719
36.2161,0,405.349
37.9782,0,428.919
39.7404,0,452.49
7.66192,0,446.987
10.0114,0,478.415
20.8211,0,517.11
23.9948,0,453.667
25.757,0,477.238
28.1065,0,508.665
14.3599,0,430.685
236
1525.5,0,-475.5
13.0941,0,376.215
13.8141,0,399.841
-1.30718,0,408.184
-0.587165,0,431.809
-0.107158,0,447.56
29.4154,0,407.248
30.1354,0,430.873
30.8554,0,454.499
0.132846,0,455.435
0.852857,0,479.06
17.4142,0,517.968
15.4941,0,454.967
16.4541,0,486.467
17.4142,0,517.968
7.09348,0,431.575
237
1533.5,0,-476.5
,,
,,
,,
,,
,,
,,
,,
,,
,,
,,
,,
7.65803,0,451.861
,,
3.93908,0,515.281
,,
238
1540.5,0,-478.5
,,
,,
14.4667,0,410.801
,,
17.5958,0,457.606
14.4667,0,410.801
16.0313,0,434.204
17.5958,0,457.606
1.32,0,450.859
3.92762,0,489.862
6.01372,0,521.065
1.32,0,450.859
3.40609,0,482.062
6.01372,0,521.065
0.276949,0,435.257
239
1546.5,0,-479.5
,,
,,
10.3646,0,410.233
19.04,0,437.36
12.4555,0,460.06
10.3646,0,410.233
11.4101,0,435.147
12.4555,0,460.06
,,
,,
,,
,,
,,
,,
,,
240
1552.5,0,-481.5
,,
,,
,,
3.76032,0,433.073
,,
,,
3.76032,0,433.073
4.80579,0,457.987
,,
,,
,,
,,
,,
,,
,,
241
1558.5,0,-482.5
,,
,,
,,
,,
,,
,,
,,
1.34857,0,467.408
,,
,,
,,
,,
,,
,,
,,
242
1564.5,0,-483.5
,,
,,
,,
,,
,,
,,
,,
,,
,,
,,
,,
,,
,,
,,
,,
243
1570.5,0,-484.5
,,
,,
,,
,,
,,
,,
,,
,,
,,
,,
,,
,,
,,
,,
,,
244
1576.5,0,-486.5
,,
,,
,,
,,
,,
,,
,,
,,
,,
,,
,,
,,
,,
,,
,,
245
1583.5,0,-487.5
,,
,,
,,
,,
,,
,,
,,
,,
,,
,,
,,
,,
,,
,,
,,
246
1587.5,0,-488.5
,,
,,
,,
,,
,,
,,
,,
,,
,,
,,
,,
,,
,,
,,
,,
247
1595.5,0,-490.5
,,
,,
,,
,,
,,
,,
,,
,,
,,
,,
,,
,,
,,
,,
,,
248
1598.5,0,-491.5
,,
,,
,,
,,
,,
,,
,,
,,
,,
,,
,,
,,
,,
,,
,,
249
1604.5,0,-492.5
,,
,,
,,
,,
,,
,,
,,
,,
,,
,,
,,
,,
,,
,,
,,
250
1610.5,0,-493.5
,,
,,
,,
,,
,,
,,
,,
,,
,,
,,
,,
,,
,,
,,
,,
251
1614.5,0,-493.5
,,
,,
,,
,,
,,
,,
,,
,,
,,
,,
,,
,,
,,
,,
,,
252
1619.5,0,-494.5
,,
,,
,,
,,
,,
,,
,,
,,
,,
,,
,,
,,
,,
,,
,,
253
1624.5,0,-495.5
,,
,,
,,
,,
,,
,,
,,
,,
,,
,,
,,
,,
,,
,,
,,
254
1629,0,-496
,,
,,
,,
,,
,,
,,
,,
,,
,,
,,
,,
,,
,,
,,
,,
255
1634,0,-497
,,
,,
,,
,,
,,
,,
,,
,,
,,
,,
,,
,,
,,
,,
,,
256
1637,0,-497
,,
,,
,,
,,
,,
,,
,,
,,
,,
,,
,,
,,
,,
,,
,,
257
1643.5,0,-498.5
,,
,,
,,
,,
,,
,,
,,
,,
,,
,,
,,
,,
,,
,,
,,
258
1647,0,-499
,,
,,
,,
,,
,,
,,
,,
,,
,,
,,
,,
,,
,,
,,
,,
259
1651,0,-499
,,
,,
,,
,,
,,
,,
,,
,,
,,
,,
,,
,,
,,
,,
,,
260
1655,0,-499
,,
,,
,,
,,
,,
,,
,,
,,
,,
,,
,,
,,
,,
,,
,,
261
1659,0,-501
,,
,,
,,
,,
,,
,,
,,
,,
,,
,,
,,
,,
,,
,,
,,
262
1663,0,-501
,,
,,
,,
,,
,,
,,
,,
,,
,,
,,
,,
,,
,,
,,
,,
263
1667,0,-501
,,
,,
,,
,,
,,
,,
,,
,,
,,
,,
,,
,,
,,
,,
,,
264
1671,0,-501
,,
,,
,,
,,
,,
,,
,,
,,
,,
,,
,,
,,
,,
,,
,,
265
1675,0,-502
,,
,,
,,
,,
,,
,,
,,
,,
,,
,,
,,
,,
,,
,,
,,
266
1679,0,-502
,,
,,
,,
,,
,,
,,
,,
,,
,,
,,
,,
,,
,,
,,
,,
267
1682,0,-502
,,
,,
,,
,,
,,
,,
,,
,,
,,
,,
,,
,,
,,
,,
,,
268
1686,0,-503
,,
,,
,,
,,
,,
,,
,,
,,
,,
,,
,,
,,
,,
,,
,,
269
1689,0,-504
,,
,,
,,
,,
142.59,0,552.369
,,
,,
,,
,,
,,
,,
,,
,,
,,
,,
270
1693,0,-504
,,
,,
,,
,,
,,
,,
,,
,,
,,
,,
,,
,,
,,
,,
,,
271
1696,0,-504
,,
,,
,,
,,
,,
,,
,,
,,
,,
,,
,,
,,
,,
,,
,,
272
1699,0,-504
,,
,,
,,
,,
,,
,,
,,
,,
,,
,,
,,
,,
,,
,,
,,
273
1702,0,-505
,,
,,
,,
,,
,,
,,
,,
,,
,,
,,
,,
,,
,,
,,
,,
274
1705,0,-506
,,
,,
,,
,,
,,
,,
,,
,,
,,
,,
,,
,,
,,
,,
,,
275
1708,0,-506
,,
,,
,,
,,
,,
,,
,,
,,
,,
,,
,,
,,
,,
,,
,,
276
1710,0,-507
,,
,,
,,
,,
,,
,,
,,
,,
,,
,,
,,
,,
,,
,,
,,
277
1714,0,-507
,,
,,
,,
132.928,0,514.099
,,
,,
,,
,,
,,
,,
,,
,,
,,
,,
,,
278
1717,0,-507
,,
,,
,,
,,
,,
,,
,,
,,
,,
129.775,0,470.931
132.403,0,510.237
,,
,,
,,
,,
279
1720,0,-508
,,
,,
,,
,,
,,
,,
,,
,,
,,
,,
,,
,,
,,
,,
,,
280
1721,0,-508
,,
,,
,,
,,
,,
,,
,,
,,
,,
,,
158.961,0,499.243
,,
,,
,,
,,
281
1725,0,-507
,,
,,
,,
,,
,,
,,
,,
,,
,,
,,
,,
,,
,,
,,
,,
282
1727.5,0,-507.5
,,
,,
,,
,,
,,
,,
,,
,,
,,
,,
,,
,,
,,
,,
,,
283
1730.5,0,-508.5
,,
,,
,,
,,
,,
,,
,,
,,
,,
110.521,0,593.591
,,
,,
,,
,,
,,
284
1732.5,0,-508.5
,,
,,
,,
,,
,,
,,
,,
,,
,,
,,
,,
,,
,,
,,
,,
285
1734.5,0,-508.5
,,
,,
,,
,,
,,
,,
,,
,,
,,
,,
,,
,,
,,
,,
,,
286
1735.5,0,-507.5
,,
,,
,,
,,
,,
,,
,,
,,
,,
,,
137.051,0,494.503
,,
,,
,,
,,
287
1738,0,-506
,,
,,
,,
,,
,,
,,
,,
,,
,,
,,
,,
,,
,,
,,
,,
288
1740,0,-506
,,
,,
135.581,0,486.638
,,
,,
,,
,,
,,
,,
138.209,0,525.944
,,
,,
,,
,,
,,
289
1743,0,-506
,,
,,
,,
,,
,,
,,
,,
,,
,,
,,
,,
,,
,,
,,
,,
290
1745,0,-506
,,
,,
,,
,,
,,
,,
,,
,,
,,
,,
127.784,0,501.917
,,
,,
,,
,,
291
1747,0,-505
,,
,,
,,
,,
,,
,,
,,
,,
,,
,,
,,
,,
,,
,,
,,
292
1749,0,-505
,,
,,
,,
,,
,,
,,
,,
,,
,,
,,
,,
,,
,,
,,
,,
293
1751,0,-505
,,
,,
,,
,,
,,
,,
,,
,,
,,
,,
,,
,,
,,
,,
,,
294
1753,0,-505
,,
,,
,,
,,
,,
,,
,,
,,
130.536,0,509.483
,,
,,
,,
,,
,,
,,
295
1754,0,-504
,,
,,
,,
,,
,,
,,
,,
,,
,,
,,
,,
,,
,,
,,
,,
296
1756,0,-504
,,
,,
,,
,,
,,
,,
,,
,,
,,
,,
,,
,,
,,
,,
,,
297
1757,0,-504
,,
,,
,,
,,
,,
,,
,,
,,
,,
,,
,,
,,
,,
,,
,,
298
1760,0,-503
,,
,,
,,
,,
,,
,,
,,
,,
,,
,,
,,
,,
,,
,,
,,
299
1762,0,-503
,,
,,
,,
,,
,,
,,
,,
,,
,,
,,
,,
,,
,,
,,
,,
300
1763,0,-501
,,
,,
,,
,,
,,
,,
,,
,,
,,
,,
,,
,,
,,
,,
,,
301
1764,0,-501
,,
,,
,,
,,
,,
,,
,,
,,
,,
,,
,,
,,
,,
,,
,,
302
1765,0,-501
,,
,,
,,
,,
,,
,,
,,
,,
,,
,,
,,
,,
,,
,,
,,
303
1769,0,-500
,,
,,
,,
,,
,,
,,
,,
,,
,,
,,
,,
,,
,,
,,
,,
304
1768,0,-499
,,
,,
,,
,,
,,
,,
,,
,,
,,
,,
,,
,,
,,
,,
,,
305
1772,0,-499
,,
,,
,,
,,
,,
,,
,,
,,
,,
,,
,,
,,
,,
,,
,,
306
1775,0,-498
,,
,,
,,
,,
,,
,,
,,
,,
,,
,,
,,
,,
,,
,,
,,
307
1775,0,-497
,,
,,
,,
,,
,,
,,
,,
,,
,,
,,
,,
,,
,,
,,
,,
308
1777,0,-497
,,
,,
,,
,,
,,
,,
,,
,,
,,
,,
,,
,,
,,
,,
,,
309
1777,0,-496
,,
,,
,,
,,
,,
,,
,,
,,
,,
,,
,,
,,
,,
,,
,,
310
1779,0,-496
,,
,,
,,
,,
,,
,,
,,
,,
,,
,,
,,
,,
,,
,,
,,
311
1780,0,-495
,,
,,
,,
,,
,,
,,
,,
,,
,,
,,
,,
,,
,,
,,
,,
312
1782,0,-495
,,
,,
,,
,,
,,
,,
,,
,,
,,
,,
,,
,,
,,
,,
,,
313
1784,0,-495
,,
,,
,,
,,
,,
,,
,,
,,
,,
,,
,,
,,
,,
,,
,,
314
1784.5,0,-493
,,
,,
,,
,,
,,
,,
,,
,,
,,
,,
,,
,,
,,
,,
,,
315
1785.5,0,-493
,,
,,
,,
,,
,,
,,
,,
,,
,,
,,
,,
,,
,,
,,
,,
316
1786.5,0,-492
,,
,,
,,
,,
,,
,,
,,
,,
,,
,,
,,
,,
,,
,,
,,
317
1787.5,0,-492
,,
,,
,,
,,
,,
,,
,,
,,
,,
,,
,,
,,
,,
,,
,,
318
1789,0,-491
,,
,,
,,
,,
,,
,,
,,
,,
,,
,,
,,
,,
,,
,,
,,
319
1789,0,-491
,,
,,
,,
,,
,,
,,
,,
,,
,,
,,
,,
,,
,,
,,
,,
320
1789.5,0,-490
,,
,,
,,
,,
,,
,,
,,
,,
,,
,,
,,
,,
,,
,,
,,
321
1790.5,0,-490
,,
,,
,,
,,
,,
,,
,,
,,
,,
,,
,,
,,
,,
,,
,,
322
1792.5,0,-489
,,
,,
,,
,,
,,
,,
,,
,,
,,
,,
209.063,0,506.263
,,
,,
,,
,,
323
1793.5,0,-488
,,
,,
,,
,,
,,
,,
,,
,,
,,
,,
,,
,,
,,
,,
,,
324
1794.5,0,-488
,,
,,
,,
,,
,,
,,
,,
,,
,,
,,
,,
,,
,,
,,
,,
325
1794.5,0,-487
,,
,,
,,
,,
,,
,,
,,
,,
,,
,,
,,
,,
,,
,,
,,
326
1795.5,0,-487
,,
,,
,,
,,
,,
,,
,,
,,
,,
,,
210.781,0,503.341
,,
,,
,,
,,
327
1797.5,0,-486
,,
,,
,,
,,
,,
,,
,,
,,
,,
,,
210.781,0,503.341
,,
,,
,,
,,
328
1798.5,0,-486
,,
,,
,,
,,
,,
,,
,,
,,
,,
,,
207.758,0,495.889
,,
,,
,,
,,
329
1799.5,0,-485
,,
,,
,,
,,
,,
,,
,,
,,
,,
,,
210.739,0,501.139
,,
,,
,,
,,
330
1800.5,0,-485
,,
,,
,,
,,
,,
,,
,,
,,
,,
,,
,,
,,
,,
,,
,,
331
1800.5,0,-484
,,
,,
,,
,,
,,
,,
,,
,,
,,
,,
,,
,,
,,
,,
,,
332
1801.5,0,-483
,,
,,
,,
,,
,,
,,
,,
,,
,,
,,
,,
,,
,,
,,
,,
333
1802.5,0,-483
,,
,,
,,
,,
,,
,,
,,
,,
,,
,,
,,
,,
,,
,,
,,
334
1803.5,0,-482
,,
,,
,,
,,
,,
,,
,,
,,
,,
,,
,,
,,
,,
,,
,,
335
1804.5,0,-481
,,
,,
,,
,,
,,
,,
,,
,,
,,
,,
,,
,,
,,
,,
,,
336
1805.5,0,-481
,,
,,
,,
,,
,,
,,
,,
,,
,,
,,
,,
,,
,,
,,
,,
337
1805.5,0,-480
,,
,,
,,
,,
,,
,,
,,
,,
,,
,,
,,
,,
,,
,,
,,
338
1806.5,0,-480
,,
,,
,,
,,
,,
,,
,,
,,
,,
,,
,,
,,
,,
,,
,,
339
1806.5,0,-479
,,
,,
,,
,,
,,
,,
,,
,,
,,
,,
,,
,,
,,
,,
,,
340
1807.5,0,-478
,,
,,
,,
,,
,,
,,
,,
,,
,,
,,
,,
,,
,,
,,
,,
341
1808.5,0,-478
,,
,,
,,
,,
,,
,,
,,
,,
,,
,,
,,
,,
,,
,,
,,
342
1808.5,0,-477
,,
,,
,,
,,
,,
,,
,,
,,
,,
,,
,,
,,
,,
,,
,,
343
1808.5,0,-477
,,
,,
,,
,,
,,
,,
,,
,,
,,
,,
,,
,,
,,
,,
,,
344
1809.5,0,-476
,,
,,
,,
,,
,,
,,
,,
,,
,,
,,
,,
,,
,,
,,
,,
345
1810.5,0,-475
,,
,,
,,
,,
,,
,,
,,
,,
,,
,,
,,
,,
,,
,,
,,
346
1810.5,0,-475
,,
,,
,,
,,
,,
,,
,,
,,
,,
,,
,,
,,
,,
,,
,,
347
1810.5,0,-475
,,
,,
,,
,,
,,
,,
,,
,,
,,
,,
,,
,,
,,
,,
,,
348
1812.5,0,-474
,,
,,
,,
,,
,,
,,
,,
,,
,,
,,
,,
,,
,,
,,
,,
