data/BP_videos/3.MOV
0
,,
,,
,,
,,
,,
,,
,,
,,
,,
,,
,,
,,
,,
,,
,,
,,
1
,,
,,
,,
,,
,,
,,
,,
,,
,,
,,
,,
,,
,,
,,
,,
,,
2
,,
,,
,,
,,
,,
,,
,,
,,
,,
,,
,,
,,
,,
,,
,,
,,
3
-944.5,0,-495.5
900,0,356
916,0,372
908,0,380
908,0,404
916,0,428
924,0,380
908,0,412
884,0,428
948,0,444
964,0,484
1004,0,508
948,0,444
916,0,484
940,0,532
932,0,412
4
-946.5,0,-494
905.223,0,338.653
914.8,0,371.214
910.969,0,378.238
909.692,0,413.992
895.007,0,424.207
928.846,0,378.876
909.692,0,413.992
887.984,0,420.377
944.808,0,433.146
964.6,0,480.393
999.716,0,499.547
951.831,0,436.977
917.992,0,482.308
937.784,0,529.555
931.4,0,407.607
5
-951,0,-492.5
910.864,0,336.346
912.269,0,371.46
909.057,0,378.646
906.547,0,403.389
892.996,0,414.574
926.522,0,377.832
910.462,0,413.76
882.657,0,418.574
935.757,0,433.689
958.542,0,478.361
994.176,0,494.29
946.096,0,429.689
923.61,0,479.989
939.269,0,521.475
931.139,0,405.76
6
-952.5,0,-493.5
909.456,0,335.436
915.001,0,370.197
905.128,0,375.336
913.04,0,402.59
893.293,0,412.87
930.015,0,374.93
910.674,0,410.097
883.42,0,418.009
935.966,0,434.578
954.159,0,481.579
999.199,0,495.78
945.84,0,429.438
921.765,0,479.618
939.957,0,526.619
928.054,0,407.324
7
-958.5,0,-492
909.956,0,333.58
915.261,0,368.962
905.177,0,374.092
912.96,0,401.866
897.922,0,422.21
930.475,0,373.916
915.612,0,419.557
887.838,0,427.34
935.956,0,434.595
943.914,0,487.668
992.032,0,494.923
943.563,0,437.072
928.7,0,482.713
946.742,0,530.656
928.173,0,406.821
8
-964.5,0,-491
903.7,0,335.268
910.007,0,369.916
907.803,0,377.477
916.313,0,404.565
887.021,0,420.636
925.127,0,374.324
914.109,0,412.126
887.021,0,420.636
932.383,0,433.857
941.843,0,485.83
989.409,0,491.492
942.147,0,428.5
926.722,0,481.423
948.15,0,520.479
933.637,0,401.412
9
-963.5,0,-492
907.469,0,329.164
911.894,0,363.821
906.733,0,378.569
913.739,0,405.852
893.83,0,415.439
924.062,0,376.356
911.159,0,413.226
883.875,0,420.232
930.7,0,428.342
937.338,0,480.327
986.743,0,481.063
948.029,0,426.129
922.59,0,475.166
956.512,0,520.146
931.068,0,403.639
10
-963.5,0,-491
904.535,0,332.525
909.771,0,367.352
907.335,0,374.841
905.082,0,407.232
892.722,0,419.774
924.749,0,372.223
910.135,0,417.157
882.797,0,424.828
930.166,0,431.952
930.531,0,481.757
958.233,0,523.89
947.58,0,429.334
930.531,0,481.757
958.233,0,523.89
929.984,0,407.05
11
-971,0,-489.5
905.282,0,334.773
909.861,0,369.749
907.26,0,377.182
904.347,0,409.536
891.652,0,421.78
924.845,0,374.993
909.238,0,419.59
881.559,0,426.591
929.112,0,434.889
928.489,0,484.731
958.145,0,520.139
946.697,0,432.7
928.489,0,484.731
973.752,0,475.541
929.424,0,409.968
12
-977,0,-486.5
905.259,0,331.353
910.283,0,366.437
905.316,0,381.515
905.344,0,406.596
882.934,0,424.284
922.758,0,378.904
910.34,0,416.599
882.934,0,424.284
927.811,0,439.069
920.389,0,486.767
965.295,0,526.632
947.738,0,428.92
935.348,0,491.695
965.238,0,476.471
930.266,0,406.449
13
-978.5,0,-494.5
898.451,0,335.59
911.366,0,372.485
901.552,0,377.577
909.375,0,404.659
879.932,0,419.935
918.819,0,374.847
907.014,0,412.112
879.932,0,419.935
924.651,0,434.102
910.484,0,478.821
952.472,0,475.72
949.371,0,433.732
932.844,0,485.904
970.479,0,522.43
926.642,0,401.928
14
-985.5,0,-494.5
905.56,0,333.298
908.812,0,368.165
905.958,0,375.444
901.875,0,407.434
881.497,0,416.238
923.482,0,373.918
906.356,0,417.589
874.162,0,413.362
925.506,0,433.497
908.38,0,477.168
958.098,0,479.87
950.365,0,434.848
937.72,0,488.674
976.021,0,520.49
926.734,0,408.785
15
-989.5,0,-494.5
899.26,0,334.744
912.134,0,371.975
902.225,0,377.069
900.096,0,409.484
882.684,0,412.171
919.636,0,374.383
900.096,0,409.484
872.774,0,417.265
925.287,0,434.119
895.837,0,474.315
933.068,0,461.44
950.201,0,433.841
940.848,0,488.762
973.542,0,515.804
925.009,0,409.206
16
-993.5,0,-494
904.913,0,332.379
908.184,0,367.19
905.358,0,374.479
894.05,0,403.636
873.818,0,412.561
915.474,0,370.017
898.513,0,413.752
866.529,0,409.734
924.843,0,432.349
896.13,0,463.141
935.403,0,469.986
942.248,0,430.713
944.328,0,490.218
975.121,0,518.931
926.034,0,407.654
17
-998,0,-493.5
900.64,0,327.202
906.986,0,361.586
902.648,0,376.608
896.141,0,399.142
869.269,0,407.657
912.328,0,371.266
901.483,0,408.822
869.269,0,407.657
919.679,0,430.352
886.299,0,461.401
926.025,0,464.735
944.381,0,429.348
942.052,0,493.776
982.781,0,521.813
918.674,0,405.649
18
-1002,0,-493.5
898.54,0,330.874
904.438,0,365.887
902.116,0,373.479
902.743,0,398.578
913.284,0,418.406
912.03,0,368.208
900.421,0,406.17
867.73,0,404.475
926.147,0,430.642
884.168,0,459.316
922.13,0,470.925
941.331,0,435.285
950.177,0,487.805
988.766,0,524.512
917.927,0,403.221
19
-1007.5,0,-493
900.621,0,329.558
905.248,0,364.504
895.226,0,369.387
894.971,0,394.312
867.476,0,401.508
912.699,0,367.074
899.853,0,404.333
867.476,0,401.508
917.07,0,426.945
874.416,0,453.927
919.127,0,469.342
934.543,0,424.631
946.366,0,487.071
985.938,0,517.391
917.326,0,402.02
20
-1008,0,-491.5
902.263,0,320.578
899.91,0,360.701
899.91,0,360.701
891.926,0,391.203
903.186,0,410.445
907.535,0,362.697
897.556,0,400.824
865.058,0,400.467
916.441,0,422.063
870.33,0,442.586
910.096,0,477.437
931.692,0,426.054
950.219,0,479.79
989.985,0,514.642
914.803,0,397.19
21
-1016,0,-490
895.14,0,318.928
904.133,0,353.285
902.495,0,361.055
895.946,0,392.137
878.768,0,396.633
902.495,0,361.055
894.309,0,399.908
863.227,0,393.359
912.709,0,428.132
868.944,0,443.257
902.885,0,474.755
929.887,0,423.636
958.916,0,478.445
991.22,0,517.714
911.487,0,395.412
22
-1022.5,0,-488.5
900.934,0,318.036
901.156,0,350.563
899.283,0,358.223
899.505,0,390.749
874.485,0,392.749
908.872,0,352.45
889.916,0,396.522
864.896,0,398.522
915.158,0,427.05
863.245,0,438.708
894.329,0,478.783
922.873,0,428.937
952.084,0,476.671
990.883,0,518.633
914.936,0,394.523
23
-990.5,0,-490.5
890.76,0,321.057
901.393,0,355.003
909.287,0,356.301
904.132,0,387.652
877.872,0,399.433
901.393,0,355.003
894.949,0,394.191
869.978,0,398.135
913.476,0,429.436
862.245,0,445.16
888.666,0,481.703
922.658,0,422.897
955.684,0,468.575
988.71,0,514.253
912.026,0,388.95
24
-996,0,-488.5
890.717,0,316.236
898.157,0,351.231
905.9,0,353.242
895.842,0,391.957
870.602,0,393.666
905.9,0,353.242
886.088,0,397.689
860.847,0,399.397
903.282,0,426.952
856.521,0,447.866
887.189,0,488.896
920.779,0,423.232
949.437,0,472.005
989.86,0,507.303
905.597,0,386.226
25
-984.5,0,-493.5
886.053,0,318.405
895.606,0,352.883
903.457,0,354.42
897.308,0,385.824
870.681,0,396.914
895.606,0,352.883
887.92,0,392.138
861.293,0,403.228
899.011,0,418.765
859.921,0,451.871
875.788,0,495.737
922.563,0,423.376
954.132,0,470.317
987.238,0,509.406
905.159,0,387.361
26
-989.5,0,-491.5
889.656,0,313.528
897.716,0,348.385
903.62,0,358.036
896.125,0,389.146
869.045,0,399.08
895.843,0,356.163
886.474,0,395.05
859.394,0,404.984
904.185,0,424.004
855.929,0,453.522
877.67,0,499.905
921.614,0,419.974
949.258,0,476.007
982.525,0,508.709
903.902,0,391.02
27
-999.5,0,-490
882.104,0,313.345
891.043,0,347.987
897.189,0,357.486
890.484,0,388.775
871.487,0,401.067
889.367,0,355.809
880.985,0,394.921
861.988,0,407.214
899.424,0,423.418
859.752,0,455.824
873.162,0,507.788
916.745,0,418.948
945.799,0,474.264
979.882,0,506.113
898.307,0,390.452
28
-1012.5,0,-488.5
878.913,0,312.588
894.751,0,349.319
900.655,0,358.97
893.16,0,390.08
897.19,0,407.509
892.877,0,357.096
875.731,0,394.11
856.428,0,405.917
901.22,0,424.937
858.867,0,464.107
870.957,0,516.393
918.648,0,420.907
938.516,0,475.067
973.655,0,499.991
900.937,0,391.954
29
-1020.5,0,-488.5
877.501,0,312.312
891.841,0,349.347
897.337,0,359.143
896.385,0,391.878
901.881,0,401.674
889.691,0,356.993
876.792,0,402.871
849.554,0,411.715
895.432,0,424.614
859.594,0,464.043
877.281,0,518.52
912.875,0,421.267
930.562,0,475.744
972.14,0,503.936
896.385,0,391.878
30
-1025,0,-487
876.913,0,308.624
883.055,0,350.954
898.499,0,354.675
889.197,0,393.285
879.614,0,399.146
881.194,0,358.676
870.032,0,405.008
850.868,0,416.731
891.338,0,418.311
862.871,0,468.644
874.875,0,520.556
914.503,0,423.892
924.646,0,483.527
969.118,0,502.411
898.779,0,387.423
31
-995,0,-490
874.087,0,313.656
882.407,0,348.19
888.356,0,357.718
888.937,0,390.462
877.62,0,404.15
878.828,0,363.667
869.881,0,402.36
849.035,0,421.998
889.518,0,423.206
861.515,0,473.798
881.734,0,527.387
914.524,0,420.835
915.686,0,486.323
960.328,0,504.798
896.676,0,392.251
32
-997.5,0,-489
875.67,0,315.949
883.122,0,350.68
888.831,0,360.355
888.592,0,393.103
901.992,0,404.76
879.157,0,366.063
867.261,0,412.212
840.221,0,421.647
888.353,0,425.851
866.782,0,477.709
885.652,0,531.788
913.409,0,424.108
905.239,0,487.622
951.388,0,499.518
896.283,0,395.086
33
-994.5,0,-490
872.171,0,317.675
880.491,0,352.208
886.44,0,361.736
885.232,0,402.219
900.709,0,405.798
876.912,0,367.686
866.176,0,414.118
839.381,0,424.227
887.602,0,427.224
867.338,0,479.606
887.556,0,533.195
903.08,0,430.803
896.503,0,494.502
942.935,0,505.238
887.021,0,394.48
34
-995.5,0,-494
863.838,0,321.51
872.871,0,356.075
879.017,0,365.525
870.868,0,404.686
842.649,0,423.328
877.387,0,373.358
861.462,0,410.9
834.873,0,421.71
889.307,0,433.038
870.121,0,486.245
899.223,0,541.329
904.859,0,436.274
891.82,0,498.932
940.108,0,500.809
888.05,0,400.091
35
-1005.5,0,-491
863.407,0,319.795
877.218,0,356.743
872.77,0,371.881
871.443,0,404.38
842.065,0,420.415
872.77,0,371.881
861.651,0,409.725
832.272,0,425.76
887.478,0,433.759
877.256,0,496.534
906.205,0,537.93
902.616,0,438.207
884.825,0,498.758
932.462,0,504.533
888.805,0,401.259
36
-1004.5,0,-495
865.459,0,322.857
870.353,0,365.359
875.93,0,375.111
867.581,0,405.773
838.323,0,422.506
875.93,0,375.111
857.828,0,411.351
828.57,0,428.084
889.892,0,444.784
875.28,0,498.441
912.922,0,541.627
899.645,0,439.206
875.28,0,498.441
923.359,0,503.3
882.911,0,409.948
37
-1013,0,-493.5
862.797,0,328.378
870.634,0,363.031
876.451,0,372.643
859.247,0,409.318
832.308,0,419.053
876.451,0,372.643
849.635,0,415.134
822.696,0,424.87
892.126,0,441.95
878.841,0,495.951
909.822,0,536.298
899.84,0,443.848
863.412,0,492.155
917.413,0,505.44
884.289,0,407.297
38
-1021,0,-491
861.513,0,325.234
865.719,0,367.809
863.507,0,375.439
862.293,0,408.173
834.979,0,416.8
873.349,0,370.02
852.452,0,413.592
817.507,0,420.008
893.812,0,442.12
885.965,0,497.745
915.272,0,539.323
893.812,0,442.12
855.442,0,488.9
908.856,0,504.378
879.765,0,404.964
39
-1014,0,-495.5
864.075,0,327.497
863.215,0,360.228
861.099,0,367.885
860.239,0,400.616
831.08,0,417.285
868.703,0,369.986
848.403,0,413.83
813.756,0,420.74
889.795,0,441.752
890.191,0,499.557
929.467,0,535.136
889.795,0,441.752
844.568,0,486.949
888.075,0,507.214
883.051,0,406.92
40
-1029.5,0,-494
864.14,0,321.798
863.174,0,362.012
853.745,0,367.976
846.815,0,398.761
826.225,0,418.385
869.137,0,371.441
845.082,0,406.457
810.832,0,414.92
893.759,0,441.674
889.328,0,497.28
930.308,0,530.764
884.33,0,447.638
837.186,0,477.457
879.899,0,503.244
875.867,0,413.387
41
-1024,0,-497
862.914,0,316.659
861.296,0,364.627
851.943,0,370.781
845.674,0,401.707
826.967,0,414.014
869.082,0,366.206
845.674,0,401.707
811.395,0,410.857
886.121,0,442.104
892.29,0,491.65
932.737,0,532.047
886.121,0,442.104
831.568,0,471.292
873.583,0,503.957
876.818,0,408.02
42
-1032,0,-496
854.105,0,321.108
854.695,0,361.896
845.373,0,368.307
839.552,0,399.773
822.364,0,404.729
870.428,0,364.807
839.552,0,399.773
813.042,0,411.141
880.93,0,439.971
903.664,0,492.992
937.176,0,531.734
879.475,0,447.838
826.454,0,470.572
867.832,0,510.77
871.018,0,405.595
43
-1047,0,-495
849.277,0,319.969
848.681,0,360.735
839.298,0,366.92
840.366,0,399.861
821.601,0,412.231
864.12,0,364.016
840.366,0,399.861
806.162,0,408.95
872.311,0,439.365
900.93,0,494.52
934.538,0,526.198
872.311,0,439.365
825.398,0,470.289
857.343,0,509.792
863.524,0,404.783
44
-1043.5,0,-498.5
848.169,0,312.088
846.825,0,360.713
837.561,0,367.074
833.014,0,390.639
814.485,0,403.36
862.323,0,363.703
839.248,0,399.989
805.221,0,409.72
871.931,0,438.885
895.35,0,484.14
935.782,0,524.531
871.931,0,438.885
817.86,0,469.191
849.028,0,515.941
862.495,0,404.474
45
-1049.5,0,-497.5
846.193,0,317.495
846.735,0,357.743
837.471,0,364.036
831.656,0,395.063
820.939,0,409.113
862.355,0,360.67
838.013,0,404.284
805.319,0,406.186
864.892,0,433.409
895.219,0,487.268
937.718,0,519.321
864.892,0,433.409
818.573,0,464.875
842.545,0,509.514
855.086,0,399.454
46
-1041.5,0,-502.5
843.234,0,315.315
844.741,0,355.528
835.693,0,362.062
830.665,0,393.227
820.361,0,407.553
851.275,0,364.576
837.2,0,402.275
803.522,0,412.83
864.594,0,430.676
880.427,0,481.193
931.195,0,513.364
855.546,0,437.21
810.306,0,469.882
833.93,0,521.656
854.039,0,396.997
47
-1049,0,-503
841.102,0,312.679
843.402,0,353.406
834.357,0,360.202
829.861,0,391.885
811.771,0,405.478
850.199,0,362.451
836.657,0,400.93
802.726,0,412.274
855.922,0,435.985
880.86,0,488.005
934.056,0,511.715
855.922,0,435.985
810.698,0,469.967
834.512,0,529.908
852.498,0,403.178
48
-1059,0,-503
835.669,0,307.009
837.829,0,355.614
828.986,0,362.609
825.168,0,394.38
807.483,0,408.37
844.762,0,364.505
832.101,0,403.271
798.641,0,415.364
851.945,0,437.886
868.926,0,496.33
924.139,0,502.966
851.945,0,437.886
807.733,0,472.86
824.714,0,531.304
848.831,0,397.224
49
-1075.5,0,-502.5
833.089,0,308.039
835.104,0,356.659
818.239,0,362.624
822.228,0,395.366
811.328,0,418.196
842.055,0,365.586
829.18,0,404.292
803.389,0,417.208
850.035,0,431.071
858.014,0,496.556
914.573,0,495.529
850.035,0,431.071
811.368,0,482.694
828.273,0,541.227
846.045,0,398.328
50
-1083.5,0,-503
820.668,0,311.862
823.065,0,352.297
813.079,0,366.963
816.56,0,399.527
798.755,0,413.116
837.617,0,362.322
823.294,0,408.475
789.853,0,419.911
843.495,0,435.32
850.458,0,500.447
900.619,0,483.293
843.495,0,435.32
804.634,0,486.115
820.498,0,544.446
840.014,0,402.757
51
-1090,0,-502
817.8,0,313.84
826.26,0,356.083
815.485,0,370.362
817.533,0,403.283
798.891,0,416.107
832.673,0,365.404
816.079,0,411.149
789.57,0,422.519
836.77,0,431.246
839.412,0,504.955
892.43,0,482.216
844.636,0,432.701
809.4,0,491.271
830.685,0,552.155
834.721,0,398.325
52
-1087,0,-507
813.363,0,313.656
813.602,0,354.179
810.577,0,369.783
812.328,0,402.504
793.699,0,415.083
827.693,0,365.006
810.816,0,410.306
784.384,0,421.372
838.999,0,431.961
819.096,0,492.865
831.913,0,552.018
846.801,0,433.474
811.293,0,491.352
831.913,0,552.018
829.445,0,397.727
53
-1098,0,-507
811.618,0,318.592
817.516,0,361.267
807.825,0,367.106
805.958,0,407.855
786.577,0,419.532
823.354,0,370.958
804.032,0,415.62
778.812,0,417.606
823.473,0,436.928
815.828,0,500.971
835.329,0,555.264
840.929,0,433.016
815.828,0,500.971
843.094,0,557.19
823.414,0,403.943
54
-1113,0,-507
806.318,0,318.418
807.212,0,358.416
798.119,0,364.776
806.739,0,406.14
788.554,0,418.859
813.572,0,367.509
797.646,0,412.5
773.101,0,416.126
816.726,0,439.778
798.067,0,500.221
843.952,0,556.144
841.271,0,436.151
813.52,0,502.954
843.952,0,556.144
815.832,0,399.78
55
-1123.5,0,-507.5
797.195,0,320.634
805.3,0,362.102
803.837,0,369.811
796.525,0,408.354
770.474,0,419.384
811.546,0,371.273
795.063,0,416.063
762.766,0,417.921
813.801,0,443.576
788.146,0,494.611
825.227,0,509.633
838.39,0,440.255
817.519,0,508.17
848.749,0,554.026
811.942,0,411.279
56
-1141,0,-505
790.865,0,324.772
804.849,0,368.96
803.007,0,376.693
795.637,0,407.621
776.487,0,419.401
803.007,0,376.693
786.062,0,413.511
759.18,0,423.448
811.463,0,444.078
775.369,0,492.676
840.912,0,491.952
836.503,0,441.873
819.92,0,511.463
857.101,0,561.179
811.101,0,411.307
57
-1120,0,-510
792.354,0,322.821
796.97,0,365.655
802.515,0,375.516
793.882,0,406.33
764.297,0,422.965
802.515,0,375.516
781.862,0,419.578
756.593,0,420.807
808.359,0,443.618
762.437,0,488.908
826.222,0,498.471
831.469,0,450.093
821.906,0,513.878
867.196,0,559.799
809.288,0,410.646
58
-1136,0,-510
788.398,0,319.022
795.407,0,360.786
801.465,0,370.174
785.19,0,406.765
766.264,0,418.642
792.001,0,376.112
775.727,0,412.704
750.742,0,415.194
801.662,0,442.59
754.345,0,472.284
805.265,0,499.681
818.886,0,438.376
819.084,0,510.793
866.598,0,553.516
800.712,0,410.214
59
-1148.5,0,-509
782.2,0,318.184
790.802,0,360.123
797.217,0,369.356
782.348,0,407.068
756.057,0,418.488
789.393,0,367.947
765.29,0,412.073
746.824,0,424.903
800.183,0,442.592
746.193,0,473.257
796.734,0,506.594
808.007,0,444.001
828.031,0,512.23
869.339,0,551.982
797.996,0,409.886
60
-1159,0,-509
786.654,0,315.933
786.26,0,364.594
794.14,0,365.973
779.364,0,403.995
752.966,0,415.618
777.001,0,371.095
762.225,0,409.117
743.706,0,422.119
796.11,0,447.533
735.432,0,469.401
777.197,0,509.196
805.369,0,441.032
825.857,0,509.59
875.503,0,550.765
795.125,0,406.753
61
-1166,0,-507
777.049,0,312.335
779.715,0,360.033
786.665,0,368.696
783.239,0,399.923
772.862,0,422.487
771.052,0,366.983
751.155,0,404.303
733.828,0,418.203
786.762,0,439.814
728.687,0,465.044
762.581,0,516.168
794.569,0,440.671
827.605,0,499.602
870.163,0,543.776
783.239,0,399.923
62
-1173,0,-511
772.58,0,316.402
776.232,0,356.281
783.21,0,364.922
772.076,0,395.329
768.75,0,426.567
767.591,0,363.259
740.006,0,399.813
722.724,0,413.769
783.538,0,436.039
724.714,0,469.267
750.964,0,519.45
791.347,0,436.87
824.576,0,495.694
866.445,0,547.539
779.054,0,403.969
63
-1183.5,0,-510.5
768.837,0,311.992
770.841,0,359.722
778.636,0,360.687
806.917,0,387.929
791.329,0,385.999
754.288,0,365.586
733.875,0,402.627
716.357,0,416.285
776.78,0,439.593
718.361,0,464.015
734.989,0,521.469
785.539,0,432.764
817.755,0,492.148
867.49,0,537.873
773.811,0,399.657
64
-1188,0,-515
762.395,0,308.792
765.557,0,356.459
780.412,0,365.825
801.531,0,391.598
785.125,0,397.862
756.966,0,363.499
729.643,0,400.249
704.646,0,413.553
765.617,0,435.387
714.848,0,469.811
724.275,0,533.884
773.433,0,436.163
807.081,0,494.747
859.461,0,523.622
769.495,0,396.311
65
-1199,0,-514
759.203,0,309.788
764.466,0,357.858
779.896,0,366.687
793.988,0,399.329
769.284,0,413.867
748.146,0,364.905
722.55,0,395.317
697.846,0,409.855
760.009,0,437.233
709.71,0,482.184
722.465,0,538.638
767.947,0,437.679
804.069,0,503.408
858.74,0,522.402
762.238,0,397.546
66
-1208,0,-514
752.277,0,311.351
758.478,0,359.616
774.168,0,368.209
788.96,0,400.784
701.022,0,397.495
742.19,0,367.013
709.016,0,397.794
684.435,0,412.886
763.482,0,439.859
705.727,0,485.733
719.324,0,550.286
763.482,0,439.859
792.769,0,513.005
856.724,0,515.397
756.983,0,399.588
67
-1214.5,0,-513.5
751.586,0,314.72
756.081,0,355.264
771.326,0,364.623
775.821,0,405.167
757.797,0,427.687
739.447,0,361.844
704.093,0,398.913
679.489,0,404.798
748.437,0,442.931
704.419,0,487.275
714.799,0,552.423
764.377,0,444.321
782.032,0,518.134
839.21,0,507.058
759.881,0,403.777
68
-1221.5,0,-517.5
743.571,0,311.53
741.777,0,359.497
757.167,0,368.078
733.035,0,383.187
693.513,0,389.714
725.788,0,366.904
693.513,0,389.714
661.537,0,404.529
746.631,0,439.734
705.315,0,494.228
718.612,0,558.77
754.475,0,440.028
759.33,0,520.265
815.139,0,498.336
747.827,0,407.757
69
-1230.5,0,-516.5
738.465,0,312.186
743.812,0,360.247
751.318,0,368.617
702.825,0,381.903
686.517,0,388.977
727.503,0,367.322
686.517,0,388.977
662.27,0,395.62
747,0,448
704.285,0,501.408
724.645,0,566.21
754.938,0,448.432
751.051,0,519.876
800.408,0,490.714
749.159,0,408.309
70
-1239,0,-516
736.236,0,319.207
732.641,0,358.31
747.564,0,367.569
714.124,0,388.155
699.921,0,371.076
724.102,0,365.412
682.842,0,385.28
650.84,0,390.225
732.554,0,445.057
711.162,0,506.184
728.873,0,570.907
748.196,0,446.494
733.905,0,516.162
783.705,0,489.192
736.149,0,405.953
71
-1248.5,0,-518.5
733.08,0,322.209
723.69,0,369.05
731.539,0,369.306
706.964,0,399.934
644.682,0,382.181
723.69,0,369.05
676.08,0,383.208
636.576,0,389.774
736.822,0,448.058
710.963,0,517.933
740.564,0,573.906
736.822,0,448.058
710.963,0,517.933
766.679,0,496.181
730.256,0,408.554
72
-1257,0,-521
721.794,0,325.219
720.619,0,364.714
728.283,0,372.848
703.882,0,395.84
689.024,0,363.775
720.619,0,364.714
664.622,0,386.767
633.026,0,385.827
733.834,0,452.072
700.359,0,514.324
746.108,0,571.026
733.834,0,452.072
700.124,0,522.223
756.121,0,500.171
727.109,0,412.343
73
-1265.5,0,-520.5
716.44,0,330.049
718.676,0,370.043
720.653,0,377.643
722.889,0,417.636
676.483,0,364.786
713.005,0,379.632
665.14,0,383.966
624.923,0,386.31
725.125,0,457.63
716.018,0,516.802
747.128,0,573.631
725.125,0,457.63
683.449,0,517.158
736.985,0,503.234
722.889,0,417.636
74
-1272,0,-520.5
709.146,0,328.989
714.265,0,369.43
721.557,0,377.945
688.585,0,399.756
667.795,0,358.248
698.051,0,376.345
658.33,0,381.66
611.316,0,378.459
723.96,0,458.294
711.234,0,529.594
755.531,0,572.702
716.124,0,457.76
665.308,0,510.431
720.7,0,506.183
718.841,0,417.853
75
-1279.5,0,-520.5
710.167,0,327.88
706.863,0,367.009
714.028,0,375.495
667.073,0,371.53
560.712,0,417.72
698.376,0,374.174
650.761,0,378.034
661.23,0,347.392
715.246,0,454.414
717.785,0,517.681
760.775,0,568.601
707.42,0,453.753
656.5,0,496.743
709.959,0,517.021
710.724,0,414.624
76
-1287.5,0,-520.5
701.247,0,323.39
700.811,0,370.51
700.739,0,378.363
677.105,0,370.291
573.942,0,416.462
692.909,0,370.437
645.424,0,377.852
653.689,0,338.659
707.988,0,449.116
715.237,0,519.869
762.215,0,567.427
700.013,0,456.896
644.409,0,487.799
691.459,0,527.503
700.376,0,417.63
77
-1296,0,-521
694.652,0,329.445
685.912,0,368.781
693.645,0,376.849
543.029,0,397.361
582.196,0,414.002
693.813,0,368.949
638.34,0,375.674
599.005,0,366.934
699.867,0,456.024
714.325,0,519.565
760.889,0,560.075
691.966,0,455.856
635.99,0,486.283
674.318,0,542.427
692.805,0,416.352
78
-1302,0,-521.5
689.279,0,327.002
680.975,0,366.921
522.967,0,357.342
554.185,0,397.656
593.547,0,414.05
688.799,0,375
633.548,0,366.447
649.757,0,326.607
695.904,0,455.075
711.073,0,519.23
758.099,0,559.702
687.999,0,454.996
624.365,0,494.362
647.518,0,550.596
688.399,0,414.998
79
-1307,0,-521.5
682.765,0,324.67
673.859,0,372.228
531.657,0,361.301
562.464,0,401.731
601.845,0,410.511
681.769,0,372.393
626.403,0,371.237
587.022,0,362.457
688.018,0,452.096
702.342,0,524.011
757.043,0,556.982
680.108,0,451.931
615.837,0,498.333
630.327,0,562.294
680.939,0,412.162
80
-1316.5,0,-522
510.544,0,291.174
502.02,0,346.786
533.682,0,363.023
573.057,0,403.209
612.757,0,411.57
676.811,0,372.438
621.118,0,371.871
581.5,0,355.553
676,0,451.999
691.183,0,523.767
746.632,0,548.202
676,0,451.999
619.821,0,499.168
611.216,0,562.736
676.406,0,412.219
81
-1324.5,0,-523
663.742,0,324.141
668.897,0,363.533
545.396,0,361.469
589.912,0,395.904
623.463,0,407.695
668.766,0,374.761
623.988,0,362.783
584.889,0,345.284
516.345,0,445.211
622.283,0,508.748
604.721,0,570.221
673.396,0,459.066
616.735,0,503.04
604.721,0,570.221
673.921,0,414.154
82
-1332.5,0,-524.5
652.505,0,332.52
653.572,0,368.091
546.859,0,371.292
590.505,0,402.026
629.846,0,407.966
650.335,0,378.869
462.237,0,398.753
571.119,0,349.203
520.964,0,457.516
662.144,0,535.167
726.278,0,536.803
656.24,0,457.018
608.254,0,518.982
595.84,0,579.879
655.172,0,421.447
83
-1340,0,-524.5
649.375,0,332.058
518.593,0,354.578
550.559,0,364.888
596.962,0,403.382
624.282,0,300.437
479.753,0,365.579
466.007,0,408.201
568.087,0,347.014
654.194,0,463.013
644.23,0,530.382
577.898,0,626.626
643.539,0,459.577
605.218,0,523.682
584.599,0,587.614
650.239,0,420.565
84
-1347,0,-524.5
537.416,0,306.008
529.683,0,353.559
561.425,0,369.274
601.15,0,400.798
640.749,0,400.642
490.115,0,361.635
593.043,0,353.309
561.301,0,337.594
640.999,0,464.001
570.031,0,543.481
586.183,0,622.618
640.999,0,464.001
467.01,0,528.047
593.978,0,590.907
521.982,0,409.029
85
-1354,0,-524.5
547.88,0,304.441
637.202,0,372.474
572.996,0,368.269
608.795,0,401.211
618.425,0,284.386
502.1,0,359.678
489.421,0,408.199
565.955,0,335.236
644.944,0,462.801
579.444,0,533.525
584.489,0,584.194
644.944,0,462.801
605.855,0,522.423
608.904,0,590.728
529.212,0,405.87
86
-1360,0,-525.5
552.101,0,312.36
636.589,0,373.529
578.943,0,375.728
619.209,0,325.343
615.469,0,285.518
500.833,0,365.385
493.572,0,407.85
518.214,0,413.571
639.888,0,460
582.899,0,537.667
604.019,0,625.678
639.888,0,460
602.262,0,521.386
613.921,0,594.215
636.148,0,420.175
87
-1367.5,0,-525.5
551.833,0,314.542
551.92,0,361.13
579.292,0,377.406
612.001,0,322.396
649.059,0,400.274
512.281,0,365.483
501.435,0,414.879
646.304,0,389.329
623.193,0,459.354
589.15,0,532.185
607.098,0,626.623
634.125,0,456.546
482.499,0,524.615
620.697,0,588.173
629.949,0,416.834
88
-1375,0,-526.5
563.901,0,316.074
619.543,0,363.946
587.21,0,373.721
625.558,0,403.297
647.113,0,396.78
516.028,0,371.716
511.266,0,414.325
643.855,0,386.002
627.814,0,449.665
615.031,0,524.105
615.783,0,623.86
627.814,0,449.665
486.703,0,527.614
502.494,0,599.298
621.799,0,410.315
89
-1381.5,0,-526.5
560.693,0,320.17
614.19,0,354.505
586.354,0,376.15
618.514,0,400.276
650.06,0,389.147
519.245,0,370.265
516.456,0,412.633
549.871,0,306.252
622.837,0,446.047
613.55,0,520.269
625.906,0,622.326
535.005,0,465.21
490.154,0,522.417
505.607,0,599.734
555.422,0,422.535
90
-1389,0,-526.5
570.577,0,326.463
557.34,0,364.848
594.859,0,385.964
633.44,0,399.189
611.848,0,259.717
523.502,0,376.362
526.122,0,416.881
542.049,0,298.524
619.141,0,445.464
614.328,0,541.216
635.424,0,624.388
543.537,0,467.424
495.4,0,525.213
508.567,0,607.318
557.836,0,421.148
91
-1395.5,0,-526.5
575.935,0,324.824
564.779,0,363.49
587.178,0,381.18
625.377,0,400.178
539.038,0,290.097
531.876,0,376.601
528.621,0,415.921
539.038,0,290.097
614.221,0,438.844
613.658,0,541.73
638.748,0,622.986
540.515,0,464.413
495.805,0,524.055
505.095,0,604.003
560.222,0,418.538
92
-1402.5,0,-527.5
601.89,0,304.069
569.607,0,366.851
593.105,0,382.904
624.496,0,399.045
610.318,0,256.804
529.967,0,382.19
562.339,0,311.516
539.019,0,279.679
584.232,0,469.63
622.891,0,541.108
645.586,0,628.191
544.681,0,477.077
496.791,0,523.896
503.792,0,602.908
568.893,0,429.99
93
-1409.5,0,-526.5
601.439,0,295.433
568.817,0,367.345
606.478,0,391.366
601.439,0,295.433
608.335,0,253.471
539.681,0,381.875
556.883,0,313.373
532.937,0,278.231
590.982,0,467.579
631.163,0,539.567
649.917,0,624.38
558.436,0,466.688
506.983,0,526.59
508.612,0,607.103
573.042,0,423.022
94
-1416,0,-528.5
592.422,0,291.499
572.14,0,366.598
599.198,0,386.366
600.227,0,290.284
608.545,0,241.029
543.353,0,387.066
554.616,0,305.379
534.147,0,276.591
596.954,0,474.643
632.517,0,549.041
652.471,0,625.869
564.522,0,471.699
509.377,0,528.244
505.919,0,608.717
574.056,0,430.247
95
-1422.5,0,-530.5
592.312,0,289.655
594.869,0,329.406
606.398,0,384.547
600.262,0,289.144
613.095,0,240.42
550.746,0,388.126
544.33,0,412.488
535.126,0,269.384
604.072,0,472.511
641.498,0,557.918
662.512,0,636.398
572.272,0,474.556
512.249,0,534.298
508.901,0,606.362
585.104,0,425.832
96
-1429,0,-529.5
588.879,0,328.724
581.806,0,368.571
606.061,0,383.9
603.739,0,280.765
610.811,0,240.918
550.301,0,385.155
550.836,0,408.956
539.656,0,266.333
608.204,0,479.102
641.853,0,557.719
667.358,0,628.582
568.375,0,479.998
521.831,0,536.609
507.507,0,608.369
583.235,0,432.039
97
-1437.5,0,-532.5
587.435,0,329.707
587.59,0,369.545
611.652,0,385.387
603.248,0,281.838
619.061,0,233.97
555.653,0,385.606
555.279,0,289.993
539.155,0,258.185
612.026,0,480.999
652.337,0,560.52
676.617,0,632.135
580.026,0,481.124
524.244,0,537.116
516.525,0,608.857
587.839,0,433.287
98
-1444,0,-533.5
610.036,0,284.195
589.707,0,362.216
612.585,0,379.35
602.559,0,275.853
612.724,0,236.843
556.664,0,384.093
562.04,0,289.388
540.057,0,256.471
615.134,0,474.504
650.278,0,555.674
685.87,0,628.952
575.063,0,480.147
532.303,0,533.142
519.899,0,611.613
594.048,0,425.802
99
-1450,0,-534.5
585.739,0,276.217
588.811,0,315.94
610.231,0,386.211
601.629,0,274.988
613.832,0,226.092
580.866,0,316.554
554.573,0,286.62
536.225,0,256.07
617.605,0,481.546
655.53,0,558.533
684.895,0,628.19
585.21,0,476.059
533.896,0,535.972
524.151,0,616.647
597.413,0,427.163
100
-1457,0,-535.5
600.927,0,270.112
592.923,0,373.597
616.144,0,383.401
600.927,0,270.112
612.566,0,222.965
581.957,0,308.685
559.968,0,282.96
538.594,0,249.275
625.262,0,472.194
658.217,0,562.83
700.964,0,630.201
584.919,0,477.081
540.266,0,537.692
521.97,0,464.205
596.558,0,429.934
101
-1464,0,-535.5
594.088,0,328.75
593.277,0,368.586
616.857,0,385.006
603.191,0,273.143
612.133,0,225.502
569.049,0,384.033
555.221,0,280.136
539.934,0,247.944
623.041,0,472.807
661.097,0,561.256
699.64,0,625.804
591.006,0,480.125
488.882,0,406.312
519.781,0,454.764
599.948,0,432.485
102
-1471,0,-536.5
597.793,0,325.895
593.622,0,373.525
616.835,0,383.557
562.116,0,274.775
540.293,0,248.866
576.292,0,388.006
550.298,0,409.728
540.293,0,248.866
625.127,0,472.275
658.023,0,555.148
708.248,0,623.541
592.554,0,477.422
486.542,0,404.144
514.249,0,454.566
604.695,0,430.49
103
-1477,0,-537.5
602.292,0,325.177
598.742,0,373.046
621.816,0,382.779
604.855,0,397.565
617.873,0,222.047
573.892,0,387.247
558.51,0,273.798
537.21,0,240.131
623.196,0,471.123
656.723,0,553.83
707.802,0,613.772
591.049,0,476.761
485.932,0,396.767
513.345,0,454.954
602.488,0,429.478
104
-1484.5,0,-539
599.112,0,323.292
597.572,0,370.713
621.124,0,379.389
600.909,0,267.967
618.321,0,221.061
581.187,0,386.004
548.929,0,400.781
538.19,0,242.195
626.237,0,466.586
655.159,0,554.555
709.172,0,603.78
594.236,0,473.459
477.761,0,390.558
507.709,0,446.913
603.712,0,426.295
105
-1490.5,0,-540
602.153,0,321.404
606.543,0,369.319
629.877,0,379.018
598.361,0,265.603
617.902,0,219.503
581.416,0,383.275
548.312,0,396.626
544.314,0,237.715
631.278,0,466.359
657.208,0,547.629
709.461,0,599.172
598.772,0,471.825
553.506,0,539.766
564.08,0,611.941
610.336,0,425.119
106
-1496.5,0,-541
606.83,0,321.819
610.658,0,369.685
625.852,0,378.932
604.372,0,258.227
615.738,0,219.606
585.468,0,383.335
552.339,0,396.292
542.226,0,236.966
634.193,0,466.803
651.159,0,547.504
711.25,0,592.353
601.749,0,471.898
555.884,0,539.201
500.59,0,439.315
613.8,0,425.415
107
-1502.5,0,-542
603.501,0,318.826
607.854,0,367.009
631.095,0,376.74
599.747,0,262.712
619.233,0,216.329
590.763,0,381.67
549.832,0,394.531
560.175,0,363.408
631.855,0,472.507
649.706,0,553.613
710.883,0,590.136
608.015,0,470.706
562.892,0,539.081
498.559,0,438.513
611.608,0,423.123
108
-1507.5,0,-543
606.928,0,320.317
609.819,0,368.244
632.837,0,378.657
596.927,0,263.688
617.898,0,218.327
569.689,0,292.503
550.764,0,393.637
543.78,0,234.163
639.463,0,466.667
654.886,0,547.687
707.189,0,585.058
606.802,0,471.09
567.391,0,538.276
583.658,0,611.451
619.82,0,424.873
109
-1512,0,-543.5
610.174,0,319.422
612.983,0,367.448
635.984,0,377.91
600.269,0,262.67
621.318,0,217.247
595.362,0,381.432
553.884,0,392.814
566.123,0,354.383
642.459,0,466.101
649.792,0,546.432
709.985,0,584.81
609.79,0,470.49
570.263,0,537.757
586.406,0,611.096
622.887,0,424.2
110
-1519,0,-544
610.584,0,318.472
613.383,0,366.575
636.127,0,376.979
600.766,0,261.65
621.555,0,216.074
595.969,0,380.644
554.968,0,392.185
539.553,0,239.156
634.706,0,464.467
641.991,0,544.919
700.673,0,591.043
610.274,0,469.816
570.383,0,545.214
594.238,0,619.475
623.2,0,423.398
111
-1525.5,0,-544.5
615.175,0,320.243
619.325,0,368.259
634.58,0,377.428
604.347,0,255.798
623.396,0,217.588
602.172,0,382.78
553.245,0,394.756
542.061,0,234.916
643.511,0,465.563
645.131,0,545.165
697.576,0,589.101
619.047,0,471.551
548.186,0,457.929
599.088,0,620.95
622.842,0,424.171
112
-1530.5,0,-544.5
618.138,0,325.196
620.849,0,373.49
636.575,0,375.197
592.696,0,266.435
621.436,0,221.556
604.265,0,379.689
563.234,0,391.234
567.526,0,351.7
641.999,0,471.785
462.733,0,364.321
692.882,0,589.308
618.41,0,469.224
578.373,0,544.875
602.098,0,619.45
623.561,0,421.784
113
-1535.5,0,-545.5
617.988,0,327.215
622.645,0,367.426
637.872,0,376.656
599.417,0,261.955
619.242,0,215.812
605.448,0,381.928
564.424,0,394.451
545.795,0,233.607
645.873,0,472.898
463.15,0,362.146
474.436,0,418.837
622.048,0,470.919
583.711,0,547.384
609.567,0,621.215
560.424,0,346.33
114
-1541.5,0,-546
620.486,0,325.842
623.122,0,374.047
638.844,0,375.782
603.869,0,260.122
623.947,0,222.409
606.528,0,380.201
565.48,0,391.641
561.973,0,351.325
644.987,0,464.303
465.895,0,356.691
686.952,0,588.722
620.532,0,469.59
588.239,0,545.882
611.846,0,620.359
633.619,0,423.12
115
-1547.5,0,-547
630.361,0,326.204
626.218,0,373.837
642.158,0,375.224
603.315,0,267.86
623.398,0,221.614
617.558,0,381.083
568.357,0,392.801
563.84,0,352.414
649.811,0,471.875
635.627,0,542.631
469.956,0,416.237
537.168,0,382.089
595.087,0,547.104
620.752,0,621.326
564.53,0,344.475
116
-1553,0,-547.5
627.722,0,328.325
629.03,0,378.467
646.778,0,380.41
603.221,0,261.359
622.384,0,220.601
614.004,0,383.964
566.204,0,393.016
560.106,0,353.064
654.185,0,470.504
459.061,0,356.286
675.204,0,597.802
538.221,0,386.381
598.112,0,550.077
625.335,0,624.484
637.851,0,425.86
117
-1557.5,0,-549
627.36,0,329.324
634.005,0,377.071
644.015,0,382.226
600.695,0,271.267
626.953,0,221.468
618.743,0,381.875
570.579,0,388.732
548.266,0,237.934
654.925,0,470.162
635.805,0,542.633
670.1,0,598.287
542.929,0,380.824
597.651,0,554.644
629.074,0,627.816
640.649,0,424.817
118
-1563.5,0,-550
629.537,0,328.019
635.425,0,376.044
645.322,0,381.412
603.853,0,269.259
623.148,0,222.084
622.395,0,388.19
574.283,0,394.121
544.466,0,237.053
654.844,0,469.833
462.275,0,352.589
670.253,0,606.278
536.947,0,380.277
604.101,0,551.189
634.295,0,625.204
643.568,0,431.696
119
-1568.5,0,-551
632.752,0,329.114
633.264,0,379.251
650.919,0,381.516
601.865,0,264.351
629.134,0,221.354
618.204,0,384.472
577.959,0,390.039
564.982,0,352.609
656.878,0,471.693
461.646,0,346.506
459.818,0,414.225
540.053,0,378.023
609.87,0,555.076
635.823,0,629.935
641.306,0,426.777
120
-1572.5,0,-552
632.834,0,328.842
641.389,0,376.371
651.569,0,381.157
601.243,0,264.266
628.053,0,220.936
621.557,0,391.905
578.688,0,390.393
565.306,0,353.024
658.5,0,471.429
461.887,0,347.899
458.113,0,408.276
540.647,0,378.72
612.384,0,555.401
639.148,0,630.138
645.118,0,434.06
121
-1577.5,0,-553
635.167,0,327.654
643.195,0,375.372
653.355,0,380.276
604.222,0,262.61
631.634,0,219.473
623.11,0,390.729
582.706,0,396.279
553.425,0,238.089
661.85,0,478.326
463.392,0,344.946
458.897,0,405.408
537.106,0,386.793
517.488,0,452.482
645.531,0,627.03
646.261,0,433.221
122
-1581.5,0,-554
637.656,0,329.032
645.393,0,376.614
655.519,0,381.538
599.542,0,266.677
627.204,0,223.79
625.224,0,391.844
582.252,0,389.725
561.919,0,354.798
660.867,0,471.778
465.849,0,345.635
453.417,0,408.448
536.728,0,380.106
519.273,0,452.996
653.784,0,624.83
648.108,0,434.273
123
-1585.5,0,-554.5
639.833,0,329.087
642.64,0,379.08
660.434,0,380.465
605.92,0,266.008
631.275,0,221.762
630.733,0,392.374
580.295,0,395.559
565.58,0,358.861
663.106,0,473.11
466.243,0,347.574
454.2,0,403.522
538.821,0,378.11
619.822,0,558.623
656.678,0,629.042
655.816,0,433.434
124
-1589.5,0,-556
635.941,0,338.757
643.319,0,378.493
664.08,0,387.215
598.924,0,268.25
634.571,0,228.271
631.436,0,391.819
588.413,0,392.062
566.194,0,358.302
663.992,0,472.664
466.806,0,347.077
454.88,0,403.128
656.571,0,475.653
515.662,0,446.982
657.898,0,628.863
656.615,0,432.928
125
-1593.5,0,-557
643.368,0,330.62
650.647,0,380.222
657.089,0,389.429
606.116,0,267.582
630.213,0,223.62
641.401,0,386.609
591.534,0,393.742
555.413,0,234.321
657.36,0,478.015
471.637,0,339.994
625.688,0,609.152
657.36,0,478.015
517.57,0,444.837
671.351,0,625.409
657.925,0,429.823
126
-1597.5,0,-558
640.26,0,336.574
652.46,0,377.363
667.643,0,386.73
606.405,0,269.952
634.771,0,225.088
643.751,0,384.462
595.22,0,387.781
566.346,0,353.336
525.033,0,365.267
471.521,0,336.409
622.872,0,604.411
658.695,0,480.994
517.577,0,443.82
510.866,0,514.518
663.169,0,433.862
127
-1601.5,0,-559
640.049,0,340.742
649.623,0,390.273
660.422,0,393.383
607.986,0,267.195
630.807,0,226.993
642.721,0,394.132
589.619,0,396.381
570.137,0,361.537
657.974,0,486.226
469.945,0,344.378
621.906,0,616.161
657.974,0,486.226
521.489,0,452.769
675.899,0,631.709
652.295,0,443.663
128
-1605.5,0,-560
648.728,0,335.277
658.808,0,384.306
665.781,0,393.13
608.821,0,266.643
637.474,0,230.351
649.901,0,391.173
601.295,0,393.149
573.402,0,357.854
663.088,0,480.408
471.149,0,337.291
622.835,0,610.845
663.088,0,480.408
522.102,0,447.108
685.388,0,626.517
659.981,0,440.202
129
-1609.5,0,-561
645.127,0,336.136
656.379,0,384.909
663.561,0,393.564
611.548,0,269.266
640.101,0,224.432
647.639,0,391.988
599.094,0,395.128
558.155,0,240.153
662.961,0,480.881
476.386,0,335.326
462.198,0,397.469
544.145,0,381.748
521.217,0,450.969
688.756,0,626.414
658.891,0,440.762
130
-1613.5,0,-562
646.202,0,348.8
654.966,0,388.621
665.416,0,392.787
603.73,0,271.323
627.16,0,226.169
650.92,0,399.118
597.826,0,396.12
567.32,0,365.796
649.906,0,495.59
479.673,0,342.971
626.304,0,619.388
664.401,0,489.258
642.487,0,577.4
685.803,0,637.048
655.638,0,449.437
131
-1617.5,0,-563
649.577,0,344.478
662.52,0,385.183
669.895,0,393.689
615.113,0,270.358
634.679,0,224.188
653.941,0,392.473
605.478,0,396.721
561.081,0,242.407
662.668,0,488.462
481.461,0,339.603
637.08,0,613.609
550.242,0,384.566
528.868,0,454.429
691.713,0,633.662
666.281,0,441.075
132
-1620.5,0,-563.5
640.814,0,347.837
653.817,0,394.234
664.341,0,398.052
544.772,0,366.591
629.575,0,230.627
657.178,0,401.408
604.116,0,400.025
569.623,0,363.696
654.973,0,489.924
481.627,0,343.687
637.559,0,620.559
665.497,0,493.741
646.045,0,564.093
686.819,0,632.472
659.657,0,443.988
133
-1624.5,0,-564.5
650.628,0,341.037
659.955,0,390.249
666.735,0,399.156
613.119,0,264.047
634.092,0,226.914
651.056,0,397.041
571.805,0,274.459
575.838,0,362.919
662.929,0,486.558
482.823,0,342.382
638.151,0,611.094
670.769,0,487.616
531.776,0,452.885
691.968,0,626.345
661.442,0,438.404
134
-1627.5,0,-565.5
651.527,0,341.588
662.172,0,390.682
669.247,0,399.453
619.656,0,266.18
639.939,0,228.506
661.296,0,398.57
570.197,0,276.658
576.462,0,365.192
667.562,0,487.104
481.925,0,346.707
644.717,0,620.317
675.513,0,487.987
534.145,0,456.316
700.375,0,626.499
671.942,0,447.664
135
-1630.5,0,-566.5
649.408,0,341.015
666.653,0,391.252
674.549,0,392.334
619.592,0,265.119
632.856,0,227.044
666.653,0,391.252
570.07,0,274.287
558.573,0,240.796
669.561,0,487.395
480.374,0,341.777
463.889,0,403.347
677.457,0,488.477
658.824,0,565.71
706.579,0,628.108
668.107,0,439.323
136
-1633.5,0,-567
650.714,0,346.401
659.916,0,388.043
674.246,0,398.42
615.417,0,268.373
629.634,0,230.572
666.439,0,397.14
610.514,0,395.992
583.137,0,367.422
667.948,0,485.679
482.939,0,342.959
646.151,0,618.554
675.754,0,486.959
662.932,0,565.121
708.6,0,628.798
667.835,0,437.501
137
-1636.5,0,-568
651.908,0,347.064
661.636,0,388.586
668.275,0,397.599
615.626,0,269.488
629.363,0,231.511
669.458,0,389.767
574.151,0,279.244
584.602,0,368.938
670.904,0,486.112
484.103,0,345.746
650.791,0,619.252
678.725,0,487.294
546.94,0,459.375
553.118,0,524.392
670.181,0,437.94
138
-1639.5,0,-569
653.233,0,342.969
670.185,0,386.203
668.893,0,394.081
616.743,0,272.259
632.303,0,226.268
594.672,0,309.091
611.675,0,400.876
558.182,0,238.381
670.286,0,483.306
484.163,0,347.597
654.828,0,626.401
678.091,0,484.587
663.874,0,571.251
709.461,0,635.363
676.748,0,443.913
139
-1642,0,-569.5
648.585,0,344.519
666.301,0,387.351
672.986,0,396.384
619.838,0,267.888
633.538,0,229.726
672.986,0,396.384
616.838,0,396.078
581.076,0,366.643
675.832,0,485.245
486.828,0,352.634
477.474,0,415.561
683.686,0,486.412
671.994,0,565.072
565.546,0,525.13
673.824,0,444.747
140
-1644.5,0,-569.5
650.902,0,347.089
675.175,0,385.011
592.078,0,317.828
617.917,0,274.676
635.976,0,229.808
673.462,0,392.776
615.568,0,396.288
589.582,0,366.129
677.964,0,483.331
494.496,0,353.294
662.696,0,626.518
685.746,0,485.047
676.398,0,564.405
718.877,0,630.77
678.747,0,442.794
141
-1647.5,0,-571.5
659.321,0,341.995
674.03,0,385.826
680.093,0,395.297
616.88,0,275.698
635.126,0,231.204
672.289,0,393.535
621.986,0,398.383
588.19,0,366.446
676.554,0,483.622
491.066,0,360.723
484.945,0,424.158
692.161,0,487.146
682.56,0,565.999
725.001,0,632.296
677.453,0,443.314
142
-1649.5,0,-572
658.217,0,342.351
674.916,0,385.708
673.545,0,393.557
612.857,0,277.812
636.781,0,233.46
673.545,0,393.557
572.234,0,278.808
588.561,0,370.63
680.651,0,491.857
492.985,0,362.03
665.203,0,626.66
689.872,0,485.379
684.018,0,565.239
584.703,0,531.722
681.023,0,443.392
143
-1651,0,-572.5
654.729,0,341.955
671.024,0,385.318
593.48,0,322.56
617.81,0,278.639
634.303,0,233.268
677.417,0,394.57
577.185,0,279.197
592.66,0,370.828
677.219,0,483.303
495.737,0,369.048
666.921,0,626.659
692.892,0,486.201
686.3,0,565.682
731.056,0,630.447
578.43,0,360.127
144
-1653,0,-573
655.865,0,346.831
670.815,0,390.65
669.163,0,398.429
613.272,0,280.882
630.92,0,235.856
678.551,0,392.294
572.938,0,280.445
564.072,0,246.046
674.201,0,488.917
497.307,0,370.059
669.329,0,626.075
691.326,0,484.425
690.28,0,565.493
732.873,0,631.441
676.376,0,440.605
145
-1655,0,-574
660.228,0,343.784
676.081,0,387.002
674.591,0,394.748
617.773,0,271.35
632.992,0,234.11
682.359,0,396.243
575.952,0,279.372
558.609,0,243.902
681.503,0,484.447
502.204,0,369.622
498.051,0,433.091
697.039,0,487.435
689.906,0,566.398
735.341,0,623.339
681.186,0,444.218
146
-1657,0,-575
661.81,0,349.296
677.397,0,392.902
677.397,0,392.902
619.627,0,276.004
636.978,0,231.043
685.235,0,394.503
577.266,0,283.517
560.094,0,247.672
681.885,0,490.83
501.788,0,373.192
504.78,0,438.477
699.147,0,486.272
589.414,0,463.853
744.322,0,624.85
683.56,0,442.666
147
-1659,0,-575.5
661.353,0,348.611
676.604,0,392.19
593.213,0,326.477
619.905,0,275.369
635.649,0,238.179
684.353,0,393.788
577.962,0,282.897
561.112,0,247.075
680.661,0,490.073
501.332,0,380.321
504.037,0,445.576
697.758,0,485.51
697.264,0,566.28
616.824,0,525.437
682.507,0,441.93
148
-1660,0,-575.5
662.036,0,347.487
677.676,0,391.159
676.116,0,398.955
618.262,0,281.966
599.538,0,375.52
602.647,0,319.383
577.633,0,281.943
560.433,0,246.066
690.207,0,490.969
499.531,0,387.939
679.308,0,626.632
699.581,0,484.737
699.605,0,565.827
751.193,0,632.911
585.471,0,364.596
149
-1661,0,-576
668.91,0,345.576
600.883,0,321.486
591.311,0,327.412
619.517,0,276.848
636.339,0,239.953
689.076,0,399.296
577.093,0,283.251
561.063,0,246.832
684.66,0,488.095
503.348,0,388.487
513.942,0,448.132
700.18,0,491.728
599.301,0,468.113
750.594,0,626.027
685.962,0,447.567
150
-1662,0,-576.5
665.284,0,348.21
682.542,0,391.548
681.255,0,399.444
620.302,0,276.04
634.628,0,237.847
689.151,0,400.731
578.25,0,285.401
559.706,0,249.959
689.51,0,498.054
503.686,0,394.838
518.371,0,453.968
706.588,0,492.73
709.519,0,574.262
757.074,0,630.64
689.331,0,449.392
151
-1663,0,-576.5
663.181,0,346.492
685.828,0,392.025
684.11,0,399.741
620.542,0,280.312
638.657,0,235.755
693.637,0,393.763
578.063,0,287.052
561.507,0,250.974
688.642,0,489.83
513.254,0,394.099
682.869,0,626.216
705.978,0,485.591
712.228,0,567.965
756.584,0,626.429
691.139,0,441.797
152
-1664,0,-577
663.391,0,350.957
596.031,0,326.513
594.167,0,334.227
614.909,0,282.085
564.797,0,253.644
692.527,0,398.823
633.093,0,408.955
607.92,0,378.376
695.094,0,489.259
512.126,0,404.215
678.782,0,624.121
712.342,0,485.262
716.772,0,567.983
757.563,0,634.996
696.724,0,448.828
153
-1665,0,-577.5
672.557,0,346.265
684.101,0,391.229
594.139,0,331.375
615.318,0,287.783
636.498,0,244.191
697.072,0,403.376
636.98,0,410.527
611.038,0,386.232
695.052,0,494.185
513.702,0,407.293
530.601,0,462.151
712.544,0,491.051
618.895,0,471.654
760.147,0,638.089
590.452,0,371.832
154
-1666,0,-578
668.121,0,346.38
691.148,0,391.791
597.707,0,331.349
615.452,0,286.543
611.257,0,382.836
697.318,0,401.208
582.504,0,287.609
565.647,0,251.614
702.6,0,491.425
515.275,0,410.942
536.649,0,464.099
596.819,0,412.151
624.363,0,474.724
762.205,0,633.734
597.263,0,371.75
155
-1666.5,0,-578.5
668.836,0,353.694
684.918,0,399.612
694.118,0,406.126
615.953,0,281.72
632.541,0,238.217
694.118,0,406.126
639.353,0,415.692
610.376,0,388.268
574.011,0,410.862
519.246,0,420.428
536.705,0,474.226
709.259,0,492.814
625.518,0,474.956
658.624,0,526.021
702.377,0,453.41
156
-1666.5,0,-578.5
668.036,0,353.169
688.396,0,396.921
690.515,0,404.566
701.109,0,442.791
650.16,0,407.518
690.515,0,404.566
644.631,0,417.282
611.096,0,385.415
577.097,0,411.302
513.801,0,420.612
546.046,0,477.535
594.51,0,414.708
626.756,0,471.631
763.846,0,639.446
695.581,0,452.556
157
-1666.5,0,-578.5
667.926,0,362.683
690.553,0,398.851
703.354,0,408.166
661.979,0,397.763
615.916,0,393.801
692.266,0,409.95
643.23,0,423.528
615.916,0,393.801
701.285,0,505.178
681.276,0,559.582
543.898,0,479.322
717.059,0,496.953
729.051,0,574.642
763.218,0,648.763
699.119,0,454.343
158
-1666.5,0,-578.5
678.298,0,350.601
607.649,0,337.816
597.786,0,343.15
578.717,0,296.1
619.121,0,382.602
704.966,0,399.915
642.72,0,414.455
642.424,0,248.902
710.447,0,492.555
532.619,0,423.006
684.879,0,633.853
718.046,0,494.819
735.655,0,574.527
765.391,0,641.303
706.574,0,450.034
159
-1666.5,0,-578.5
674.192,0,351.705
604.944,0,334.307
603.023,0,341.951
653.055,0,403.278
566.447,0,259.625
703.061,0,399.589
649.214,0,418.566
643.377,0,246.448
585.74,0,410.745
524.199,0,427.789
560.762,0,477.607
720.408,0,493.336
741.595,0,571.796
766.624,0,634.968
706.927,0,449.318
160
-1666.5,0,-579
673.983,0,356.163
691.667,0,401.492
701.112,0,407.68
620.167,0,293.912
644.766,0,256.034
701.112,0,407.68
648.178,0,426.996
624.344,0,391.136
713.087,0,503.263
527.921,0,435.956
683.22,0,632.178
720.884,0,501.622
642.469,0,477.249
767.785,0,647.081
710.998,0,454.651
161
-1666.5,0,-578.5
681.303,0,356.22
612.226,0,335.914
602.326,0,341.222
660.284,0,399.355
646.588,0,247.388
708.559,0,405.327
590.42,0,296.628
576.29,0,259.599
717.021,0,490.004
535.039,0,428.288
569.971,0,479.651
732.371,0,494.517
750.732,0,573.884
773.541,0,638.122
712.79,0,447.666
162
-1665,0,-579.5
678.944,0,351.584
697.307,0,398.919
605.806,0,344.845
587.443,0,297.51
574.271,0,260.127
712.492,0,403.762
649.736,0,416.927
624.168,0,392.18
716.445,0,496.274
536.619,0,430.619
570.168,0,482.798
734.032,0,493.588
750.38,0,573.463
771.532,0,638.279
715.669,0,446.254
163
-1665,0,-580
683.636,0,356.748
612.667,0,342.218
612.667,0,342.218
658.848,0,407.472
649.723,0,253.507
709.432,0,407.028
653.941,0,422.667
579.006,0,264.228
715.347,0,492.837
532.639,0,433.832
573.661,0,489.029
733.027,0,490.157
749.008,0,570.827
767.444,0,643.9
712.39,0,449.933
164
-1665,0,-580
680.799,0,353.489
699.85,0,400.414
610.087,0,340.447
657.281,0,404.08
582.648,0,266.283
707.454,0,402.702
652.735,0,419.189
626.864,0,394.926
720.469,0,497.241
540.239,0,434.765
574.498,0,486.266
730.346,0,491.975
747.908,0,571.405
767.742,0,643.281
613.929,0,382.795
165
-1664,0,-580
680.943,0,359.139
701.925,0,398.933
609.909,0,344.975
666.648,0,404.362
653.755,0,259.352
709.553,0,401.344
651.872,0,424.562
628.508,0,392.306
721.485,0,496.309
538.414,0,438.439
582.279,0,485.467
739.123,0,493.594
755.82,0,573.485
767.272,0,643.427
613.252,0,387.483
166
-1663,0,-580
682.161,0,359.718
701.349,0,400.602
708.868,0,403.335
663.109,0,412.137
659.468,0,258.215
706.146,0,410.824
600.1,0,304.46
625.515,0,398.473
726.764,0,494.616
540.869,0,444.008
695.533,0,627.386
737.004,0,489.86
750.103,0,570.92
765.924,0,644.492
717.816,0,448.976
167
-1663,0,-580
677.7,0,357.831
703.58,0,401.444
612.874,0,350.459
665.592,0,412.617
586.12,0,264.139
710.986,0,404.223
652.61,0,424.698
628.561,0,398.723
727.547,0,495.194
712.651,0,557.41
694.968,0,627.056
737.741,0,490.543
749.683,0,571.305
764.412,0,644.637
719.267,0,449.708
168
-1662,0,-580
689.359,0,356.34
624.06,0,347.01
613.641,0,351.39
665.287,0,415.501
660.167,0,258.268
711.365,0,408.391
659.269,0,430.292
628.237,0,400.426
728.745,0,493.038
719.493,0,558.229
699.823,0,627.801
608.791,0,426.992
546.277,0,453.273
581.71,0,493.548
718.55,0,454.412
169
-1661,0,-580
680.095,0,354.372
704.947,0,397.683
622.306,0,349.767
638.074,0,306.43
661.658,0,261.54
706.484,0,405.419
597.455,0,306.456
633.062,0,403.919
724.921,0,498.251
545.409,0,453.493
702.605,0,631.342
740.554,0,495.146
748.102,0,574.058
761.93,0,643.682
715.702,0,451.835
170
-1660,0,-580
689.965,0,352.664
706.071,0,401.008
713.546,0,403.773
667.899,0,412.321
662.468,0,266.199
710.788,0,411.23
662.383,0,427.235
594.398,0,266.454
730.81,0,494.931
716.219,0,557.352
706.345,0,629.995
741.043,0,490.238
753.591,0,571.175
768.898,0,644.654
722.178,0,449.352
171
-1659,0,-580
688.718,0,358.481
709.139,0,398.463
706.673,0,405.972
671.453,0,411.04
667.953,0,268.472
714.244,0,408.459
605.258,0,306.109
592.409,0,268.613
727.438,0,495.98
715.278,0,558.535
718.262,0,626.065
745.048,0,493.446
753.137,0,570.971
763.692,0,640.988
724.627,0,453.463
172
-1658,0,-580
692.151,0,356.409
626.505,0,350.283
701.769,0,401.701
673.891,0,408.751
672.915,0,265.824
716.876,0,406.971
606.725,0,309.833
641.069,0,405.688
728.559,0,494.921
549.61,0,449.269
592.051,0,497.624
746.275,0,492.714
753.012,0,570.551
769.912,0,643.546
726.494,0,452.264
173
-1657,0,-580
695.363,0,356.343
705.669,0,401.766
713.267,0,404.27
667.782,0,414.502
672.255,0,273.08
720.865,0,406.773
662.786,0,429.668
637.388,0,404.49
733.877,0,495.116
718.994,0,565.864
721.806,0,634.035
743.974,0,490.036
751.885,0,568.293
767.395,0,649.053
723.572,0,449.693
174
-1656,0,-580
688.119,0,356.875
708.581,0,396.739
706.164,0,404.296
671.203,0,409.777
674.625,0,269.258
713.696,0,406.705
663.953,0,432.45
641.075,0,400.144
727.19,0,494.322
722.921,0,559.598
592.178,0,501.131
744.67,0,491.581
753.049,0,569.232
761.428,0,646.883
724.209,0,451.717
175
-1655,0,-580
695.321,0,356.284
637.238,0,352.661
712.388,0,404.243
674.323,0,416.046
673.658,0,273.139
719.936,0,406.895
669.073,0,430.987
644.132,0,405.439
731.426,0,494.858
552.58,0,448.804
594.915,0,497.249
749.146,0,492.691
755.714,0,570.532
764.907,0,640.902
729.455,0,452.202
176
-1653,0,-580
697.063,0,356.502
715.07,0,404.388
715.07,0,404.388
677.21,0,417.205
673.775,0,273.291
722.674,0,406.875
618.385,0,313.972
605.5,0,276.16
735.877,0,495.187
556.028,0,453.168
591.724,0,498.44
745.962,0,490.086
754.043,0,568.323
762.123,0,646.561
725.473,0,449.788
177
-1651,0,-580
694.168,0,350.644
712.487,0,398.14
710.059,0,405.676
674.744,0,410.937
677.946,0,270.55
717.673,0,408.129
667.461,0,433.547
644.286,0,401.125
731.467,0,495.761
553.903,0,446.876
587.451,0,499.278
749.124,0,493.13
750.117,0,568.319
758.723,0,645.961
728.377,0,453.172
178
-1649,0,-579.5
694.352,0,352.338
712.542,0,399.578
720.1,0,402.002
675.084,0,412.405
678.238,0,272.64
717.692,0,409.51
670.267,0,427.422
644.851,0,402.707
731.397,0,496.717
555.151,0,448.463
588.458,0,500.551
748.922,0,494.057
749.92,0,568.906
760.885,0,638.672
730.732,0,446.817
179
-1647,0,-580
698.603,0,350.819
716.835,0,398.396
714.411,0,405.967
676.783,0,418.96
682.481,0,270.527
722,0,408.397
671.934,0,434.103
648.853,0,401.669
735.698,0,496.26
558.734,0,447.94
592.143,0,500.376
745.711,0,491.119
754.245,0,568.981
755.19,0,644.413
732.643,0,453.544
180
-1645,0,-580
695.618,0,352.538
714.833,0,399.64
722.446,0,401.884
677.64,0,413.544
677.778,0,272.689
720.199,0,409.509
673.146,0,428.796
647.189,0,404.571
735.792,0,496.984
553.083,0,443.144
585.277,0,502.359
745.652,0,491.602
670.394,0,494.289
750.88,0,642.326
731.802,0,454.368
181
-1643,0,-580
701.244,0,353.383
719.736,0,400.805
727.359,0,403.231
682.041,0,413.735
684.73,0,273.359
643.079,0,351.491
677.24,0,428.823
608.918,0,274.16
739.072,0,498.343
553.71,0,447.672
587.448,0,499.946
749.096,0,493.225
750.363,0,568.398
751.63,0,643.57
730.604,0,445.802
182
-1641,0,-580
696.355,0,351.354
715.401,0,398.68
636.056,0,358.172
677.994,0,412.385
610.93,0,275.738
645.982,0,352.838
671.109,0,435.272
647.472,0,403.203
735.938,0,496.372
552.807,0,441.279
584.819,0,500.825
745.863,0,491.038
668.009,0,500.894
748.039,0,649.761
732.152,0,453.636
183
-1639,0,-580
703.269,0,347.695
721.796,0,394.804
719.441,0,402.33
682.075,0,415.424
684.232,0,275.639
727.016,0,404.7
669.79,0,428.104
651.774,0,405.942
733.768,0,489.436
557.182,0,442.44
590.859,0,494.29
741.343,0,491.807
742.875,0,566.647
751.982,0,643.857
730.392,0,447.068
184
-1636,0,-580
705.512,0,351.475
719.465,0,395.786
645.698,0,361.705
681.038,0,419.339
683.495,0,272.46
725.355,0,405.392
669.573,0,432.974
651.903,0,404.157
735.906,0,498.043
559.551,0,447.544
589.001,0,495.572
745.513,0,492.154
670.202,0,498.666
741.197,0,646.78
731.56,0,447.844
185
-1634,0,-580
701.647,0,352.304
723.306,0,398.367
721.421,0,406.056
686.572,0,413.817
687.527,0,275.485
721.421,0,406.056
675.033,0,427.291
647.722,0,404.296
741.428,0,492.468
556.831,0,439.078
584.375,0,494.734
741.428,0,492.468
665.844,0,498.398
744.475,0,648.083
735.31,0,450.214
186
-1631,0,-580
707.009,0,350.152
719.197,0,394.758
724.7,0,404.549
689.717,0,411.079
612.668,0,274.001
724.7,0,404.549
675.568,0,431.752
651.392,0,400.202
741.41,0,491.585
557.45,0,439.375
805.291,0,616.697
741.41,0,491.585
735.126,0,572.095
738.667,0,647.164
736.888,0,449.155
187
-1628,0,-580
705.994,0,351.289
719.807,0,395.644
725.667,0,405.268
690.931,0,413.217
616.639,0,280.361
725.667,0,405.268
677.54,0,434.557
652.219,0,403.801
745.551,0,492.094
553.871,0,437.272
804.358,0,621.183
745.551,0,492.094
734.465,0,571.387
733.004,0,644.822
731.738,0,447.74
188
-1625,0,-580
709.069,0,356.244
721.287,0,401.139
721.287,0,401.139
684.124,0,415.576
690.145,0,276.297
645.539,0,346.689
672.134,0,428.792
653.439,0,406.955
745.722,0,490.927
553.94,0,437.05
807.549,0,624.39
745.722,0,490.927
729.643,0,577.626
735.383,0,645.578
733.505,0,446.033
189
-1622,0,-580
705.192,0,349.977
725.652,0,396.655
723.569,0,404.31
688.526,0,411.216
657.649,0,402.813
731.288,0,406.41
674.557,0,432.08
617.341,0,276.737
741.333,0,491.363
558.154,0,433.289
812.517,0,625.842
741.333,0,491.363
728.219,0,570.013
732.628,0,645.209
736.311,0,448.886
190
-1619,0,-580
705.142,0,353.947
718.631,0,398.089
724.428,0,407.71
689.52,0,415.064
693.667,0,269.626
734.132,0,402.052
677.863,0,428.362
618.052,0,274.714
745.607,0,486.373
561.541,0,431.183
809.324,0,624.742
745.607,0,486.373
724.126,0,570.408
731.756,0,637.469
737.917,0,451.852
191
-1616,0,-579
706.221,0,354.346
725.063,0,401.758
715.114,0,407.049
687.595,0,415.301
689.071,0,274.128
732.684,0,404.087
675.318,0,428.212
621.119,0,278.356
747.507,0,491.924
556.984,0,433.707
581.119,0,491.067
632.557,0,431.807
661.985,0,499.115
726.133,0,643.68
736.285,0,446.841
192
-1612,0,-579
709.353,0,354.788
724.338,0,400.576
725.517,0,408.406
693.873,0,413.17
688.474,0,269.852
725.517,0,408.406
629.903,0,310.7
617.277,0,280.572
754.307,0,492.151
559.389,0,433.42
575.553,0,487.037
738.485,0,494.533
658.198,0,498.615
720.152,0,641.425
731.411,0,447.554
193
-1609,0,-579
707.333,0,357.02
720.025,0,401.732
727.693,0,403.781
683.171,0,416.67
689.617,0,269.646
735.36,0,405.831
679.047,0,432.094
622.093,0,276.384
753.077,0,493.205
765.188,0,570.817
806.487,0,631.44
745.409,0,491.155
660.489,0,501.507
713.9,0,639.742
738.323,0,456.206
194
-1606,0,-578
710.16,0,349.441
721.204,0,394.229
726.445,0,404.127
691.439,0,409.818
693.315,0,269.763
734.026,0,406.478
676.837,0,430.109
618.062,0,271.247
750.872,0,486.156
767.717,0,565.834
806.746,0,627.573
740.95,0,491.353
709.967,0,564.473
711.65,0,639.45
737.488,0,448.915
195
-1602,0,-578
710.747,0,351.355
724.092,0,395.906
729.86,0,405.612
694.904,0,413.092
671.657,0,407.126
737.609,0,407.6
681.214,0,434.255
656.159,0,403.149
748.801,0,492.726
769.722,0,572.123
804.333,0,630.357
741.052,0,490.738
713.499,0,565.921
711.173,0,639.352
735.456,0,448.175
196
-1599,0,-577
706.418,0,349.905
725.891,0,404.049
733.598,0,405.925
691.277,0,412.089
696.408,0,256.897
733.598,0,405.925
677.892,0,433.531
652.742,0,402.706
753.207,0,493.037
767.002,0,570.5
576.082,0,482.845
743.607,0,498.934
703.453,0,563.26
709.541,0,638.846
737.656,0,456.316
197
-1596,0,-576
714.997,0,352.199
727.034,0,396.838
732.504,0,406.646
689.847,0,410.856
674.534,0,406.455
732.504,0,406.646
685.474,0,426.071
620.924,0,275.744
758.764,0,488.316
762.054,0,563.384
800.344,0,632.04
741.264,0,491.522
704.084,0,563.192
707.375,0,638.26
736.884,0,449.084
198
-1592,0,-576
710.824,0,353.105
724.122,0,397.415
729.857,0,407.059
695.184,0,414.614
674.067,0,401.059
729.857,0,407.059
683.584,0,428.036
658.686,0,397.148
750.717,0,486.035
763.885,0,563.055
796.345,0,628.609
741.071,0,491.768
706.14,0,564.744
703.927,0,637.853
735.464,0,449.413
199
-1589,0,-576
716.143,0,350.176
729.263,0,394.514
727.28,0,402.192
692.603,0,409.616
620.549,0,276.349
734.958,0,404.175
680.959,0,422.989
656.196,0,392.024
753.519,0,490.868
758.707,0,565.918
790.895,0,631.56
745.841,0,488.885
702.979,0,559.716
708.167,0,634.766
740.4,0,446.53
200
-1585,0,-575
709.798,0,346.996
731.287,0,392.855
729.439,0,400.552
695.017,0,408.569
687.335,0,406.724
737.121,0,402.396
683.64,0,422.118
622.869,0,269.147
749.372,0,486.738
755.788,0,561.54
788.945,0,626.48
739.842,0,492.591
657.482,0,497.239
706.584,0,631.129
735.565,0,442.723
201
-1581,0,-574
712.129,0,348.206
725.987,0,392.246
731.855,0,401.809
689.409,0,407.716
694.026,0,254.34
731.855,0,401.809
685.664,0,423.066
624.615,0,269.932
751.83,0,488
758.198,0,562.739
575.929,0,469.478
744.09,0,486.112
659.198,0,497.926
677.051,0,559.204
737.972,0,443.96
202
-1578,0,-573
715.747,0,351.407
728.934,0,395.942
726.944,0,403.655
694.102,0,403.406
691.364,0,254.623
736.647,0,397.932
680.418,0,424.554
621.7,0,269.552
745.605,0,490.735
750.83,0,566.121
783.175,0,632.053
737.892,0,488.744
702.563,0,561.892
715.501,0,639.269
740.131,0,448.19
203
-1575,0,-573
715.19,0,346.298
731.496,0,389.47
730.04,0,397.217
675.297,0,298.693
691.897,0,253.685
737.902,0,398.695
684.903,0,420.819
623.174,0,272.853
745.47,0,488.353
565.512,0,406.4
783.613,0,631.885
745.47,0,488.353
654.616,0,495.34
719.258,0,627.811
737.027,0,446.659
204
-1570,0,-572
717.422,0,347.88
724.606,0,390.31
730.699,0,399.788
688.558,0,407.165
689.201,0,251.887
738.46,0,401.443
685.222,0,422.813
620.441,0,269.949
745.066,0,484.648
745.578,0,558.375
577.079,0,473.379
743.398,0,492.472
705.104,0,557.927
721.139,0,634.962
737.882,0,442.218
205
-1568,0,-572
713.675,0,345.378
729.76,0,388.662
736.107,0,397.916
674.11,0,297.619
690.812,0,252.539
736.107,0,397.916
683.229,0,420.014
614.453,0,270.163
744.796,0,480.01
745.658,0,560.613
772.959,0,630.166
735.49,0,486.281
706.524,0,553.155
673.737,0,554.951
736.538,0,438.217
206
-1563,0,-570
717.356,0,342.368
723.907,0,392.405
730.194,0,401.742
678.124,0,294.183
687.162,0,247.142
739.495,0,395.399
636.142,0,302.376
618.785,0,266.523
738.513,0,484.637
740.545,0,558.193
579.621,0,470.369
738.513,0,484.637
707.863,0,560.044
734.782,0,630.253
730.457,0,442.441
207
-1559,0,-570
710.51,0,343.499
728.176,0,386.567
734.85,0,395.647
677.142,0,298.097
685.395,0,404.468
734.85,0,395.647
683.042,0,420.294
664.198,0,385.14
737.606,0,485.025
564.112,0,410.696
579.425,0,469.589
729.756,0,483.857
656.751,0,489.176
739.975,0,630.96
735.639,0,444.292
208
-1556,0,-570
714.674,0,344.851
731.894,0,388.051
730.601,0,395.912
675.064,0,289.898
690.712,0,244.029
738.495,0,397.209
633.009,0,299.131
613.204,0,271.654
741.359,0,478.416
566.259,0,409.261
580.894,0,468.183
732.173,0,484.98
658.542,0,489.022
749.673,0,625.108
732.033,0,436.515
209
-1552,0,-568
718.158,0,340.025
726.317,0,389.466
725.055,0,397.282
669.411,0,292.052
684.848,0,246.421
734.183,0,390.735
681.943,0,414.384
663.394,0,379.307
736.032,0,479.26
570.566,0,404.424
585.328,0,462.951
736.032,0,479.26
715.547,0,556.159
676.22,0,549.81
734.476,0,438.906
210
-1548,0,-568
717.126,0,338.203
726.8,0,387.421
725.791,0,395.288
674.977,0,292.811
685.448,0,398.105
734.667,0,388.431
683.429,0,413.838
663.869,0,379.343
739.292,0,476.982
729.194,0,555.647
580.952,0,464.652
731.425,0,475.972
658.607,0,482.617
674.128,0,548.578
728.608,0,435.63
211
-1544,0,-567
719.669,0,340.333
730.303,0,382.081
728.211,0,397.944
671.47,0,277.493
687.509,0,400.646
737.188,0,391.058
628.676,0,296.058
665.806,0,381.646
741.547,0,480.395
731.089,0,559.708
746.517,0,626.297
733.616,0,479.349
660.142,0,485.8
676.616,0,544.456
738.845,0,439.692
212
-1540,0,-565
719.532,0,341.703
730.211,0,383.035
729.202,0,390.898
670.549,0,287.461
538.053,0,510.222
729.202,0,390.898
678.997,0,408.43
609.666,0,263.661
733.824,0,479.407
567.909,0,402.162
584.432,0,460.23
733.824,0,479.407
723.731,0,558.035
677.564,0,544.116
731.008,0,439.084
213
-1536,0,-565
712.721,0,337.251
732.281,0,379.124
730.644,0,394.891
670.329,0,285.041
608.897,0,262.728
731.463,0,387.008
681.706,0,405.749
661.329,0,371.76
730.346,0,474.545
570.518,0,402.177
738.45,0,626.788
730.346,0,474.545
658.575,0,475.065
772.439,0,606.41
734.437,0,435.127
214
-1533,0,-564
719.545,0,338.661
730.227,0,380.006
729.218,0,387.872
662.681,0,283.392
676.604,0,237.21
737.083,0,388.881
678.997,0,405.41
667.305,0,371.929
733.842,0,476.409
567.873,0,399.139
739.264,0,621.013
733.842,0,476.409
731.611,0,556.072
781.619,0,602.466
731.025,0,436.073
215
-1528,0,-563
716.86,0,330.991
727.773,0,380.177
734.874,0,388.923
666.329,0,277.693
603.763,0,263.191
734.874,0,388.923
625.067,0,289.428
664.384,0,373.598
725.828,0,476.082
573.114,0,404.17
734.795,0,621.173
733.751,0,476.904
661.617,0,477.426
784.804,0,602.336
729.94,0,436.464
216
-1524,0,-562
718.219,0,334.285
730.616,0,375.544
729.2,0,391.481
658.719,0,280.808
670.936,0,233.705
737.876,0,384.221
679.972,0,403.17
666.867,0,369.879
730.087,0,471.875
730.975,0,552.269
732.571,0,624.695
738.056,0,472.583
738.943,0,552.978
790.475,0,605.746
733.628,0,432.032
217
-1521,0,-561
714.238,0,331.638
733.359,0,373.774
723.663,0,388.635
656.605,0,277.089
669.924,0,230.693
732.453,0,381.658
682.433,0,399.873
662.406,0,365.62
730.371,0,469.283
570.251,0,402.956
728.924,0,620.884
730.371,0,469.283
744.962,0,550.837
795.617,0,596.597
727.017,0,428.959
218
-1517,0,-560
718.935,0,326.828
729.168,0,375.877
728.246,0,383.743
660.485,0,280.103
598.346,0,264.845
737.05,0,376.8
678.184,0,401.8
658.225,0,367.562
725.986,0,471.202
717.687,0,542.003
591.982,0,455.496
733.868,0,472.126
669.886,0,472.601
687.079,0,530.441
730.596,0,431.868
219
-1513,0,-559
717.632,0,331.359
730.503,0,372.278
729.298,0,388.164
657.707,0,278.881
674.302,0,376.001
737.843,0,380.824
680.436,0,400.432
666.962,0,367.456
722.667,0,475.533
576.579,0,400.538
719.759,0,619.104
739.155,0,468.796
667.068,0,471.313
800.994,0,601.304
734.226,0,428.48
220
-1509,0,-558
721.118,0,330.696
733.24,0,371.844
731.744,0,387.705
662.163,0,277.131
683.414,0,391.148
732.492,0,379.774
682.666,0,399.078
661.867,0,365.113
731.447,0,475.686
717.534,0,538.381
717.985,0,618.432
740.126,0,468.504
668.005,0,469.703
799.532,0,602.12
735.935,0,428.104
221
-1506,0,-558
716.704,0,329.164
728.39,0,370.245
735.461,0,378.952
658.505,0,275.285
678.603,0,389.001
735.461,0,378.952
685.673,0,397.708
665.281,0,363.698
734.347,0,466.546
573.595,0,402.028
599.421,0,460.523
742.236,0,467.364
670.419,0,467.888
800.141,0,600.948
730.55,0,426.284
222
-1502,0,-556
718.203,0,323.978
734.344,0,374.674
733.116,0,382.509
652.594,0,281.588
598.974,0,265.16
733.116,0,382.509
682.421,0,398.65
663.825,0,363.625
735.284,0,471.154
717.628,0,532.61
713.188,0,612.192
743.12,0,472.382
756.805,0,538.748
803.061,0,602.189
734.814,0,422.914
223
-1498,0,-556
716.884,0,324.943
733.822,0,375.63
732.702,0,383.517
651.501,0,275.42
658.225,0,228.095
732.702,0,383.517
683.136,0,392.568
596.289,0,267.575
736.149,0,472.521
577.237,0,401.661
600.942,0,461.356
745.157,0,465.754
673.049,0,463.555
798.213,0,602.039
734.986,0,424.075
224
-1495,0,-555
720.034,0,330.399
729.241,0,372.13
735.78,0,381.25
657.31,0,271.805
686.22,0,389.166
735.78,0,381.25
684.929,0,396.996
666.602,0,361.805
737.242,0,469.96
579.269,0,403.707
706.181,0,609.606
746.363,0,463.421
766.066,0,539.052
796.181,0,600.314
737.157,0,421.69
225
-1490,0,-554
717.017,0,326.081
734.265,0,369.011
731.762,0,384.681
652.758,0,275.643
683.5,0,385.008
740.849,0,378.097
682.249,0,392.843
663.749,0,357.748
742.753,0,466.786
583.222,0,409.166
793.247,0,603.411
742.753,0,466.786
678.821,0,464.61
704.558,0,605.316
741.175,0,426.359
226
-1487,0,-553
716.57,0,327.288
732.845,0,370.59
739.221,0,379.821
653.473,0,275.422
681.739,0,385.437
739.221,0,379.821
688.116,0,394.668
668.986,0,366.974
739.127,0,468.519
580.956,0,407.327
705.63,0,607.561
748.359,0,462.142
766.727,0,538.087
795.755,0,599.851
739.888,0,420.268
227
-1484,0,-552
714.537,0,328.228
730.292,0,371.925
736.57,0,381.279
651.885,0,275.301
587.817,0,270.808
736.57,0,381.279
685.058,0,395.496
667.764,0,359.616
744.633,0,464.056
585.11,0,408.298
607.143,0,461.349
752.449,0,465.595
762.05,0,540.555
790.361,0,602.961
736.693,0,421.898
228
-1479,0,-551
714.355,0,325.455
735.49,0,371.937
733.558,0,379.7
652.79,0,277.152
647.054,0,234.504
743.19,0,373.853
689.263,0,393.406
589.262,0,269.582
745.03,0,464.997
585.274,0,416.984
614.109,0,465.383
752.73,0,466.914
760.368,0,534.769
783.405,0,606.457
739.294,0,422.349
229
-1476,0,-550
720.03,0,319.7
731.881,0,371.641
737.725,0,381.249
648.336,0,277.568
687.512,0,385.253
739.619,0,373.543
685.619,0,392.96
668.087,0,364.137
742.001,0,464.015
589.144,0,418.282
717.547,0,596.923
751.632,0,458.21
765.54,0,535.172
781.341,0,604.427
743.732,0,423.583
230
-1472,0,-549
721.156,0,320.843
735.803,0,372.471
734.314,0,380.332
647.02,0,282.374
648.093,0,233.723
743.663,0,373.96
690.546,0,396.468
671.432,0,368.42
743.006,0,463.401
588.779,0,417.902
725.555,0,598.513
750.866,0,464.89
761.047,0,540.098
782.065,0,601.075
742.59,0,422.611
231
-1468,0,-548
720.728,0,325.319
647.604,0,328.421
735.66,0,376.776
640.483,0,278.369
648.982,0,231.128
744.886,0,370.308
692.36,0,393.372
665.369,0,364.131
743.509,0,467.601
590.14,0,423.753
612.881,0,476.614
752.735,0,461.132
755.607,0,534.805
775.516,0,603.414
744.197,0,418.954
232
-1464,0,-548
724.604,0,317.594
649.359,0,327.037
737.412,0,376.74
642.866,0,277.223
642.687,0,236.743
746.796,0,370.5
693.565,0,392.369
666.77,0,362.823
745.619,0,459.248
588.636,0,428.321
620.212,0,474.987
753.468,0,460.794
755.36,0,533.968
774.483,0,602.448
745.44,0,418.767
233
-1461,0,-546
719.297,0,316.004
734.536,0,367.016
733.167,0,374.833
645.228,0,278.862
644.255,0,238.405
742.354,0,368.385
689.973,0,391.442
670.627,0,363.882
742.931,0,457.116
594.397,0,431.107
625.272,0,484.856
750.749,0,458.485
754.064,0,531.58
774.383,0,599.596
741.958,0,416.659
234
-1457,0,-545
721.551,0,320.875
648.406,0,322.837
735.843,0,372.16
640.391,0,280.856
640.166,0,240.388
745.147,0,365.883
620.269,0,301.202
672.003,0,367.845
744.083,0,454.609
594.542,0,433.647
624.417,0,487.959
751.874,0,456.122
753.835,0,529.267
765.102,0,596.134
743.858,0,414.141
235
-1453,0,-545
719.231,0,313.982
651.805,0,325.191
731.983,0,373.558
643.817,0,282.857
643.68,0,242.065
749.226,0,368.793
615.64,0,301.779
667.642,0,369.068
740.108,0,456.685
595.725,0,444.619
627.262,0,491.581
755.808,0,459.77
749.775,0,531.961
760.984,0,599.388
739.97,0,415.893
236
-1449,0,-543
719.769,0,314.41
735.43,0,358.151
724.504,0,372.223
644.738,0,283.22
636.891,0,241.036
741.689,0,367.521
616.627,0,301.994
668.248,0,369.144
740.199,0,456.591
596.429,0,444.207
626.163,0,498.874
757.384,0,451.889
751.192,0,523.774
760.629,0,598.771
652.619,0,366.031
237
-1445,0,-542
720.78,0,312.972
651.892,0,331.224
725.049,0,370.821
636.583,0,287.359
636.878,0,246.733
742.271,0,366.258
616.123,0,307.525
580.354,0,283.826
740.062,0,455.313
734.91,0,519.344
631.871,0,506.095
757.284,0,450.75
750.513,0,522.582
759.344,0,597.653
741.976,0,406.885
238
-1442,0,-542
722.761,0,315.552
738.486,0,359.469
736.924,0,367.315
638.018,0,290.518
637.985,0,249.726
746.332,0,361.032
699.29,0,392.449
671.031,0,370.507
744.836,0,450.462
603.643,0,463.129
787.291,0,564.959
752.682,0,452.024
746.466,0,524.2
755.941,0,599.501
744.803,0,409.67
239
-1438,0,-540
722.946,0,315.476
738.924,0,359.098
729.6,0,365.424
638.371,0,291.159
638.043,0,250.536
746.749,0,360.597
700.129,0,392.225
671.828,0,370.579
745.907,0,449.669
605.388,0,463.307
635.517,0,517.752
753.732,0,451.169
682.138,0,486.124
750.221,0,596.514
745.579,0,409.046
240
-1434,0,-539
721.594,0,308.845
735.757,0,360.608
734.194,0,368.454
635.289,0,291.658
643.101,0,252.428
751.448,0,363.733
704.406,0,395.15
668.302,0,371.646
749.953,0,453.164
607.197,0,473.676
638.614,0,520.719
759.361,0,446.88
685.656,0,489.302
800.253,0,569.223
749.919,0,412.371
241
-1431,0,-538
727.56,0,308.304
647.187,0,338.369
730.346,0,365.993
640.784,0,296.13
634.38,0,253.89
747.604,0,361.886
699.937,0,391.463
670.849,0,376.503
752.687,0,444.557
614.625,0,477.407
644.202,0,525.074
752.687,0,444.557
736.406,0,514.076
743.298,0,589.022
746.283,0,402.317
242
-1426,0,-538
725.181,0,312.897
733.559,0,354.944
732.115,0,362.778
639.374,0,297.074
637.352,0,264.299
747.716,0,365.655
701.489,0,397.633
665.375,0,374.772
758.116,0,440.477
613.947,0,478.694
806.652,0,570.934
756.671,0,448.311
735.869,0,517.379
738.468,0,590.762
748.293,0,406.264
243
-1423,0,-536
725.992,0,310.23
645.577,0,339.737
728.068,0,368.146
637.815,0,305.032
639.62,0,264.469
745.306,0,364.168
705.144,0,395.334
668.682,0,378.201
649.639,0,422.743
617.239,0,488.615
809.116,0,568.423
657.31,0,424.622
732.311,0,516.804
690.254,0,555.707
651.444,0,382.18
244
-1419,0,-535
719.58,0,322.904
734.254,0,360.588
731.843,0,371.542
636.22,0,310.297
634.91,0,264.07
639.94,0,345.57
609.489,0,327.383
665.569,0,385.666
642.559,0,438.024
617.138,0,501.337
807.076,0,577.599
754.509,0,451.182
667.636,0,506.71
684.171,0,562.031
746.518,0,409.226
245
-1416,0,-534
725.568,0,318.579
732.325,0,357.654
725.828,0,366.827
635.174,0,310.065
636.266,0,269.632
749.375,0,362.755
614.33,0,329.767
578.88,0,311.751
648.949,0,436.463
619.164,0,497.955
653.523,0,556.403
764.241,0,448.72
726.607,0,511.569
687.622,0,566.604
749.635,0,411.002
246
-1412,0,-533
724.214,0,313.057
649.974,0,356.787
724.775,0,369.622
636.016,0,318.457
637.875,0,277.707
748.499,0,365.993
705.89,0,404.884
671.839,0,393.907
647.466,0,446.195
771.486,0,516.245
649.798,0,567.234
654.164,0,437.077
665.053,0,508.249
682.64,0,570.303
648.115,0,397.537
247
-1408,0,-532
723.161,0,319.103
739.93,0,364.54
726.1,0,372.435
709.303,0,391.192
710.282,0,408.969
643.149,0,355.609
606.615,0,339.792
666.833,0,397.099
641.133,0,448.442
634.19,0,516.584
805.019,0,574.927
762.606,0,452.446
723.076,0,511.685
737.857,0,585.761
749.784,0,413.924
248
-1405,0,-531
722.08,0,319.765
736.309,0,357.786
730.998,0,374.778
634.358,0,325.92
635.847,0,285.351
648.587,0,363.941
613.329,0,345.46
670.674,0,400.687
646.883,0,452.937
633.498,0,519.631
658.133,0,572.095
654.742,0,451.663
657.074,0,515.809
682.984,0,576.132
753.086,0,411.525
249
-1401,0,-530
721.942,0,322.002
733.724,0,360.638
730.499,0,371.367
706.343,0,393.35
636.114,0,296.201
748.204,0,370.84
609.26,0,346.618
667.707,0,405.132
640.853,0,455.549
632.23,0,523.145
662.244,0,578.96
764.79,0,451.864
649.936,0,522.619
683.701,0,585.41
646.777,0,416.387
250
-1398,0,-529
718.613,0,318.585
654.9,0,375.854
726.578,0,373.45
706.479,0,400.377
642.383,0,289.637
750.092,0,370.037
611.159,0,350.192
667.289,0,406.067
642.766,0,457.646
754.899,0,513.393
659.834,0,575.213
769.309,0,447.277
645.169,0,529.324
755.026,0,569.396
755.781,0,409.226
251
-1394,0,-528
718.201,0,314.136
738.416,0,359.966
731.271,0,368.592
640.829,0,337.313
636.385,0,290.002
747.042,0,367.11
610.77,0,356.047
671.152,0,406.059
644.796,0,464.219
627.066,0,529.523
663.051,0,573.872
770.22,0,444.482
642.836,0,528.042
679.562,0,580.276
750.745,0,406.537
252
-1390,0,-526
717.487,0,314.92
650.928,0,384.182
729.681,0,370.152
639.342,0,336.926
636.3,0,297.042
745.553,0,368.942
609.422,0,363.277
669.234,0,414.878
767.509,0,447.5
630.134,0,530.186
658.2,0,584.208
657.011,0,463.95
638.07,0,529.58
768.698,0,567.758
756.531,0,408.221
253
-1388,0,-526
722.462,0,310.305
740.149,0,357.681
732.492,0,365.971
635.861,0,337.536
634.674,0,305.558
748.4,0,365.381
612.89,0,362.405
670.643,0,416.3
648.562,0,465.152
627.075,0,529.994
652.717,0,577.075
656.516,0,464.857
737.834,0,509.872
676.875,0,584.184
757.837,0,405.058
254
-1384,0,-524
720.862,0,310.718
733.277,0,357.507
736.555,0,364.759
721.354,0,389.097
639.205,0,303.958
639.698,0,382.337
604.831,0,363.162
673.868,0,419.293
643.468,0,467.968
756.017,0,504.432
782.24,0,562.448
653.997,0,471.942
630.152,0,535.12
670.879,0,586.581
756.222,0,408.271
255
-1380,0,-523
721.643,0,309.797
741.345,0,353.292
737.38,0,363.825
722.199,0,388.175
632.731,0,306.387
640.537,0,381.482
605.654,0,362.336
674.738,0,418.41
644.377,0,467.11
749.707,0,506.766
783.226,0,561.476
654.91,0,471.075
742.458,0,510.049
790.475,0,558.193
645.741,0,431.545
256
-1377,0,-522
722.398,0,307.077
734.878,0,354.111
738.173,0,361.401
634.919,0,346.616
633.024,0,303.576
748.758,0,365.396
609.054,0,367.086
675.158,0,416.221
644.598,0,465.15
750.447,0,505.1
776.807,0,563.419
655.183,0,469.145
753.742,0,512.39
798.677,0,553.535
645.998,0,429.4
257
-1374,0,-521
716.008,0,308.431
735.814,0,352.155
739.115,0,359.442
625.26,0,340.755
633.919,0,301.703
645.066,0,384.479
610.001,0,365.232
676.145,0,414.313
645.625,0,463.267
751.507,0,503.131
770.627,0,564.73
775.425,0,439.602
754.807,0,510.418
799.776,0,551.526
646.996,0,427.517
258
-1371,0,-519
718.737,0,303.022
736.382,0,349.89
736.686,0,357.803
625,0,338.313
631.395,0,298.447
642.342,0,377.269
610.085,0,362.658
675.509,0,415.618
645.376,0,456.394
750.06,0,499.925
641.711,0,567.474
771.37,0,435.715
624.066,0,520.605
657.84,0,574.779
754.028,0,396.759
259
-1367,0,-519
718.242,0,300.924
737.503,0,347.654
730.185,0,356.205
625.803,0,339.706
622.912,0,299.81
644.485,0,378.457
611.745,0,364.787
670.486,0,408.657
642.371,0,458.82
756.383,0,498.685
768.904,0,561.945
658.163,0,457.676
623.308,0,524.369
807.806,0,551.106
756.763,0,394.384
260
-1364,0,-517
715.782,0,301.366
734.626,0,344.979
730.498,0,355.388
710.844,0,389.758
620.121,0,299.569
748.176,0,356.376
602.62,0,358.885
674.5,0,405.461
643.449,0,453.381
750.685,0,501.932
765.401,0,555.955
653.859,0,457.509
757.954,0,498.791
812.155,0,544.38
645.424,0,418.024
261
-1361,0,-516
725.779,0,302.508
650.55,0,370.188
730.283,0,352.903
710.532,0,387.687
618.598,0,296.846
748.146,0,353.847
601.098,0,356.828
666.527,0,406.859
642.637,0,452.172
747.932,0,493.561
762.021,0,565.959
660.501,0,453.116
768.991,0,501.839
816.556,0,550.926
756.789,0,393.713
262
-1358,0,-515
718.546,0,299.857
739.607,0,342.466
736.016,0,353.077
619.208,0,331.286
612.269,0,299.37
643.86,0,363.283
604.924,0,356.019
672.022,0,402.382
643.454,0,451.848
618.396,0,508.416
759.857,0,562.204
661.167,0,451.929
629.008,0,512.007
816.587,0,551.836
650.718,0,412.912
263
-1354,0,-514
727.2,0,300.42
735.843,0,340.286
731.704,0,350.816
711.953,0,385.599
609.489,0,290.62
641.442,0,363.961
602.519,0,354.74
664.753,0,397.437
640.863,0,442.75
749.353,0,491.473
760.247,0,556.537
658.727,0,443.694
633.893,0,506.87
644.787,0,571.934
758.21,0,391.625
264
-1352,0,-513
720.476,0,295.106
736.127,0,340.685
640.817,0,365.316
712.458,0,380.546
610.066,0,291.88
746.901,0,343.855
716.233,0,387.51
666.691,0,396.344
646.797,0,443.169
623.68,0,500.752
753.515,0,556.522
657.571,0,446.34
634.453,0,503.923
820.83,0,547.065
645.695,0,407.725
265
-1348,0,-511
727.461,0,294.888
740.05,0,341.651
736.112,0,352.2
713.751,0,379.907
602.922,0,290.462
639.913,0,352.343
604.33,0,351.079
674.23,0,389.191
643.994,0,437.995
620.368,0,501.284
750.253,0,555.779
661.785,0,438.627
638.159,0,501.917
642.873,0,569.777
759.882,0,385.109
266
-1346,0,-511
726.053,0,298.273
744.415,0,333.588
740.989,0,344.342
712.845,0,376.921
604.401,0,289.744
751.76,0,347.715
716.517,0,383.984
558.635,0,340.458
642.112,0,431.642
621.559,0,496.164
751.05,0,554.452
781.386,0,422.036
793.144,0,496.676
822.523,0,553.181
763.024,0,386.721
267
-1343,0,-509
728.785,0,287.496
741.856,0,333.655
734.889,0,342.365
714.862,0,376.335
601.626,0,285.772
750.566,0,340.621
714.862,0,376.335
675.67,0,380.695
641.71,0,432.086
624.3,0,489.572
630.404,0,544.441
657.387,0,430.342
640.849,0,495.666
821.143,0,547.026
754.927,0,379.813
268
-1339,0,-508
727.42,0,293.653
739.555,0,332.004
740.265,0,349.63
716.439,0,371.774
596.421,0,284.8
641.418,0,350.076
602.358,0,344.586
674.279,0,377.001
641.155,0,431.297
622.557,0,495.601
741.157,0,547.323
658.781,0,430.588
640.183,0,494.892
815.469,0,551.394
646.645,0,392.236
269
-1337,0,-507
721.8,0,291.803
745.063,0,333.039
742.067,0,343.789
711.581,0,370.048
590.687,0,284.23
636.332,0,349.08
601.087,0,350.843
558.087,0,338.861
636.863,0,430.32
625.763,0,490.942
738.021,0,545.392
654.486,0,429.438
636.513,0,493.937
643.035,0,553.678
641.973,0,391.197
270
-1334,0,-505
619.059,0,312.012
746.924,0,331.577
743.825,0,342.292
713.1,0,368.237
590.015,0,292.001
641.906,0,353.452
710.001,0,378.952
670.951,0,373.463
637.836,0,427.745
626.149,0,488.224
737.811,0,543.74
655.457,0,427.036
636.864,0,491.323
649.705,0,547.285
755.958,0,380.633
271
-1330,0,-505
733.95,0,288.186
749.773,0,324.71
738.328,0,338.344
715.438,0,365.611
682.616,0,365.949
645.755,0,348.95
721.329,0,375.205
680.765,0,373.691
642.727,0,430.078
747.42,0,471.481
746.244,0,544.866
667.806,0,427.889
637.511,0,486.127
811.887,0,544.191
761.893,0,376.719
272
-1328,0,-503
733.771,0,289.127
746.173,0,327.551
736.212,0,342.189
712.426,0,364.552
680.914,0,373.091
753.899,0,341.375
605.488,0,351.745
566.251,0,346.46
641.067,0,431.643
738.856,0,476.775
738.247,0,540.612
658.755,0,430.829
788.869,0,485.11
805.947,0,548.133
646.353,0,392.405
273
-1326,0,-502
736.223,0,283.032
742.569,0,325.268
739.705,0,336.155
709.281,0,363.304
684.586,0,368.681
757.509,0,334.844
601.292,0,353.46
561.657,0,349.261
638.678,0,432.556
738.073,0,475.06
742.714,0,545.891
656.483,0,431.246
788.622,0,482.015
807.044,0,544.714
763.855,0,377.08
274
-1323,0,-501
731.338,0,282.874
748.933,0,327.982
735.254,0,336.127
591.939,0,328.82
680.539,0,368.707
763.917,0,337.588
608.229,0,356.177
568.654,0,351.949
642.114,0,428.643
741.626,0,471.297
746.848,0,542.302
659.865,0,427.338
785.273,0,482.365
804.174,0,545.224
759.689,0,377.163
275
-1319,0,-500
735.424,0,279.831
751.594,0,325.469
737.667,0,333.181
710.559,0,366.387
685.812,0,370.99
645.642,0,347.738
606.967,0,360.053
571.4,0,361.548
638.56,0,433.547
739.792,0,468.484
749.746,0,535.762
656.343,0,432.799
783.07,0,480.917
799.988,0,544.339
760.801,0,374.964
276
-1318,0,-499
737.98,0,280.53
750.946,0,319.207
741.048,0,334.108
590.212,0,328.412
689.516,0,372.895
648.794,0,350.142
610.117,0,363.108
693.497,0,379.834
639.007,0,429.541
734.33,0,467.085
756.28,0,537.499
784.839,0,410.438
788.93,0,481.876
795.98,0,542.393
764.934,0,375.743
277
-1314,0,-498
735.127,0,275.67
751.722,0,321.151
737.536,0,331.898
592.322,0,334.739
586.475,0,303.444
651.474,0,347.978
737.021,0,372.479
690.079,0,381.25
642.621,0,430.601
737.454,0,461.464
639.615,0,544.52
658.269,0,427.678
637.206,0,488.291
792.653,0,540.217
760.493,0,368.093
278
-1312,0,-497
732.95,0,276.663
749.089,0,322.306
735.22,0,329.959
715.174,0,359.203
585.057,0,303.72
763.715,0,332.419
608.887,0,363.302
691.282,0,381.477
643.498,0,426.026
737.429,0,465.11
761.26,0,524.692
661.212,0,425.343
780.549,0,477.683
790.511,0,544.917
758.294,0,371.775
279
-1310,0,-495
739.37,0,269.777
755.167,0,315.804
737.862,0,334.257
717.327,0,363.554
579.605,0,310.707
769.815,0,326.071
739.012,0,370.016
578.098,0,375.187
640.496,0,423.296
628.146,0,484.545
765.293,0,519.513
662.181,0,429.758
638.989,0,487.776
672.665,0,533.228
756.891,0,369.441
280
-1307,0,-495
742.3,0,272.798
747.978,0,315.252
738.067,0,329.946
589.519,0,340.344
580.834,0,308.708
646.533,0,344.838
743.746,0,372.399
577.492,0,383.612
643.191,0,419.743
734.391,0,468.938
772.474,0,520.578
780.938,0,406.283
642.856,0,483.83
791.07,0,537.519
757.554,0,364.644
281
-1305,0,-493
742.88,0,269.368
751.311,0,308.469
739.043,0,327.482
594.906,0,342.195
580.341,0,312.601
770.324,0,320.737
617.292,0,370.104
710.06,0,382.835
755.906,0,405.685
744.25,0,465.485
629.244,0,539.388
660.377,0,418.1
650.407,0,485.721
676.165,0,529.27
644.125,0,380.685
282
-1302,0,-492
738.626,0,270.395
639.791,0,335.445
742.202,0,318.676
591.509,0,339.021
689.763,0,372.418
649.408,0,341.293
622.247,0,364.298
710.883,0,391.847
643.173,0,416.543
745.196,0,465.406
630.895,0,534.226
658.638,0,412.773
650.518,0,480.29
677.292,0,522.917
761.243,0,363.188
283
-1298,0,-491
740.042,0,272.016
753.916,0,310.15
740.316,0,318.42
588.975,0,345.246
579.235,0,313.912
773.12,0,326.415
623.248,0,370.976
589.249,0,391.65
641.257,0,415.91
745.274,0,464.431
778.352,0,518.83
772.199,0,401.488
773.943,0,465.627
678.744,0,523.513
758.325,0,363.354
