data/BP_videos/3.MOV
0
-944,0,-449.5
908.257,0,343.528
916.2,0,375.075
916.2,0,382.962
916.2,0,414.509
916.2,0,430.283
924.143,0,382.962
908.257,0,414.509
884.429,0,422.396
947.971,0,438.17
963.857,0,485.491
995.629,0,509.151
947.971,0,438.17
916.2,0,477.604
924.143,0,524.925
932.086,0,414.509
1
-947,0,-449.5
909.854,0,340.102
919.445,0,378.271
909.141,0,382.483
914.52,0,410.348
915.687,0,427.909
926.703,0,381.316
911.475,0,417.606
883.61,0,422.984
944.718,0,440.091
961.567,0,481.305
1002.07,0,506.837
955.022,0,435.879
922.232,0,473.335
932.99,0,529.065
932.082,0,409.181
2
-952,0,-451
910.067,0,340.539
915.703,0,368.353
909.746,0,382.924
908.096,0,407.759
884.589,0,423.659
927.296,0,381.595
912.403,0,418.023
884.589,0,423.659
945.853,0,440.202
966.06,0,473.973
996.531,0,503.436
956.117,0,435.895
923.675,0,473.651
937.925,0,521.994
932.931,0,409.409
3
-955,0,-452
905.213,0,337.111
914.626,0,375.204
911.58,0,382.462
909.642,0,407.256
896.352,0,418.751
921.824,0,378.225
906.596,0,414.514
886.108,0,422.989
949.787,0,432.638
966.398,0,473.752
996.298,0,503.371
949.787,0,432.638
921.269,0,480.422
937.88,0,521.536
934.283,0,409.06
4
-958.5,0,-454
905.27,0,336.271
916.683,0,367.654
910.027,0,381.919
907.175,0,406.646
890.058,0,424.716
930.949,0,374.31
914.308,0,409.974
882.925,0,421.387
946.643,0,433.747
961.862,0,475.591
1001.33,0,502.692
946.643,0,433.747
923.346,0,483.676
938.565,0,525.52
931.902,0,409.497
5
-961.5,0,-454
908.532,0,335.722
913.797,0,363.609
907.647,0,378.1
912.911,0,405.986
892.27,0,414.326
925.213,0,377.005
909.836,0,413.232
881.95,0,418.496
942.987,0,435.853
959.668,0,477.136
1000.06,0,502.833
953.308,0,431.683
924.536,0,479.325
941.216,0,520.608
930.477,0,404.891
6
-966.5,0,-455
906.93,0,334.991
917.194,0,373.652
906.78,0,378.072
912.624,0,406.318
896.215,0,425.573
924.612,0,376.649
909.627,0,413.736
888.798,0,422.576
943.717,0,436.138
958.401,0,485.213
995.488,0,500.198
943.717,0,436.138
922.738,0,488.06
947.837,0,532.715
930.455,0,404.895
7
-970.5,0,-455
908.86,0,331.442
912.895,0,366.429
902.803,0,371.138
916.93,0,401.415
894.054,0,418.234
927.697,0,371.812
911.547,0,416.216
883.962,0,422.943
938.458,0,434.383
947.203,0,479.462
991.607,0,495.612
948.551,0,429.674
922.309,0,478.788
948.546,0,521.849
931.732,0,406.798
8
-974.5,0,-454
903.48,0,334.435
915.559,0,371.911
905.549,0,376.793
912.747,0,404.259
892.727,0,414.021
923.005,0,374.476
910.183,0,411.705
882.716,0,418.903
934.837,0,436.854
944.351,0,481.776
991.59,0,489.717
944.847,0,431.973
919.45,0,481.529
953.866,0,526.698
930.203,0,401.942
9
-979.5,0,-455
910.457,0,330.261
911.694,0,372.941
901.58,0,377.709
908.242,0,405.471
895.416,0,417.698
926.495,0,378.325
912.93,0,415.622
885.302,0,422.466
932.419,0,431.156
938.344,0,483.988
988.174,0,485.219
949.934,0,429.08
923.542,0,478.605
957.095,0,524.592
925.757,0,403.395
10
-982.5,0,-455
907.492,0,333.303
913.47,0,367.861
903.585,0,373
909.562,0,407.558
889.792,0,417.835
926.344,0,380.002
914.85,0,417.365
887.493,0,425.308
935.311,0,431.839
929.105,0,479.008
957.843,0,520.568
952.783,0,429.034
926.806,0,486.481
957.843,0,520.568
927.035,0,404.753
11
-987.5,0,-455
905.459,0,336.99
909.134,0,372.297
906.338,0,379.726
912.808,0,407.604
889.563,0,424.299
923.992,0,377.888
910.013,0,415.032
882.135,0,421.503
926.708,0,438.277
927.586,0,481.013
960.976,0,527.503
947.157,0,429.011
924.791,0,488.442
970.322,0,480.134
930.462,0,405.766
12
-991.5,0,-455
900.09,0,335.526
912.709,0,372.524
902.855,0,377.537
900.606,0,409.694
888.331,0,422.141
920.143,0,374.944
908.04,0,412.114
880.897,0,419.72
925.501,0,434.244
918.411,0,481.269
963.187,0,520.516
942.789,0,431.652
933.279,0,486.11
963.187,0,520.516
927.749,0,402.088
13
-997,0,-455.5
903.859,0,330.574
913.242,0,375.896
903.13,0,380.769
900.146,0,413.36
879.921,0,423.108
920.735,0,378.515
907.639,0,415.979
879.921,0,423.108
924.879,0,438.823
909.164,0,483.78
961.979,0,477.017
945.103,0,429.076
931.642,0,491.638
971.361,0,522.339
927.863,0,406.232
14
-1001.5,0,-456
897.064,0,335.603
910.435,0,372.543
900.677,0,377.833
899.075,0,410.264
881.831,0,413.299
917.921,0,374.797
906.561,0,412.518
872.073,0,418.588
924.476,0,434.37
903.358,0,477.38
950.546,0,483.362
949.206,0,433.589
933.302,0,486.398
971.403,0,522.557
926.077,0,401.939
15
-1006.5,0,-456
900.6,0,330.306
910.699,0,368.383
900.442,0,372.734
895.933,0,404.905
875.417,0,413.607
918.004,0,371.337
900.284,0,415.163
875.417,0,413.607
926.547,0,434.28
901.523,0,475.153
932.296,0,462.1
944.109,0,432.883
938.045,0,489.92
975.964,0,522.248
920.799,0,406.461
16
-1010.5,0,-456
898.605,0,332.003
903.611,0,366.936
901.1,0,374.404
898.58,0,406.806
873.493,0,406.682
918.662,0,371.997
896.069,0,414.274
873.493,0,406.682
923.659,0,431.864
896.052,0,464.142
933.679,0,476.795
948.746,0,431.988
943.707,0,496.792
978.822,0,516.912
923.667,0,406.93
17
-1016,0,-456.5
904.006,0,330.103
907.684,0,365.418
904.888,0,372.849
893.704,0,402.572
876.047,0,404.411
915.115,0,368.214
898.339,0,412.799
868.616,0,401.615
922.471,0,438.844
888.994,0,460.18
926.148,0,474.159
942.924,0,429.574
945.645,0,489.978
984.638,0,521.615
926.224,0,406.325
18
-1019.5,0,-456
898.535,0,326.8
905.305,0,361.127
903.226,0,368.669
896.99,0,391.296
870.206,0,400.145
912.847,0,363.205
892.833,0,406.381
870.206,0,400.145
918.845,0,429.78
880.361,0,451.635
923.537,0,471.649
943.551,0,428.473
944.085,0,485.427
983.103,0,520.526
919.617,0,397.532
19
-1025.5,0,-456
898.318,0,326.322
903.749,0,361.153
901.352,0,368.662
901.67,0,393.586
876.746,0,393.904
911.258,0,363.55
899.273,0,401.095
866.84,0,399.016
922.118,0,433.21
874.985,0,451.261
910.133,0,470.755
939.533,0,430.495
947.679,0,482.74
985.542,0,519.649
916.688,0,398.38
20
-1029.5,0,-456
899.311,0,321.124
905.138,0,356.157
902.8,0,363.746
893.449,0,394.103
911.541,0,416.295
912.727,0,358.494
898.7,0,404.03
866.005,0,402.268
916.792,0,426.222
877.084,0,447.228
910.355,0,474.095
931.971,0,430.898
948.301,0,485.784
989.161,0,514.99
918.554,0,393.527
21
-1034.5,0,-455
894.178,0,319.801
902.488,0,354.6
900.67,0,362.39
901.188,0,395.371
875.998,0,397.708
910.278,0,356.418
893.398,0,393.553
868.207,0,395.89
917.288,0,431.988
865.09,0,444.452
898.589,0,476.914
926.897,0,426.015
954.942,0,481.85
994.414,0,523.921
916.77,0,399.007
22
-1039.5,0,-455
895.934,0,319.478
903.511,0,354.444
909.28,0,364.176
901.355,0,395.179
876.122,0,396.986
903.511,0,354.444
893.605,0,393.197
868.371,0,395.004
926.415,0,426.356
955.262,0,475.016
986.091,0,515.926
926.415,0,426.356
864.234,0,443.49
895.063,0,484.4
911.087,0,389.409
23
-1045.5,0,-455
898.702,0,316.26
903.119,0,359.114
903.119,0,359.114
902.036,0,392.081
876.762,0,393.192
905.313,0,351.421
892.149,0,397.581
866.875,0,398.692
908.646,0,427.242
861.404,0,447.045
891.094,0,488.788
924.033,0,431.63
953.723,0,473.374
985.607,0,507.423
909.729,0,394.275
24
-1051.5,0,-456
893.335,0,319.347
896.291,0,351.963
896.291,0,351.963
898.024,0,392.427
865.408,0,395.383
904.139,0,353.186
890.175,0,391.204
864.185,0,403.231
908.828,0,426.265
858.07,0,442.471
883.347,0,486.604
925.747,0,420.863
949.801,0,472.844
984.15,0,510.352
905.872,0,393.65
25
-1057.5,0,-456
890.271,0,316.29
898.576,0,350.564
898.576,0,350.564
899.196,0,383.072
872.608,0,393.143
898.576,0,350.564
887.978,0,396.676
863.156,0,399.062
898.05,0,423.265
860.243,0,446.941
882.153,0,492.433
915.187,0,419.112
944.782,0,466.371
985.595,0,500.025
905.115,0,392.523
26
-1062.5,0,-455
883.184,0,312.623
893.84,0,346.67
900.4,0,355.789
895.473,0,387.407
869.634,0,399.573
892.608,0,354.574
886.449,0,394.097
860.61,0,406.264
898.337,0,420.24
853.219,0,453.691
876.995,0,505.976
913.92,0,422.668
945.488,0,476.167
980.75,0,505.952
903.264,0,388.621
27
-1068.5,0,-455
887.254,0,312.131
896.243,0,346.496
902.377,0,355.906
895.823,0,386.994
867.591,0,405.395
894.605,0,354.268
878.64,0,391.489
859.819,0,403.756
897.041,0,419.721
856.121,0,459.799
871.245,0,503.575
920.357,0,424.637
943.252,0,470.051
977.196,0,501.56
903.595,0,388.633
28
-1074.5,0,-455
880.994,0,310.66
890.441,0,344.638
896.672,0,353.886
890.639,0,384.846
862.894,0,403.542
888.932,0,352.378
879.882,0,398.818
853.645,0,409.774
900.086,0,418.824
860.076,0,459.231
874.246,0,510.197
915.566,0,421.84
937.477,0,474.314
973.161,0,497.336
898.379,0,386.355
29
-1080.5,0,-455
877.208,0,309.079
884.923,0,343.911
890.682,0,353.556
890.736,0,386.513
858.251,0,419.745
888.78,0,361.326
871.614,0,398.306
852.492,0,410.1
890.791,0,419.47
854.503,0,468.243
875.636,0,514.594
915.672,0,417.322
933.002,0,479.213
967.499,0,504.125
898.396,0,388.387
30
-1085.5,0,-456
880.758,0,307.626
886.97,0,349.635
892.815,0,359.133
893.182,0,391.644
889.53,0,406.987
885.144,0,357.306
874.187,0,403.334
847.52,0,413.199
893.548,0,424.156
859.577,0,464.705
879.305,0,518.038
910.717,0,420.137
920.948,0,479.315
965.15,0,497.943
893.182,0,391.644
31
-1092.5,0,-455
872.083,0,309.915
880.352,0,351.568
894.409,0,362.214
888.622,0,393.221
902.679,0,403.867
878.905,0,359.32
870.224,0,405.831
844.075,0,416.994
890.586,0,425.675
866.401,0,469.293
880.976,0,520.144
907.537,0,420.817
911.466,0,485.726
956.53,0,502.158
888.622,0,393.221
32
-1098.5,0,-455
874.28,0,312.949
880.359,0,355.514
886.178,0,365.123
886.438,0,398.079
880.88,0,421.427
878.506,0,363.297
867.39,0,409.992
840.671,0,420.079
888.552,0,423.253
866.059,0,483.687
887.481,0,529.905
911.566,0,428.732
904.416,0,492.818
950.444,0,503.775
894.11,0,399.906
33
-1103,0,-455
872.627,0,319.695
881.052,0,354.203
887.03,0,363.713
895.454,0,398.221
901.432,0,407.731
877.519,0,369.691
860.945,0,406.645
840.159,0,426.345
888.39,0,429.197
868.283,0,481.64
888.664,0,535.168
905.644,0,424.985
897.494,0,496.448
945.724,0,499.3
887.71,0,396.455
34
-1108,0,-454
869.661,0,320.745
878.117,0,355.245
884.103,0,364.75
867.563,0,401.719
837.29,0,427.425
874.599,0,370.736
856.299,0,415.451
837.29,0,427.425
885.523,0,430.233
873.21,0,484.452
901.384,0,539.721
908.76,0,435.51
894.688,0,497.475
942.92,0,500.283
884.813,0,397.491
35
-1114,0,-454
869.758,0,321.559
875.776,0,364.218
873.872,0,371.988
866.255,0,403.068
837.232,0,420.666
873.872,0,371.988
854.676,0,416.704
835.328,0,428.436
889.718,0,441.766
882.254,0,505.83
907.621,0,536.758
907.163,0,437.804
884.158,0,498.06
932.683,0,501.716
889.565,0,408.781
36
-1120,0,-454
862.414,0,328.093
870.203,0,362.911
875.983,0,372.546
860.772,0,401.784
839.78,0,421.387
875.983,0,372.546
857,0,417.333
830.228,0,427.302
883.893,0,440.321
870.69,0,494.743
909.144,0,537
899.226,0,444.041
870.69,0,494.743
924.355,0,507.762
883.771,0,407.364
37
-1126,0,-454
867.416,0,326.232
873.018,0,368.947
871.038,0,376.698
863.117,0,407.703
833.924,0,425.016
871.038,0,376.698
853.386,0,413.474
826.173,0,423.035
895.932,0,440.856
882.071,0,495.114
912.906,0,536.019
895.932,0,440.856
864.589,0,498.905
913.076,0,503.034
886.37,0,413.643
38
-1133,0,-454
862.397,0,330.26
870.087,0,365.149
868.156,0,372.912
860.43,0,403.965
864.276,0,421.41
875.864,0,374.83
848.86,0,417.575
823.805,0,419.585
891.245,0,444.607
885.433,0,500.868
916.247,0,541.509
891.245,0,444.607
854.601,0,493.198
908.557,0,506.62
883.554,0,409.718
39
-1139,0,-454
861.275,0,325.547
867.004,0,368.246
865.047,0,376.003
857.22,0,407.031
830.035,0,416.674
874.761,0,370.203
847.506,0,412.831
820.321,0,422.474
897.89,0,442.043
891.949,0,498.299
922.906,0,539.112
888.177,0,447.843
845.407,0,486.557
889.992,0,506.056
880.49,0,412.902
40
-1145,0,-453
862.386,0,322.033
859.871,0,362.18
857.843,0,369.804
857.355,0,402.327
830.428,0,411.491
865.467,0,371.832
847.704,0,407.923
813.153,0,415.059
887.363,0,442.962
898.067,0,494.788
928.075,0,535.423
887.363,0,442.962
837.077,0,478.565
886.388,0,508.008
880.227,0,408.411
41
-1151,0,-453.5
865.412,0,317.682
857.377,0,356.583
846.383,0,370.537
847.736,0,403.264
822.788,0,406.224
871.331,0,367.577
839.956,0,401.658
813.401,0,412.397
887.989,0,444.027
893.908,0,493.922
934.162,0,534.685
880.209,0,442.42
833.273,0,473.287
875.134,0,506.269
871.076,0,408.085
42
-1156,0,-453.5
857.225,0,318.228
859.248,0,358.97
850.158,0,365.705
845.446,0,397.357
819.352,0,409.649
865.983,0,368.061
844.268,0,405.269
811.439,0,408.471
879.121,0,442.81
895.793,0,493.82
938.558,0,532.539
879.121,0,442.81
826.933,0,467.394
869.698,0,506.113
868.007,0,408.803
43
-1161,0,-453
850.68,0,313.786
851.575,0,354.282
842.427,0,360.742
835.549,0,399.872
818.628,0,404.966
865.745,0,364.84
835.549,0,399.872
809.48,0,411.425
876.684,0,439.373
899.522,0,491.793
932.884,0,529.928
876.684,0,439.373
823.17,0,470.306
856.532,0,508.44
866.64,0,405.336
44
-1169,0,-452
850.612,0,316.716
850.39,0,357.242
840.945,0,363.401
834.501,0,394.525
815.611,0,406.842
866.058,0,360.486
840.723,0,403.928
806.166,0,413.001
875.059,0,435.381
896.728,0,488.554
937.286,0,529.411
873.448,0,443.162
820,0,464.553
851.114,0,511.568
865.836,0,401.013
45
-1175,0,-453
845.866,0,317.293
846.144,0,358.084
836.774,0,364.424
830.712,0,395.845
819.827,0,410.04
861.855,0,361.115
837.052,0,405.215
811.971,0,408.524
863.927,0,434.842
894.111,0,489.55
936.696,0,522.207
871.782,0,436.357
817.075,0,466.541
840.919,0,511.878
862.133,0,401.906
46
-1180,0,-453
840.382,0,311.322
840.934,0,351.835
839.482,0,359.647
833.674,0,390.896
815.146,0,403.616
855.107,0,362.551
832.222,0,398.708
805.882,0,409.976
865.475,0,437.217
888.012,0,489.898
931.98,0,514.234
857.663,0,435.765
811.342,0,467.565
833.879,0,520.246
855.659,0,403.064
47
-1187,0,-452
838.091,0,315.874
839.34,0,356.106
830.188,0,362.561
824.92,0,393.686
814.451,0,407.923
853.692,0,366.54
831.437,0,402.794
805.3,0,414.378
858.824,0,431.442
880.943,0,491.215
926.632,0,506.953
858.824,0,431.442
811.749,0,471.498
827.35,0,522.164
848.424,0,397.665
48
-1193,0,-453
832.681,0,311.489
833.486,0,351.99
824.264,0,358.407
826.472,0,391.088
814.444,0,413.144
847.723,0,362.615
831.486,0,408.13
797.402,0,418.158
850.736,0,435.798
864.375,0,494.743
920.515,0,496.744
850.736,0,435.798
811.041,0,477.104
824.679,0,536.049
849.931,0,395.297
49
-1199,0,-452.5
827.549,0,313.682
829.716,0,354.417
820.649,0,361.184
823.967,0,394.002
812.6,0,416.602
844.4,0,364.634
829.584,0,410.985
796.766,0,414.303
849.885,0,438.186
857.67,0,495.904
914.238,0,496.036
849.885,0,438.186
811.318,0,481.088
827.02,0,539.956
847.718,0,397.451
50
-1205,0,-452.5
824.217,0,311.041
825.124,0,351.293
814.462,0,365.416
816.762,0,397.9
806.101,0,412.023
839.478,0,361.886
823.243,0,407.081
796.833,0,418.379
842.685,0,434.623
847.285,0,499.591
906.585,0,486.176
850.559,0,436.035
809.307,0,484.76
823.175,0,543.373
840.385,0,402.138
51
-1211,0,-452.5
818.862,0,313.112
819.634,0,353.622
810.404,0,360.032
811.176,0,400.541
800.537,0,414.771
833.864,0,364.261
817.586,0,409.771
791.307,0,421.181
836.817,0,437.459
833.36,0,501.428
893.738,0,480.016
846.047,0,431.049
811.31,0,489.379
824.902,0,548.348
836.045,0,396.95
52
-1217,0,-452.5
816.575,0,312.769
815.648,0,361.423
806.318,0,367.822
816.187,0,402.211
788.197,0,421.41
829.912,0,372.218
814.722,0,410.076
788.197,0,421.41
833.92,0,438.066
823.663,0,493.118
873.782,0,486.18
841.785,0,439.531
814.333,0,499.518
835.535,0,560.431
831.916,0,405.142
53
-1223,0,-453.5
808.922,0,313.613
808.821,0,361.34
807.515,0,369.076
810.027,0,401.329
784.205,0,412.884
822.988,0,371.689
807.415,0,416.802
775.162,0,419.314
820.276,0,434.888
809.826,0,496.781
840.673,0,549.732
835.749,0,437.5
809.826,0,496.781
839.367,0,557.469
825.5,0,403.941
54
-1229,0,-452.5
801.429,0,323.172
811.021,0,364.889
801.944,0,371.52
804.905,0,404.159
786.751,0,417.421
817.652,0,373.966
802.459,0,419.867
769.819,0,422.828
822.351,0,447.099
798.081,0,499.631
845.72,0,555.317
839.282,0,441.691
813.789,0,502.077
844.497,0,563.171
820.613,0,406.605
55
-1235,0,-452.5
796.369,0,324.402
802.203,0,366.975
800.318,0,374.75
800.408,0,407.699
781.38,0,419.549
807.947,0,376.6
789.009,0,421.399
764.237,0,423.625
813.871,0,452.121
785.419,0,502.846
823.564,0,512.093
831.014,0,448.045
815.935,0,510.244
844.656,0,558.365
815.666,0,411.398
56
-1242,0,-452
796.673,0,324.768
804.215,0,367.184
802.589,0,375.017
796.089,0,406.35
777.173,0,418.766
802.589,0,375.017
785.006,0,420.391
759.881,0,423.349
811.464,0,450.391
778.214,0,492.515
842.505,0,497.682
836.588,0,447.433
821.963,0,517.932
854.629,0,557.39
811.756,0,409.6
57
-1246,0,-452
790.335,0,324.907
797.354,0,367.413
803.445,0,376.947
796.559,0,408.197
769.679,0,418.658
803.445,0,376.947
785.304,0,422.101
760.145,0,424.749
813.112,0,444.612
763.72,0,482.88
818.409,0,494.93
828.737,0,448.054
821.057,0,520.089
861.048,0,561.668
812.185,0,411.64
58
-1252,0,-451
787.906,0,321.102
793.543,0,362.998
799.237,0,372.528
791.567,0,402.977
764.895,0,412.448
791.625,0,370.61
772.507,0,414.366
755.365,0,418.143
797.203,0,444.873
757.166,0,475.263
800.921,0,494.381
821.957,0,443.013
821.84,0,507.746
867.455,0,551.618
806.791,0,406.812
59
-1258,0,-451
784.075,0,320.756
792.716,0,362.137
800.447,0,363.501
785.896,0,400.79
759.977,0,412.159
783.621,0,368.503
767.707,0,413.523
743.151,0,417.162
802.268,0,443.534
749.065,0,474.004
791.357,0,505.379
809.999,0,444.898
822.279,0,510.835
870.938,0,551.305
801.357,0,403.517
60
-1263,0,-452.5
778.97,0,318.191
787.631,0,360.118
794.059,0,369.343
780.639,0,399.249
752.966,0,418.532
778.407,0,366.546
762.191,0,412.104
737.314,0,415.735
797.126,0,442.574
735.352,0,471.916
776.715,0,511.61
804.952,0,443.972
825.07,0,512.174
874.259,0,553.266
794.893,0,409.871
61
-1272,0,-453.5
779.022,0,318.878
779.806,0,359.634
786.151,0,368.877
772.856,0,399.025
775.03,0,431.903
770.682,0,366.147
746.874,0,410.688
730.015,0,415.837
789.109,0,442.511
728.019,0,472.35
759.74,0,518.565
796.843,0,443.875
825.784,0,505.846
872.973,0,554.79
788.325,0,401.754
62
-1277,0,-453.5
776.198,0,318.195
771.791,0,357.461
778.763,0,366.196
775.237,0,397.608
764.739,0,420.286
763.056,0,364.433
742.943,0,401.935
725.473,0,415.879
786.536,0,438.637
720.185,0,462.997
745.427,0,521.495
786.536,0,438.637
827.484,0,498.897
870.195,0,543.452
782.208,0,406.343
63
-1283,0,-453
764.929,0,316.088
769.333,0,356.613
776.474,0,365.256
805.721,0,391.854
763.176,0,428.35
760.824,0,363.912
733.929,0,401.751
716.911,0,416.349
770.317,0,436.992
719.947,0,472.816
730.808,0,529.954
785.967,0,438.335
820.303,0,497.488
863.831,0,541.371
773.054,0,405.109
64
-1288,0,-453.5
764.633,0,308.294
767.349,0,355.989
782.116,0,365.493
802.993,0,391.462
777.873,0,404.532
750.885,0,362.099
723.219,0,398.592
705.907,0,412.51
774.479,0,435.763
715.583,0,468.861
724.409,0,533.02
774.479,0,435.763
807.578,0,494.659
859.686,0,524.022
770.914,0,395.876
65
-1294,0,-453
766.661,0,303.844
762.375,0,359.329
777.615,0,368.48
798.945,0,402.022
774.554,0,408.112
745.91,0,366.031
719.681,0,395.899
694.678,0,409.915
764.178,0,439.205
712.947,0,483.09
716.587,0,539.187
772.105,0,439.817
798.912,0,505.677
861.711,0,518.502
767.24,0,399.573
66
-1298,0,-453
752.672,0,314.235
752.244,0,353.482
775.707,0,361.589
783.128,0,400.922
767.429,0,400.751
736.373,0,369.01
712.568,0,392.301
680.998,0,407.658
759.236,0,432.063
703.775,0,478.561
710.939,0,541.443
759.236,0,432.063
789.863,0,503.052
852.574,0,511.587
759.579,0,400.665
67
-1305,0,-454
752.953,0,311.282
750.3,0,358.9
765.731,0,367.721
771.457,0,407.845
762.636,0,423.276
733.985,0,365.952
700.471,0,395.929
676.22,0,402.539
753.815,0,438.706
703.102,0,491.608
715.438,0,555.984
761.752,0,439.148
781.582,0,511.903
837.579,0,507.061
756.026,0,399.024
68
-1311,0,-455
745.016,0,315.503
743.504,0,355.475
758.587,0,372.057
734.449,0,387.155
694.925,0,393.665
727.512,0,362.875
694.925,0,393.665
663.245,0,400.472
748.02,0,443.709
706.681,0,498.184
719.949,0,562.732
755.865,0,444.006
760.986,0,516.251
816.502,0,502.34
749.533,0,403.737
69
-1318,0,-455
741.969,0,319.131
739.827,0,358.823
755.276,0,367.618
722.237,0,389.72
690.483,0,388.007
723.522,0,365.905
690.055,0,395.945
658.301,0,394.232
743.054,0,446.575
708.301,0,500.43
720.751,0,564.795
750.992,0,447.003
755.075,0,518.877
803.991,0,497.632
745.196,0,406.882
70
-1325,0,-453.5
733.37,0,314.342
739.477,0,362.321
747.156,0,370.581
722.231,0,393.463
698.879,0,376.626
723.175,0,369.632
682.262,0,391.881
649.973,0,398.559
736.017,0,449.703
709.52,0,512.303
731.3,0,568.859
752.005,0,450.336
733.187,0,521.197
790.401,0,491.637
745.583,0,410.3
71
-1337,0,-457
726.693,0,322.621
723.622,0,361.769
730.838,0,370.212
704.893,0,399.689
699.519,0,367.756
723.008,0,369.598
674.802,0,381.573
642.87,0,386.946
732.527,0,449.123
711.341,0,518.361
738.974,0,567.795
740.356,0,449.737
711.341,0,518.361
768.604,0,491.341
735.597,0,409.975
72
-1342,0,-457.5
725.397,0,323.753
721.785,0,370.736
729.762,0,371.349
704.026,0,393.001
690.481,0,360.453
721.785,0,370.736
672.723,0,382.718
632.238,0,387.483
739.695,0,450.881
702.371,0,518.903
746.618,0,569.566
739.695,0,450.881
702.371,0,518.903
760.614,0,491.874
734.728,0,411.115
73
-1351,0,-457
716.662,0,326.293
720.078,0,366.193
719.2,0,373.997
680.178,0,369.608
681.056,0,361.804
711.396,0,373.119
662.813,0,383.462
623.791,0,379.073
726.032,0,453.797
718.132,0,524.037
744.961,0,566.57
726.032,0,453.797
679.988,0,511.844
744.179,0,503.257
722.616,0,413.897
74
-1357,0,-457
714.12,0,330.276
711.207,0,369.919
718.553,0,378.431
517.424,0,403.508
555.902,0,422.278
702.696,0,377.265
654.541,0,381.698
614.898,0,378.785
728.584,0,458.882
715.412,0,529.657
752.142,0,572.213
720.655,0,458.299
669.005,0,510.304
725.088,0,506.454
715.64,0,418.074
75
-1370,0,-456.5
706.29,0,326.839
703.085,0,366.01
710.278,0,374.485
662.631,0,378.473
664.554,0,354.97
702.444,0,373.844
646.963,0,377.191
665.196,0,347.136
719.536,0,454.11
722.242,0,517.425
757.567,0,567.636
711.702,0,453.469
653.016,0,495.987
706.573,0,516.143
707.073,0,413.657
76
-1376,0,-457
703.567,0,326.115
700.67,0,365.533
707.974,0,373.996
668.557,0,371.099
604.91,0,374.348
692.207,0,372.837
644.327,0,377.245
655.107,0,338.406
710.065,0,453.41
720.618,0,525.52
765.022,0,568.414
702.181,0,452.831
643.521,0,496.077
688.505,0,531.086
705.078,0,413.413
77
-1389,0,-458.5
694.731,0,325.249
686.032,0,364.606
693.777,0,372.668
550.883,0,401.417
582.178,0,417.86
693.777,0,372.668
638.454,0,371.554
655.056,0,332.357
700.089,0,451.859
714.464,0,523.305
761.087,0,563.775
692.186,0,451.699
636.068,0,490.102
674.63,0,538.316
692.981,0,412.184
78
-1391,0,-458
694.433,0,324.487
677.997,0,363.609
685.909,0,371.558
557.567,0,401.575
589.478,0,409.79
685.909,0,371.558
637.999,0,363.164
646.436,0,323.953
693.035,0,450.246
708.247,0,521.164
763.894,0,553.226
693.035,0,450.246
628.602,0,488.835
651.901,0,551.981
685.472,0,410.857
79
-1400,0,-458.5
683.575,0,325.097
676.02,0,365.184
684.109,0,373.094
564.383,0,398.427
604.469,0,405.982
684.109,0,373.094
628.023,0,365.717
587.937,0,358.162
684.998,0,453.089
701.797,0,524.907
758.149,0,556.283
684.998,0,453.089
621.446,0,493.798
630.246,0,565.705
684.553,0,413.092
80
-1407,0,-458
669.779,0,327.79
669.335,0,367.787
535.715,0,366.302
574.659,0,398.737
606.01,0,407.086
669.335,0,367.787
622.175,0,367.263
583.053,0,350.827
676.217,0,455.869
691.136,0,528.039
745.889,0,552.649
668.357,0,455.782
612.803,0,503.167
612.092,0,567.163
668.801,0,415.784
81
-1416,0,-458
512.555,0,294.106
661.413,0,367.807
542.799,0,365.484
581.721,0,397.707
631.014,0,304.291
661.413,0,367.807
621.875,0,367.033
574.738,0,350.38
667.627,0,454.445
674.149,0,525.359
737.256,0,534.46
667.627,0,454.445
611.196,0,508.396
602.057,0,571.139
668.397,0,415.135
82
-1424,0,-459
657.186,0,321.217
523.026,0,348.499
556.119,0,371.976
596.48,0,398.696
632.032,0,397.13
659.534,0,374.546
612.69,0,362.361
576.355,0,346.15
520.457,0,451.914
662.555,0,524.022
730.418,0,528.158
488.146,0,446.212
615.711,0,511.837
593.799,0,580.482
514.866,0,405.852
83
-1432,0,-458.5
534.903,0,295.543
530.124,0,346.265
558.532,0,362.671
598.567,0,401.391
632.319,0,400.827
485.309,0,358.267
609.066,0,356.2
569.407,0,339.982
661.479,0,462.236
651.355,0,529.928
573.54,0,587.496
655.76,0,456.705
617.416,0,519.241
596.042,0,587.121
519.812,0,402.706
84
-1440,0,-458.5
645.419,0,323.006
535.525,0,349.731
565.725,0,362.554
605.393,0,402.46
645.18,0,402.58
646.858,0,373.938
603.954,0,351.528
567.403,0,333.912
652.97,0,458.305
573.158,0,537.641
584.064,0,615.657
648.177,0,464.657
611.387,0,526.615
603.238,0,590.25
525.819,0,402.222
85
-1447,0,-458.5
541.927,0,304.267
532.249,0,351.44
563.01,0,376.351
609.594,0,401.852
613.717,0,291.095
500.015,0,366.084
587.627,0,353.501
556.571,0,336.501
544.243,0,454.874
580.559,0,543.37
593.437,0,623.071
638.882,0,466.319
470.097,0,531.336
602.526,0,591.72
530.187,0,406.818
86
-1452,0,-458
634.952,0,327.531
542.688,0,356.404
570.486,0,373.539
605.832,0,393.072
606.795,0,285.352
507.7,0,361.914
493.319,0,407.206
564.975,0,338.551
636.744,0,452.744
585.337,0,536.138
599.113,0,623.608
634.347,0,460.293
480.014,0,527.626
611.096,0,585.865
535.856,0,404.092
87
-1458,0,-458
628.845,0,325.332
541.97,0,356.471
581.284,0,380.306
612.713,0,404.105
644.287,0,396.366
510.359,0,372.095
502.293,0,411.481
573.544,0,348.732
549.383,0,459.006
588.443,0,538.033
603.812,0,624.836
628.228,0,459.369
478.132,0,521.756
493.538,0,600.674
620.561,0,412.026
88
-1466.5,0,-456.5
557.5,0,318.992
553.634,0,361.9
583.505,0,378.015
608.072,0,320.566
648.62,0,400.289
515.312,0,373.363
511.446,0,416.271
525.988,0,436.971
624.053,0,457.739
600.993,0,548.139
618.547,0,634.741
624.053,0,457.739
477.642,0,526.585
500.568,0,603.23
546.689,0,422.429
89
-1473.5,0,-453.5
563.805,0,321.203
553.864,0,360.158
585.999,0,384.318
621.545,0,401.368
615.823,0,267.452
522.307,0,371.255
519.475,0,413.621
537.103,0,413.332
573.226,0,465.638
609.638,0,535.573
621.602,0,620.015
530.861,0,462.806
493.061,0,523.378
631.543,0,581.06
551.321,0,420.152
90
-1477.5,0,-455.5
565.164,0,326.465
560.535,0,366.423
586.061,0,388.07
603.182,0,307.507
633.882,0,392.053
521.869,0,377.518
525.102,0,416.83
538.99,0,296.955
614.175,0,441.167
606.209,0,536.808
629.046,0,622.001
536.844,0,463.358
486.334,0,522.92
500.662,0,600.897
557.198,0,422.106
91
-1493.5,0,-457.5
569.367,0,318.905
565.469,0,366.301
596.063,0,384.722
635.278,0,395.9
539.424,0,292.584
532.278,0,379.476
537.003,0,419.628
539.424,0,292.584
581.593,0,463.059
614.962,0,545.33
640.358,0,626.945
549.051,0,468.335
496.665,0,519.696
506.115,0,600
560.922,0,421.595
92
-1499.5,0,-457.5
601.371,0,305.099
563.512,0,370.167
610.397,0,344.866
601.15,0,297.102
607.752,0,248.902
532.036,0,379.037
561.97,0,314.188
537.315,0,282.855
582.226,0,473.69
623.83,0,544.571
642.103,0,632.101
550.529,0,474.564
496.381,0,524.074
506.729,0,611.822
565.055,0,426.145
93
-1504.5,0,-458
598.123,0,294.898
566.135,0,374.097
601.868,0,390.891
598.123,0,294.898
613.317,0,251.433
535.205,0,380.5
561.061,0,310.635
537.592,0,275.174
593.078,0,465.287
626.153,0,547.144
651.495,0,630.601
554.416,0,473.291
500.559,0,524.761
501.103,0,605.288
569.609,0,429.826
94
-1512.5,0,-457.5
599.637,0,296.136
578.004,0,371.552
606.253,0,343.473
598.534,0,288.247
608.799,0,246.594
539.66,0,384.955
560.19,0,301.65
540,0,272.298
600.229,0,473.011
634.925,0,548.597
654.945,0,634.278
560.782,0,478.525
512.173,0,533.581
506.319,0,606.791
577.834,0,427.88
95
-1519.5,0,-456.5
584.95,0,286.491
577.573,0,367.07
603.763,0,388.218
600.73,0,284.81
612.308,0,243.681
547.694,0,386.21
554.231,0,297.742
535.091,0,267.863
605.116,0,475.846
637.188,0,552.224
661.37,0,629.441
565.667,0,480.048
515.48,0,533.268
507.263,0,605.957
584.295,0,430.188
96
-1525,0,-455
582.412,0,324.821
582.303,0,372.24
606.072,0,388.102
598.392,0,277.438
614.354,0,237.959
550.542,0,380.07
558.678,0,293.153
534.945,0,261.486
605.872,0,475.037
645.367,0,554.16
669.009,0,625.344
566.176,0,482.849
518.454,0,530.158
510.336,0,609.172
582.175,0,427.563
97
-1534,0,-457
586.581,0,323.08
585.465,0,370.68
609.086,0,387.109
603.692,0,275.855
612.619,0,236.376
553.102,0,385.796
555.333,0,290.597
540.081,0,258.489
614.853,0,482.496
652.983,0,562.766
675.489,0,626.795
574.864,0,481.558
525.576,0,535.967
515.904,0,607.179
591.975,0,434.333
98
-1541,0,-456
606.625,0,278.424
585.724,0,372.109
609.282,0,381.234
598.636,0,278.008
617.075,0,231.582
588.596,0,316.974
558.28,0,283.804
543.532,0,259.343
612.348,0,476.167
656.181,0,557.428
684.446,0,629.98
580.392,0,474.503
529.175,0,535.018
540.446,0,472.422
590.842,0,427.66
99
-1546.5,0,-456
601.583,0,277.208
595.68,0,317.093
606.927,0,379.831
601.583,0,277.208
615.032,0,229.015
579.353,0,310.028
554.246,0,287.589
536.274,0,248.947
619.819,0,474.145
656.173,0,559.322
691.294,0,620.817
580.029,0,476.218
535.159,0,533.963
523.354,0,613.732
593.478,0,428.024
100
-1556,0,-457
602.008,0,276.605
588.136,0,375.071
608.511,0,384.422
581.646,0,335.093
591.82,0,271.93
576.087,0,320.208
554.781,0,285.763
552.001,0,278.321
619.643,0,482.03
647.439,0,556.453
690.051,0,625.343
584.452,0,478.213
491.834,0,411.039
527.065,0,618.373
592.778,0,432.701
101
-1561,0,-458
605.04,0,274.709
597.021,0,370.127
613.018,0,386.033
605.04,0,274.709
621.049,0,227.002
565.018,0,386.024
557.039,0,282.651
541.045,0,250.841
621.001,0,473.502
660.984,0,560.978
700.971,0,624.599
589.001,0,473.496
540.989,0,537.1
517.004,0,457.579
597.01,0,425.788
102
-1565,0,-459.5
592.972,0,328.781
600.979,0,368.7
616.983,0,384.665
600.959,0,264.906
616.951,0,224.983
576.983,0,384.673
552.987,0,408.63
536.956,0,248.951
625.001,0,480.473
665.017,0,560.306
705.028,0,616.188
593.001,0,480.479
488.986,0,400.658
512.997,0,456.543
600.992,0,432.573
103
-1572.5,0,-462.5
602.759,0,323.452
597.785,0,370.523
620.548,0,380.862
603.162,0,394.89
613.536,0,221.464
572.535,0,383.721
552.686,0,270.564
539.445,0,245.366
627.156,0,468.821
658.186,0,551.428
707.43,0,612.161
587.008,0,472.511
548.091,0,539.794
510.027,0,448.511
599.846,0,426.271
104
-1576.5,0,-461
600.105,0,327.72
598.696,0,375.7
622.451,0,384.401
593.752,0,271.51
619.151,0,224.235
574.471,0,382.992
549.777,0,406.277
538.481,0,245.876
627.864,0,472.597
657.502,0,553.502
711.834,0,611.122
595.643,0,479.655
478.043,0,396.167
559.665,0,614.657
605.048,0,431.91
105
-1578,0,-461.5
605.814,0,324.305
602.109,0,371.504
625.418,0,381.248
602.161,0,268.614
622.434,0,214.801
585.541,0,378.118
551.786,0,399.213
540.209,0,240.007
626.601,0,468.405
652.329,0,549.573
713.045,0,593.914
594.082,0,473.767
557.241,0,534.195
500.229,0,442.656
605.762,0,427.195
106
-1598,0,-460
602.406,0,325.073
608.911,0,372.65
624.599,0,381.03
596.387,0,261.718
621.744,0,215.124
571.274,0,300.424
556.317,0,268.378
561.362,0,363.287
629.887,0,468.05
651.35,0,547.672
705.891,0,588.835
597.782,0,474.955
556.008,0,536.835
495.205,0,440.207
615.173,0,428.115
107
-1603,0,-463.5
604.341,0,323.272
608.625,0,371.188
631.937,0,380.938
600.672,0,267.473
620.93,0,213.543
574.284,0,297.135
550.334,0,398.36
538.711,0,238.847
633.146,0,468.265
650.921,0,548.956
712.266,0,585.465
608.603,0,474.28
471.807,0,376.37
491.428,0,433.413
612.295,0,426.987
108
-1607.5,0,-465.5
607.048,0,319.049
609.659,0,367.448
632.533,0,378.021
597.401,0,261.847
618.548,0,216.103
592.051,0,381.517
550.684,0,392.931
543.734,0,239.816
638.641,0,466.9
653.553,0,548.744
704.566,0,594.532
606.078,0,471.28
566.438,0,539.012
489.94,0,434.252
619.306,0,424.651
109
-1611.5,0,-465
608.867,0,323.04
611.988,0,370.948
634.97,0,381.225
599.421,0,258.623
620.083,0,213.142
571.633,0,295.445
554.092,0,388.834
537.603,0,236.451
634.887,0,460.532
649.857,0,549.308
702.146,0,586.37
610.303,0,465.955
570.582,0,541.218
587.155,0,614.293
622.236,0,427.515
110
-1613,0,-463.5
613.393,0,324.252
616.678,0,372.803
639.784,0,383.103
594.964,0,266.18
623.527,0,220.747
599.974,0,379.206
558.606,0,391.232
541.569,0,236.837
639.171,0,471.464
647.299,0,552.643
699.914,0,589.947
615.285,0,469.126
575.642,0,545.627
592.512,0,619.623
619.183,0,429.316
111
-1631,0,-465
614.308,0,320.32
617.681,0,368.572
632.675,0,377.981
595.941,0,262.659
624.059,0,217.39
600.436,0,382.916
551.701,0,394.276
543.084,0,233.685
640.17,0,466.567
640.542,0,546.489
477.099,0,427.153
615.802,0,472.247
545.7,0,457.618
593.679,0,621.937
620.303,0,424.741
112
-1633,0,-467.5
623.611,0,321.137
619.251,0,368.656
642.424,0,378.769
596.831,0,262.774
625.09,0,217.448
601.865,0,383.034
560.579,0,395.22
543.244,0,233.899
642.398,0,466.618
643.099,0,546.548
695.232,0,591.263
617.772,0,472.345
578.64,0,548.621
603.967,0,622.823
630.098,0,425.557
113
-1636.5,0,-468
624.182,0,322.243
622.101,0,369.92
645.731,0,378.913
602.632,0,265.572
620.698,0,218.592
605.422,0,385.115
565.114,0,391.317
566.848,0,351.586
649.562,0,474.617
462.253,0,362.944
475.81,0,419.265
625.585,0,473.571
538.362,0,453.841
559.218,0,526.404
627.666,0,425.893
114
-1637,0,-468.5
624.25,0,326.729
627.954,0,375.044
643.762,0,376.438
597.534,0,268.386
616.841,0,230.098
611.447,0,381.587
562.624,0,393.277
566.124,0,353.595
651.87,0,465.133
461.975,0,360.407
472.883,0,417.356
539.613,0,383.25
588.845,0,547.554
614.161,0,621.77
631.658,0,423.36
115
-1655,0,-470
626.946,0,326.32
625.134,0,376.66
642.604,0,379.851
599.198,0,259.722
620.715,0,220.222
612.138,0,388.763
564.203,0,394.482
560.635,0,354.018
644.36,0,470.655
631.79,0,540.745
682.387,0,600.659
536.881,0,385.871
593.708,0,551.884
616.077,0,628.357
630.939,0,424.771
116
-1657.5,0,-471.5
628.778,0,326.104
629.818,0,376.69
647.575,0,378.855
604.611,0,258.281
626.699,0,224.933
617.432,0,389.596
566.846,0,390.636
545.97,0,236.714
654.505,0,469.806
630.772,0,546.204
466.194,0,418.009
546.404,0,380.935
597.943,0,549.409
624.796,0,624.768
638.394,0,424.591
117
-1660.5,0,-473
627.289,0,328.773
632.797,0,377.117
642.655,0,382.623
602.066,0,269.415
621.742,0,222.205
619.666,0,389.183
571.494,0,394.609
560.518,0,356.144
651.475,0,471.619
630.72,0,544.095
462.018,0,417.526
636.149,0,475.992
600.069,0,552.841
631.877,0,635.277
640.499,0,433.154
118
-1666.5,0,-474
627.277,0,322.277
637.755,0,371.121
652.698,0,380.765
601.857,0,263.79
630.97,0,219.457
628.943,0,378.059
571.731,0,387.425
568.279,0,347.323
658.709,0,468.808
464.451,0,343.437
668.173,0,596.953
642.873,0,467.004
524.103,0,453.474
632.929,0,624.704
647.339,0,427.804
119
-1675.5,0,-476.5
628.335,0,330.168
637.575,0,372.178
651.915,0,382.597
607.304,0,261.944
629.296,0,224.977
619.408,0,385.452
577.818,0,394.944
560.77,0,351.674
653.504,0,471.994
465.799,0,344.443
463.406,0,408.885
540.053,0,380.743
608.245,0,553.826
635.808,0,631.209
644.264,0,429.984
120
-1679.5,0,-476
635.649,0,328.951
635.294,0,379.01
652.904,0,381.557
605.89,0,263.799
626.32,0,223.803
620.149,0,383.978
572.247,0,391.367
548.128,0,241.128
657.303,0,471.675
466.761,0,351.055
651.309,0,606.821
534.561,0,378.758
608.87,0,554.152
641.094,0,626.819
642.512,0,426.584
121
-1688.5,0,-477.5
636.451,0,333.46
636.91,0,376.049
647.238,0,380.344
601.991,0,270.675
626.482,0,226.348
625.304,0,389.394
575.404,0,392.87
547.336,0,241.89
658.485,0,469.818
461.799,0,345.626
453.669,0,408.871
537.109,0,383.002
609.504,0,558.472
509.243,0,522.835
643.403,0,433.261
122
-1690.5,0,-477
640.578,0,332.282
641.099,0,375.037
654.55,0,386.632
605.798,0,269.397
630.394,0,224.791
622.076,0,391.542
579.197,0,392.185
550.731,0,240.731
658.64,0,479.468
464.753,0,345.24
456.654,0,408.768
533.271,0,385.501
517.815,0,452.088
651.584,0,628.506
647.715,0,432.446
123
-1700.5,0,-479
636.28,0,332.962
641.248,0,383.294
659.061,0,384.119
606.989,0,267.189
630.367,0,221.749
629.945,0,397.085
583.786,0,391.369
551.067,0,239.548
658.465,0,480.716
467.916,0,346.637
458.327,0,403.452
537.627,0,385.652
623.013,0,557.805
655.558,0,630.886
646.217,0,433.626
124
-1704.5,0,-480
636.223,0,335.325
645.944,0,382.991
656.184,0,387.647
603.172,0,270.872
628.707,0,226.881
634.019,0,396.102
583.986,0,398.065
549.121,0,240.118
657.997,0,481.141
629.09,0,560.668
624.034,0,613.971
650.608,0,483.96
621.702,0,563.486
657.605,0,635.413
651.128,0,440.95
125
-1708.5,0,-481
639.279,0,333.512
649.321,0,383.008
664.228,0,392.883
606.389,0,273.166
637.021,0,220.621
640.407,0,389.958
591.792,0,392.032
563.923,0,356.434
522.275,0,367.407
469.612,0,336.809
453.887,0,399.228
545.123,0,378.257
520.484,0,447.626
667.769,0,626.589
659.363,0,432.505
126
-1712.5,0,-482
643.897,0,344.902
637.507,0,384.721
579.951,0,312.648
558.585,0,279.371
554.802,0,244.204
624.575,0,396.785
581.995,0,397.807
560.629,0,364.53
532.873,0,371.073
466.167,0,346.23
451.496,0,408.285
522.701,0,375.725
466.167,0,346.23
451.496,0,408.285
578.213,0,362.639
127
-1716.5,0,-482
576.102,0,298.977
595.42,0,320.044
580.022,0,316.264
564.484,0,279.801
556.644,0,245.227
624.607,0,400.67
591.922,0,400.81
504.02,0,526.162
532.221,0,377.996
474.41,0,347.482
451.595,0,407.183
539.92,0,379.885
474.41,0,347.482
451.595,0,407.183
564.906,0,377.855
128
-1721.5,0,-485
644.372,0,340.641
651.449,0,390.519
662.166,0,394.057
608.731,0,269.448
651.704,0,212.321
651.449,0,390.519
565.835,0,273.116
558.732,0,241.058
662.039,0,483.156
472.812,0,337.493
451.275,0,401.696
540.657,0,383.66
522.683,0,454.982
511.864,0,522.723
658.526,0,440.397
129
-1726.5,0,-486.5
645.628,0,344.652
654.966,0,383.801
668.862,0,394.748
609.117,0,265.928
635.447,0,227.629
651.028,0,394.323
597.526,0,393.049
573.672,0,360.631
658.509,0,486.51
474.545,0,337.037
629.083,0,613.206
540.704,0,384.618
520.393,0,454.91
678.647,0,625.003
656.428,0,443.995
130
-1728.5,0,-486
648.917,0,342.473
656.321,0,392.525
667.072,0,396.049
660.112,0,435.439
555.418,0,246.338
659.934,0,399.663
595.518,0,396.404
570.315,0,364.33
660.378,0,489.104
477.171,0,339.748
628.836,0,621.638
545.378,0,385.92
527.845,0,457.562
682.501,0,621.371
663.725,0,442.577
131
-1732.5,0,-488
647.011,0,349.714
653.201,0,388.895
664.585,0,399.948
606.67,0,277.376
555.774,0,250.077
642.148,0,400.279
597.275,0,400.942
568.65,0,362.093
649.167,0,495.551
473.046,0,346.675
628.554,0,619.283
665.911,0,489.693
639.109,0,574.244
690.503,0,635.198
654.03,0,444.986
132
-1738.5,0,-486
649.438,0,344.696
654.693,0,392.572
664.514,0,398.022
629.106,0,243.493
612.565,0,272.851
654.693,0,392.572
606.536,0,397.96
570.612,0,358.755
657.537,0,490.492
475.504,0,344.509
636.174,0,619.936
546.405,0,390.28
530.812,0,452.277
525.041,0,519.724
659.949,0,440.448
133
-1741.5,0,-487
645.086,0,349.779
655.68,0,388.995
669.871,0,399.744
545.616,0,363.544
631.06,0,232.218
652.112,0,399.659
567.053,0,281.757
574.024,0,367.241
655.515,0,495.807
630.565,0,552.654
637.564,0,620.335
669.733,0,488.754
648.296,0,570.541
697.921,0,634.866
666.247,0,446.012
134
-1745.5,0,-489.5
652.266,0,341.61
662.283,0,391.205
669.246,0,400.122
613.421,0,264.286
633.21,0,234.48
661.306,0,399.145
571.766,0,275.28
576.897,0,364.575
666.436,0,488.441
634.798,0,549.03
641.883,0,622.445
674.377,0,489.418
655.687,0,575.782
704.427,0,638.203
671.323,0,448.74
135
-1747.5,0,-489.5
650.446,0,342.354
660.301,0,391.732
668.149,0,392.699
612.119,0,265.389
632.684,0,227.784
660.301,0,391.732
570.929,0,276.371
575.915,0,365.287
664.313,0,488.555
482.708,0,345.782
468.044,0,400.168
672.162,0,489.521
654.576,0,567.63
702.699,0,629.747
670.155,0,441.11
136
-1754.5,0,-489
651.323,0,343.545
670.37,0,385.833
677.356,0,394.676
620.216,0,267.811
632.936,0,229.375
669.414,0,393.713
570.654,0,277.79
558.593,0,244.345
673.829,0,490.196
481.678,0,346.955
649.639,0,623.189
681.771,0,491.16
664.271,0,568.994
548.967,0,523.026
671.621,0,441.955
137
-1753.5,0,-490
652.576,0,345.054
669.022,0,388.656
675.448,0,397.94
616.851,0,273.597
642.001,0,448.821
667.605,0,396.529
574.801,0,282.287
584.163,0,365.257
667.706,0,485.961
490.044,0,348.32
470.866,0,409.897
675.55,0,487.372
551.474,0,456.916
714.209,0,632.513
674.79,0,446.593
138
-1753.5,0,-492
652.849,0,345.215
663.324,0,386.415
678.006,0,396.349
615.114,0,268.515
636.105,0,231.549
670.139,0,395.29
614.021,0,395.699
585.71,0,368.015
674.305,0,483.39
484.495,0,346.44
656.428,0,616.274
682.172,0,484.449
662.737,0,569.374
556.811,0,523.291
671.696,0,443.249
139
-1755.5,0,-492
651.356,0,344.313
667.577,0,387.947
673.944,0,397.246
616.033,0,272.784
640.291,0,228.427
666.137,0,395.816
575.553,0,273.508
583.132,0,364.357
673.715,0,486.666
487.998,0,355.076
476.475,0,418.03
681.523,0,488.095
556.599,0,465.228
719.498,0,633.306
673.11,0,445.89
140
-1759.5,0,-494
652.656,0,342.208
668.869,0,385.279
675.222,0,394.464
617.382,0,271.582
633.704,0,226.465
667.445,0,393.036
575.645,0,279.958
584.738,0,361.816
675.113,0,482.652
489.981,0,352.44
478.588,0,414.5
682.891,0,484.08
676.428,0,563.082
720.904,0,627.379
674.456,0,442.437
141
-1761.5,0,-494
650.448,0,347.237
676.079,0,384.319
674.623,0,392.122
614.913,0,276.008
639.38,0,232.127
599.768,0,313.554
574.136,0,276.472
589.573,0,368.173
672.875,0,488.69
493.747,0,358.362
663.846,0,624.273
690.06,0,483.823
564.233,0,460.338
576.175,0,527.164
681.613,0,441.874
142
-1764.5,0,-494
658.82,0,344.785
673.549,0,388.56
671.827,0,396.273
616.423,0,278.642
634.527,0,234.096
600.039,0,315.474
575.812,0,277.678
587.991,0,369.469
676.229,0,486.329
491.213,0,364.07
486.943,0,419.8
693.506,0,482.086
682.351,0,568.671
726.47,0,627.1
678.778,0,438.312
143
-1766.5,0,-494
654.765,0,344.898
671.041,0,388.464
669.578,0,396.296
619.286,0,273.43
635.929,0,227.909
678.905,0,389.933
577.04,0,281.747
592.402,0,373.773
684.939,0,488.321
496.571,0,363.975
492.73,0,428.098
692.803,0,489.791
686.036,0,569.577
730.842,0,634.683
578.137,0,363.003
144
-1766.5,0,-495
660.16,0,342.447
674.343,0,386.742
680.293,0,396.337
618.505,0,275.279
637.297,0,230.598
680.293,0,396.337
575.911,0,281.576
559.893,0,245.036
683.469,0,487.153
497.567,0,369.481
490.677,0,433.353
691.255,0,488.995
688.48,0,570.216
731.969,0,629.631
684.857,0,446.543
145
-1767.5,0,-496
663.231,0,347.745
671.673,0,389.691
670.215,0,397.492
619.842,0,275.05
634.992,0,237.511
603.234,0,320.39
577.607,0,283.308
559.844,0,247.695
685.641,0,489.185
495.75,0,372.977
499.82,0,438.327
694.962,0,482.853
584.866,0,462.287
740.964,0,628.7
686.521,0,440.907
146
-1770.5,0,-498
655.456,0,342.164
671.065,0,385.979
667.991,0,401.681
611.865,0,276.566
636.616,0,232.501
685.056,0,396.87
627.632,0,401.931
593.421,0,370.778
682.141,0,494.121
495.637,0,376.09
671.54,0,630.628
699.207,0,489.311
691.601,0,569.34
736.729,0,627.086
683.599,0,445.496
147
-1772.5,0,-498
657.993,0,347.995
679.972,0,394.265
670.352,0,400.218
618.154,0,272.863
635.109,0,235.762
687.759,0,396.099
575.551,0,279.268
559.525,0,242.619
681.329,0,493.21
501.323,0,385.071
504.061,0,443.248
698.737,0,489.091
695.973,0,570.628
747.267,0,632.02
684.544,0,444.654
148
-1773.5,0,-499
659.518,0,344.248
682.078,0,389.962
672.538,0,395.96
631.77,0,394.968
596.203,0,370.742
689.885,0,391.709
574.503,0,284.557
558.015,0,248.335
684.698,0,488.143
503.394,0,382.502
512.947,0,449.703
700.312,0,491.637
598.823,0,468.923
752.38,0,625.283
687.292,0,439.926
149
-1775.5,0,-499
662.764,0,350.807
677.098,0,394.985
587.352,0,325.54
613.369,0,282.314
631.669,0,237.341
684.816,0,396.733
573.018,0,281.361
556.92,0,244.97
686.804,0,495.42
670.931,0,565.502
509.3,0,455.216
704.003,0,491.129
701.801,0,572.494
629.916,0,531.653
689.669,0,446.95
150
-1776.5,0,-500.5
666.323,0,348.192
680.713,0,392.441
596.411,0,332.175
630.539,0,397.327
565.849,0,251.459
688.481,0,394.22
636.524,0,406.888
603.033,0,374.644
690.39,0,492.943
508.671,0,393.978
519.495,0,453.791
707.709,0,488.72
705.416,0,570.1
756.863,0,631.029
691.536,0,452.253
151
-1777.5,0,-499
666.353,0,344.16
596.962,0,328.239
596.962,0,328.239
615.298,0,283.696
633.634,0,239.152
694.278,0,399.318
574.976,0,282.57
558.93,0,246.387
690.217,0,487.763
508.09,0,397.226
526.534,0,458.333
705.637,0,491.301
605.406,0,468.304
754.403,0,632.491
691.362,0,447.4
152
-1780.5,0,-500
663.849,0,351.565
595.694,0,328.624
595.694,0,328.624
613.582,0,283.683
639.23,0,240.427
694.21,0,398.849
580.853,0,284.712
564.324,0,248.571
689.476,0,495.474
675.973,0,557.644
526.511,0,460.078
706.684,0,491.074
613.562,0,470.848
757.28,0,632.268
691.843,0,447.161
153
-1781.5,0,-500
670.999,0,345.293
684.773,0,389.369
594.081,0,326.713
580.306,0,282.636
562.811,0,253.961
690.605,0,398.928
638.874,0,410.881
605.995,0,378.489
693.219,0,489.206
510.225,0,404.253
684.672,0,625.687
710.463,0,485.222
616.301,0,470.626
755.759,0,634.709
694.828,0,448.846
154
-1780.5,0,-500
670.744,0,349.63
602.589,0,326.663
593.136,0,332.764
643.376,0,400.769
561.802,0,252.557
691.634,0,403.101
641.684,0,408.556
561.802,0,252.557
696.3,0,493.823
510.74,0,412.72
539.39,0,467.878
713.514,0,489.408
719.873,0,572.343
762.353,0,638.661
698.694,0,445.411
155
-1783.5,0,-501.5
666.297,0,351.053
687.94,0,396.919
596.795,0,334.33
645.628,0,403.003
567.106,0,253.999
695.662,0,398.777
643.779,0,410.689
567.106,0,253.999
698.485,0,488.907
512.821,0,411.708
540.336,0,467.119
713.93,0,492.623
728.174,0,569.238
761.562,0,634.194
700.01,0,448.615
156
-1782.5,0,-500
672.23,0,350.265
603.494,0,330.63
593.689,0,336.036
581.613,0,291.555
567.371,0,254.661
699.58,0,399.109
645.087,0,416.368
613.402,0,382.698
706.289,0,491.294
521.857,0,413.991
547.04,0,470.423
597.095,0,410.865
629.915,0,469.478
765.428,0,631.281
701.851,0,448.995
157
-1783.5,0,-501
672.385,0,348.836
597.85,0,339.789
597.85,0,339.789
619.391,0,286.94
634.757,0,243.425
691.199,0,401.541
572.861,0,296.419
615.084,0,384.739
702.402,0,496.181
517.429,0,420.787
681.149,0,629.74
710.157,0,494.601
725.955,0,572.151
763.439,0,637.206
700.678,0,448.071
158
-1783.5,0,-502
673.294,0,348.385
601.851,0,340.073
601.851,0,340.073
651.135,0,408.949
638.958,0,250.121
701.167,0,404.098
641.594,0,414.954
563.91,0,257.398
704.551,0,495.204
524.252,0,428.872
553.928,0,476.791
720.027,0,498.783
734.755,0,576.089
760.825,0,639.597
705.827,0,454.443
159
-1784.5,0,-502
671.362,0,348.757
691.951,0,395.022
600.46,0,338.324
649.663,0,400.27
639.846,0,250.591
697.6,0,404.676
645.65,0,415.562
564.931,0,255.45
706.151,0,496.816
528.447,0,425.669
556.691,0,473.942
723.467,0,493.188
736.031,0,570.036
767.917,0,635.61
598.083,0,378.563
160
-1784.5,0,-502
674.08,0,351.85
693.08,0,399.057
700.667,0,401.31
650.609,0,403.064
568.579,0,262.32
700.667,0,401.31
646.071,0,418.341
620.263,0,394.049
713.639,0,496.601
526.243,0,432.617
560.417,0,484.331
723.494,0,491.217
741.004,0,571.231
763.053,0,635.968
709.811,0,453.902
161
-1784.5,0,-502
679.633,0,350.163
609.268,0,336.512
606.878,0,344.146
652.954,0,408.874
645.51,0,247.264
703.051,0,407.796
588.621,0,296.513
567.973,0,256.515
709.354,0,493.6
528.092,0,436.837
563.844,0,481.566
726.85,0,490.696
743.097,0,571.232
761.734,0,644.133
706.203,0,450.698
162
-1784.5,0,-502
682.39,0,350.776
611.329,0,339.698
611.329,0,339.698
588.917,0,300.925
574.172,0,264.23
700.675,0,404.781
648.486,0,415.166
621.947,0,391.626
718.372,0,491.327
528.775,0,431.782
564.456,0,482.325
728.102,0,485.788
745.799,0,572.334
769.687,0,636.032
713.357,0,449.093
163
-1784.5,0,-503
676.236,0,357.127
697.581,0,396.506
605.694,0,344.477
662.726,0,402.698
580.432,0,262.623
702.917,0,406.35
648.384,0,423.234
624.787,0,391.45
718.34,0,493.549
536.231,0,439.561
572.752,0,483.439
728.179,0,488.204
745.854,0,567.808
765.78,0,639.816
714.423,0,451.075
164
-1784.5,0,-503
682.009,0,354.75
698.931,0,403.099
608.778,0,345.964
663.435,0,407.58
577.175,0,267.013
714.025,0,408.406
650.581,0,420.021
625.699,0,394.313
717.679,0,494.491
711.546,0,560.175
687.666,0,628.1
735.427,0,492.251
749.282,0,573.442
765.791,0,647.087
715.852,0,451.449
165
-1784.5,0,-504.5
683.649,0,357.39
620.28,0,345.396
612.663,0,342.949
591.948,0,302.814
578.85,0,265.127
709.542,0,407.558
654.093,0,423.218
628.503,0,398.256
723.247,0,495.657
538.015,0,444.505
573.963,0,489.534
733.301,0,490.518
757.06,0,573.479
768.024,0,643.958
720.203,0,452.831
166
-1783.5,0,-503
685.526,0,356.855
622.24,0,344.431
612.151,0,349.501
660.501,0,407.342
659.71,0,256.096
711.077,0,407.198
655.523,0,422.481
630.103,0,397.345
724.183,0,495.388
539.303,0,442.977
689.465,0,626.568
741.871,0,492.817
749.866,0,570.939
767.95,0,643.991
721.43,0,452.543
167
-1782.5,0,-504
680.578,0,354.591
705.101,0,405.137
607.838,0,346.239
662.379,0,407.174
583.611,0,270.56
712.605,0,407.734
657.179,0,422.198
629.761,0,404.297
724.128,0,495.84
710.834,0,558.533
694.939,0,628.738
734.233,0,490.925
748.356,0,571.519
765.079,0,644.602
722.119,0,453.086
168
-1782.5,0,-505
681.883,0,361.245
701.286,0,401.945
708.781,0,404.569
663.375,0,414.098
658.503,0,259.818
706.137,0,412.12
658.087,0,429.199
633.395,0,403.599
727.31,0,495.821
713.653,0,558.849
697.352,0,629.428
737.449,0,490.895
751.128,0,571.972
767.45,0,645.499
718.046,0,450.195
169
-1781.5,0,-505
687.033,0,354.671
705.635,0,395.631
710.286,0,405.871
664.455,0,413.741
662.946,0,260.839
717.758,0,408.727
658.811,0,428.509
634.564,0,402.316
726.899,0,496.846
719.267,0,561.629
704.162,0,623.556
744.667,0,495.175
759.453,0,568.527
766.766,0,639.022
726.065,0,454.215
170
-1781.5,0,-505
685.636,0,358.397
705.488,0,398.609
713.022,0,401.207
667.638,0,410.577
668.713,0,260.808
710.451,0,408.662
662.496,0,425.486
637.501,0,400.182
732.516,0,491.342
716.91,0,561.029
711.409,0,625.861
742.621,0,486.486
757.152,0,566.568
589.009,0,491.891
722.769,0,446.275
171
-1779.5,0,-505
687.433,0,357.334
705.268,0,398.73
712.672,0,401.676
666.815,0,409.153
637.198,0,397.369
709.727,0,409.078
604.475,0,307.176
634.253,0,404.772
727.642,0,493.38
718.886,0,558.494
717.534,0,626.554
615.066,0,431.436
548.51,0,447.827
588.556,0,498.061
622.39,0,391.477
172
-1778.5,0,-505
684.619,0,362.222
706.461,0,399.179
625.648,0,347.066
676.035,0,411.895
670.157,0,267.715
715.574,0,405.844
603.806,0,310.109
589.872,0,271.941
730.037,0,500.351
545.215,0,456.094
584.078,0,498.507
737.945,0,499.14
749.997,0,577.896
760.843,0,648.776
722.805,0,453.097
173
-1778.5,0,-505
689.856,0,352.924
706.368,0,401.261
703.67,0,408.775
668.277,0,413.032
669.135,0,269.148
721.367,0,406.646
662.882,0,428.059
638.279,0,402.263
731.891,0,495.243
551.308,0,455.859
588.213,0,494.554
742.088,0,490.422
755.31,0,571.506
761.032,0,649.897
722.879,0,449.598
174
-1776.5,0,-505
690.849,0,354.454
708.167,0,402.497
708.167,0,402.497
670.417,0,415.105
668.703,0,271.017
715.689,0,405.031
665.308,0,430.268
640.328,0,404.968
727.759,0,493.515
549.642,0,450.393
729.473,0,637.603
745.358,0,491.002
752.459,0,569.371
759.561,0,647.739
725.485,0,450.54
175
-1774.5,0,-504
692.808,0,356.154
634.629,0,353.678
710.614,0,404.115
672.701,0,416.773
669.869,0,272.846
718.207,0,406.634
667.674,0,431.927
601.584,0,275.429
731.039,0,495
551.369,0,452.227
736.384,0,631.35
748.739,0,492.46
756.491,0,570.731
764.243,0,649.002
728.42,0,452.076
176
-1773.5,0,-505
693.45,0,353.708
710.559,0,401.407
625.905,0,355.7
672.941,0,413.64
679.115,0,273.483
718.04,0,403.967
667.813,0,428.623
643.014,0,403.399
729.812,0,491.684
552.605,0,447.779
741.164,0,629.471
747.339,0,489.313
746.711,0,564.418
761.046,0,644.643
727.667,0,449.106
177
-1771.5,0,-505
700.027,0,352.727
710.238,0,397.784
715.296,0,407.79
672.645,0,410.396
642.493,0,400.449
715.296,0,407.79
665.203,0,432.954
642.493,0,400.449
728.18,0,495.418
552.327,0,445.744
585.152,0,498.261
745.737,0,492.871
753.563,0,570.493
756.333,0,638.109
725.507,0,452.847
178
-1770.5,0,-505
697.318,0,355.984
710.398,0,400.474
718.105,0,402.487
673.544,0,415.494
644.725,0,399.753
725.812,0,404.499
669.528,0,430.875
642.716,0,407.444
734.548,0,497.144
557.286,0,450.853
585.78,0,499.368
751.971,0,493.479
747.302,0,574.408
754.356,0,641.969
729.176,0,454.667
179
-1767.5,0,-505
699.907,0,351.7
717.527,0,399.054
715.056,0,406.548
680.138,0,411.652
607.346,0,279.635
715.056,0,406.548
665.231,0,431.663
642.668,0,399.296
727.816,0,493.843
552.982,0,444.503
585.591,0,496.799
745.275,0,491.291
753.011,0,568.622
753.254,0,643.481
725.183,0,451.431
180
-1766.5,0,-505
697.758,0,357.181
712.8,0,393.869
634.356,0,348.885
683.785,0,410.903
604.271,0,275.511
642.032,0,350.881
670.121,0,431.93
645.407,0,400.921
734.901,0,497.941
550.686,0,450.027
586.759,0,500.378
744.573,0,492.263
669.504,0,497.319
754.698,0,642.382
731.527,0,447.901
181
-1763.5,0,-504
695.992,0,353.7
714.954,0,400.84
722.575,0,403.16
677.554,0,414.278
678.628,0,273.951
645.654,0,354.926
672.944,0,429.422
647.068,0,404.999
737.635,0,490.481
560.037,0,444.699
781.582,0,619.691
745.256,0,492.801
669.749,0,494.64
749.498,0,643.021
733.916,0,447.981
182
-1760.5,0,-504
701.933,0,352.05
719.914,0,399.733
641.299,0,357.125
682.074,0,412.32
686.285,0,271.728
643.781,0,349.592
677.109,0,427.387
644.083,0,399.801
738.196,0,497.626
553.358,0,445.072
586.534,0,497.763
748.276,0,492.596
748.729,0,567.911
749.181,0,643.226
735.411,0,454.95
183
-1757.5,0,-504
703.083,0,349.014
714.974,0,393.64
720.402,0,403.445
683.323,0,417.456
684.727,0,269.568
645.33,0,348.818
671.309,0,430.465
609.533,0,272.574
736.562,0,490.496
559.036,0,447.482
586.174,0,496.509
744.185,0,492.697
668.991,0,495.704
711.375,0,549.133
732.294,0,448.071
184
-1755.5,0,-504
696.467,0,353.876
716.986,0,400.225
724.624,0,402.223
680.416,0,415.25
611.221,0,274.205
724.624,0,402.223
668.765,0,428.596
649.864,0,407.26
733.104,0,494.603
559.441,0,440.986
585.591,0,497.005
742.749,0,488.929
667.989,0,493.966
742.814,0,644.68
729.867,0,444.577
185
-1753.5,0,-504
703.144,0,351.01
722.313,0,397.923
720.044,0,405.471
684.99,0,411.391
685.424,0,271.613
729.942,0,400.217
672.823,0,424.192
646.846,0,399.922
735.494,0,492.415
560.033,0,439.66
584.561,0,496.414
745.392,0,487.161
667.656,0,496.708
740.419,0,642.034
731.583,0,450.09
186
-1751.5,0,-505
705.132,0,349.665
717.844,0,394.062
723.451,0,403.765
688.696,0,410.817
685.314,0,270.573
639.731,0,348.48
674.871,0,431.69
650.389,0,400.521
741.214,0,490.501
557.339,0,441.082
583.319,0,497.241
741.214,0,490.501
666.097,0,494.901
740.486,0,646.032
728.501,0,446.104
187
-1748.5,0,-505
705.87,0,356.447
719.213,0,401.07
726.962,0,403.056
682.27,0,416.328
618.992,0,276.503
724.981,0,410.789
678.308,0,431.795
653.253,0,400.653
745.898,0,490.316
559.905,0,442.665
803.408,0,620.422
745.898,0,490.316
668.226,0,503.38
739.253,0,645.19
732.556,0,445.693
188
-1746.5,0,-503
703.703,0,350.67
722.656,0,398.087
720.364,0,405.752
685.369,0,411.988
618.617,0,275.128
727.967,0,408.025
670.89,0,432.708
654.957,0,402.894
745.354,0,488.374
552.991,0,439.205
804.503,0,622.96
745.354,0,488.374
727.747,0,574.959
729.929,0,650.761
731.713,0,450.895
189
-1743.5,0,-502
706.802,0,351.632
725.993,0,398.713
723.706,0,406.276
688.501,0,412.138
620.982,0,276.143
733.651,0,401.029
676.268,0,424.948
650.214,0,400.558
749.061,0,488.242
557.627,0,430.339
808.923,0,621.921
749.061,0,488.242
723.897,0,571.438
728.568,0,638.892
735.24,0,451.041
190
-1740.5,0,-501
709.089,0,355.139
722.585,0,392.398
727.863,0,402.301
690.408,0,415.528
616.527,0,276.879
725.527,0,409.85
678.125,0,428.271
652.346,0,403.754
752.52,0,484.369
559.877,0,433.047
808.841,0,625.857
742.573,0,489.563
664.721,0,498.564
728.654,0,642.407
739.024,0,447.109
191
-1736.5,0,-502
710.6,0,352.721
722.257,0,397.789
727.637,0,407.692
685.056,0,411.937
692.664,0,272.488
645.16,0,350.297
631.262,0,312.909
617.364,0,275.521
745.572,0,487.926
555.075,0,432.352
579.732,0,489.546
743.332,0,495.605
720.927,0,572.404
723.623,0,648.192
731.674,0,450.537
192
-1732.5,0,-502
710.347,0,352.404
724.119,0,396.503
722.246,0,404.196
687.651,0,412.073
690.516,0,266.082
729.958,0,406.074
676.192,0,425.581
656.802,0,404.562
749.789,0,492.395
560.729,0,430.068
806.528,0,628.449
742.076,0,490.518
715.634,0,565.573
721.913,0,640.446
736.017,0,448.296
193
-1730.5,0,-503
709.272,0,351.415
722.635,0,395.616
728.396,0,405.247
685.88,0,410.679
690.264,0,264.988
653.276,0,345.241
681.962,0,425.989
655.002,0,402.777
757.082,0,485.994
558.334,0,426.976
810.652,0,630.204
739.684,0,489.698
712.374,0,564.272
717.902,0,639.093
734.04,0,447.473
194
-1729.5,0,-502.5
715.404,0,351.241
727.518,0,395.728
725.345,0,403.308
690.36,0,409.685
667.381,0,403.097
733.005,0,405.504
635.493,0,311.927
621.205,0,275.02
759.407,0,486.898
562.427,0,422.227
577.855,0,484.07
741.914,0,490.086
712.525,0,563.69
715.948,0,638.497
737.46,0,447.795
195
-1725.5,0,-502.5
709.888,0,350.342
731.052,0,396.57
729.086,0,404.223
694.161,0,411.568
670.915,0,405.597
736.835,0,406.213
680.514,0,432.537
655.418,0,401.616
755.917,0,492.697
558.39,0,425.64
803.913,0,627.399
748.169,0,490.707
713.013,0,563.258
710.816,0,636.117
742.502,0,448.46
196
-1722.5,0,-501.5
710.722,0,355.782
729.817,0,402.775
737.419,0,405.042
687.286,0,406.611
695.335,0,268.596
729.817,0,402.775
680.5,0,429.367
656.881,0,397.544
755.068,0,484.642
762.854,0,569.561
802.491,0,630.94
745.205,0,489.961
707.382,0,561.279
709.828,0,636.346
741.312,0,447.501
197
-1719.5,0,-501.5
715.572,0,352.443
726.887,0,397.592
732.19,0,407.533
689.6,0,411.472
674.401,0,406.917
732.19,0,407.533
682.71,0,434.462
659.202,0,402.363
757.118,0,490.167
766.846,0,568.246
796.367,0,635.554
739.622,0,493.275
709.057,0,567.631
703.587,0,641.155
735.906,0,450.404
198
-1713.5,0,-503
707.782,0,352.213
729.565,0,398.07
727.748,0,405.787
693.243,0,413.953
671.908,0,400.783
727.748,0,405.787
681.891,0,427.571
656.473,0,397.149
749.979,0,484.332
762.675,0,568.776
796.259,0,633.702
740.444,0,490.232
706.836,0,563.772
705.914,0,636.864
734.096,0,448.01
199
-1710.5,0,-501
717.51,0,352.452
729.956,0,397.409
727.82,0,405.118
692.709,0,411.991
622.396,0,276.286
737.666,0,399.545
680.727,0,425.274
656.298,0,393.6
752.712,0,495.031
758.75,0,563.116
574.559,0,478.868
745.003,0,492.895
708.22,0,565.717
704.411,0,639.375
740.266,0,450.075
200
-1706.5,0,-501
712.225,0,347.608
725.159,0,399.198
723.444,0,406.939
690.765,0,407.82
683.024,0,406.106
732.9,0,400.913
679.595,0,421.587
661.517,0,393.22
746.715,0,485.181
754.505,0,559.993
787.232,0,632.21
737.26,0,491.207
706.345,0,557.446
706.393,0,630.543
738.093,0,450.788
201
-1702.5,0,-502
715.403,0,348.088
728.941,0,400.018
727.284,0,407.845
694.321,0,409.044
664.672,0,394.589
736.768,0,401.675
683.181,0,423.04
617.43,0,270.106
749.848,0,494.395
758.415,0,569.804
785.949,0,632.874
742.021,0,492.738
658.785,0,499.648
710.54,0,641.442
734.653,0,450.291
202
-1700.5,0,-502
712.404,0,349.506
727.676,0,393.582
726.033,0,401.412
691.429,0,410.498
699.161,0,256.809
733.862,0,403.055
680.313,0,424.514
622.123,0,273.338
748.748,0,487.922
757.448,0,563.316
783.45,0,634.167
739.276,0,494.108
656.052,0,501.165
717.528,0,636.681
733.476,0,443.845
203
-1696.5,0,-501
717.197,0,346.363
731.779,0,390.259
730.05,0,398
687.879,0,404.836
619.177,0,275.703
737.792,0,399.73
684.42,0,420.319
658.638,0,390.177
743.728,0,482.332
564.824,0,409.86
575.947,0,469.238
741.999,0,490.074
701.479,0,562.3
718.616,0,631.149
735.16,0,447.908
204
-1691.5,0,-501
717.505,0,345.555
724.446,0,395.63
723.002,0,403.499
677.908,0,297.619
694.376,0,251.839
653.637,0,341.966
679.654,0,419.944
618.373,0,270.424
747.575,0,489.345
742.38,0,561.594
777.644,0,633.136
739.772,0,487.913
701.921,0,562.302
721.579,0,630.979
731.387,0,445.706
205
-1686.5,0,-501
714.799,0,347.761
731.271,0,391.099
729.844,0,398.902
676.146,0,292.302
691.152,0,254.722
737.713,0,400.342
633.944,0,300.713
666.888,0,387.388
747.048,0,482.699
742.072,0,554.373
776.443,0,633.244
739.179,0,481.259
709.167,0,556.419
729.226,0,624.608
738.446,0,440.801
206
-1684.5,0,-501
711.845,0,344.728
727.01,0,388.64
733.162,0,398.08
690.892,0,405.448
670.793,0,384.923
733.162,0,398.08
679.807,0,419.395
614.21,0,267.133
740.105,0,480.971
739.251,0,562.216
766.72,0,625.009
740.105,0,480.971
708.067,0,555.638
733.891,0,626.226
732.735,0,438.703
207
-1684.5,0,-501.5
713.786,0,344.2
728.975,0,388.202
727.35,0,396.035
676.908,0,287.529
685.032,0,248.362
735.121,0,397.647
681.995,0,419.309
616.364,0,266.8
742.186,0,480.815
733.709,0,560.76
581.89,0,472.077
732.791,0,487.037
708.771,0,563.757
736.253,0,626.65
734.768,0,438.425
208
-1684.5,0,-502
715.844,0,341.794
724.858,0,383.563
722.204,0,399.208
674.203,0,302.54
615.587,0,268.453
731.356,0,392.713
679.099,0,416.039
660.933,0,380.766
740.233,0,482.744
568.226,0,405.279
582.411,0,464.019
732.408,0,481.417
711.313,0,558.316
672.19,0,551.679
731.218,0,440.976
209
-1680.5,0,-498
711.685,0,343.982
729.379,0,386.815
728.228,0,394.697
671.695,0,289.846
686.413,0,243.694
736.044,0,395.837
630.317,0,299.906
611.472,0,264.955
740.17,0,476.939
567.317,0,403.409
582.71,0,462.005
731.204,0,483.68
658.564,0,489.177
673.957,0,547.773
730.291,0,435.247
210
-1671.5,0,-497
711.596,0,341.607
728.073,0,384.579
726.704,0,392.353
685.101,0,401.056
677.327,0,399.688
735.846,0,385.948
631.564,0,295.459
612.35,0,268.034
736.338,0,474.191
572.169,0,405.216
578.135,0,462.366
734.97,0,481.965
713.511,0,558.329
676.013,0,543.713
735.408,0,433.956
211
-1668.5,0,-497
718.484,0,340.337
727.142,0,382.104
733.535,0,391.28
672.356,0,283.917
611.579,0,265.155
733.535,0,391.28
682.792,0,406.479
663.613,0,378.953
733.937,0,479.88
571.273,0,402.916
584.948,0,461.663
733.937,0,479.88
720.176,0,557.936
766.304,0,614.356
733.048,0,439.483
212
-1664.5,0,-496
711.886,0,337.722
731.081,0,379.563
729.343,0,395.257
670.019,0,285.428
681.394,0,397.89
730.212,0,387.41
629.047,0,296.777
608.983,0,262.783
728.501,0,474.593
569.801,0,401.418
743.377,0,627.158
736.347,0,475.462
719.811,0,553.061
769.525,0,606.224
732.845,0,435.36
213
-1662.5,0,-494.5
714.077,0,338.657
731.72,0,381.57
730.541,0,389.448
666.234,0,283.172
673.304,0,235.902
730.541,0,389.448
679.936,0,406.043
604.653,0,265.906
733.268,0,478.458
567.75,0,405.371
743.435,0,624.964
733.268,0,478.458
729.328,0,558.416
778.351,0,606.022
731.315,0,437.892
214
-1659.5,0,-494.5
717.465,0,337.418
727.802,0,378.798
734.586,0,387.722
661.04,0,281.718
675.362,0,235.731
734.586,0,387.722
627.444,0,293.091
664.916,0,370.166
730.602,0,475.09
571.988,0,405.363
588.032,0,463.511
730.602,0,475.09
727.694,0,554.613
681.607,0,540.295
728.125,0,434.788
215
-1658.5,0,-495
715.18,0,335.468
727.204,0,376.45
734.346,0,385.099
664.434,0,282.823
668.955,0,235.452
734.346,0,385.099
684.715,0,404.264
664.043,0,370.423
726.059,0,471.946
573.429,0,401.612
735.43,0,624.214
733.954,0,472.699
662.144,0,473.814
785.815,0,597.153
729.826,0,432.47
216
-1657.5,0,-493
718.814,0,334.212
730.346,0,375.696
728.623,0,391.603
660.621,0,279.627
680.239,0,394.408
737.405,0,384.507
627.216,0,292.102
666.984,0,368.831
727.927,0,471.995
727.231,0,552.388
727.397,0,624.827
735.847,0,472.853
735.151,0,553.246
794.206,0,599.878
732.235,0,432.228
217
-1653.5,0,-491.5
713.877,0,329.464
725.143,0,378.141
724.399,0,386.006
655.421,0,276.323
667.75,0,229.878
733.008,0,378.885
622.474,0,289.077
662.968,0,364.325
724.08,0,473.264
571.99,0,403.331
590.377,0,460.617
731.945,0,474.008
661.161,0,467.313
791.57,0,598.677
728.544,0,426.075
218
-1650.5,0,-490.5
719.822,0,333.874
731.743,0,374.905
730.969,0,382.802
661.295,0,280.3
598.897,0,266.21
730.969,0,382.802
681.267,0,401.846
660.674,0,367.937
722.452,0,469.664
715.484,0,540.733
723.534,0,621.247
738.245,0,471.213
666.402,0,472.141
797.7,0,596.629
644.881,0,366.388
219
-1649.5,0,-490
720.814,0,328.888
733.078,0,377.976
732.463,0,385.952
660.693,0,276.111
664.382,0,228.253
732.463,0,385.952
683.375,0,398.216
597.497,0,263.216
733.676,0,474.307
578.453,0,406.175
721.993,0,625.857
741.652,0,474.922
669.865,0,469.388
796.24,0,599.486
729.388,0,425.834
220
-1647.5,0,-488.5
716.569,0,330.19
727.806,0,371.197
734.784,0,379.945
658.934,0,275.878
664.371,0,228.858
734.784,0,379.945
684.762,0,397.986
664.735,0,363.904
732.701,0,467.06
572.574,0,400.897
597.767,0,459.4
732.701,0,467.06
668.723,0,467.604
715.485,0,615.957
729.348,0,426.965
221
-1645.5,0,-490.5
719.587,0,327.186
729.881,0,376.539
736.893,0,385.389
661.623,0,272.213
658.342,0,231.71
737.826,0,377.476
687.358,0,395.598
667.254,0,361.134
734.578,0,473.374
719.172,0,535.745
599.513,0,457.455
743.456,0,466.397
757.964,0,548.341
800.038,0,601.44
732.23,0,424.957
222
-1647.5,0,-489.5
715.636,0,323.887
732.843,0,374.011
731.778,0,381.829
658.039,0,276.228
664.426,0,229.317
740.708,0,375.082
624.45,0,287.581
662.059,0,364.373
735.798,0,469.974
577.022,0,400.575
601.03,0,459.588
743.663,0,471.045
758.741,0,536.806
798.479,0,597.961
734.32,0,421.993
223
-1644.5,0,-491
716.061,0,326.854
733.242,0,369.732
739.823,0,378.824
651.7,0,276.224
659.391,0,229.423
739.823,0,378.824
688.798,0,394.471
669.054,0,367.194
741.45,0,467.21
582.73,0,401.073
709.232,0,614.12
741.45,0,467.21
761.367,0,542.58
799.574,0,604.934
739.995,0,426.917
224
-1639.5,0,-490
719.136,0,323.948
734.259,0,375.177
732.843,0,383.003
655.365,0,272.002
654.571,0,231.447
742.131,0,376.601
619.629,0,289.784
671.281,0,363.785
740.888,0,473.362
582.649,0,404.328
707.534,0,612.808
750.176,0,466.96
768.924,0,543.091
798.375,0,604.994
741.51,0,424.982
225
-1636.5,0,-488.5
719.905,0,324.884
728.432,0,366.673
733.399,0,383.669
649.123,0,271.856
685.3,0,383.036
734.806,0,375.873
621.555,0,291.029
664.769,0,363.23
742.671,0,465.842
584.881,0,405.157
790.19,0,603.22
742.671,0,465.842
761.133,0,541.624
701.775,0,603.358
734.144,0,424.053
226
-1632.5,0,-489.5
717.764,0,329.734
734.942,0,372.705
733.677,0,380.54
653.577,0,279.17
684.136,0,388.617
733.677,0,380.54
682.87,0,396.452
664.427,0,361.316
735.427,0,469.255
585.054,0,404.772
607.536,0,464.679
744.527,0,462.686
764.478,0,538.262
793.53,0,607.269
735.184,0,420.98
227
-1631.5,0,-489
715.988,0,327.132
733.168,0,370.295
739.749,0,379.441
651.628,0,276.276
650.175,0,235.677
739.749,0,379.441
688.722,0,395.338
668.978,0,367.902
741.373,0,468.502
581.37,0,410.125
791.63,0,605.855
749.236,0,469.784
685.047,0,467.391
702.568,0,607.479
653.252,0,365.338
228
-1629.5,0,-487.5
722.639,0,328.487
730.221,0,370.896
736.439,0,380.348
652.378,0,273.139
652.63,0,232.348
736.439,0,380.348
692.412,0,395.766
665.925,0,365.792
742.152,0,471.383
582.473,0,413.914
611.943,0,469.009
751.604,0,465.166
760.552,0,540.531
788.404,0,603.462
744.021,0,422.757
229
-1627,0,-486
718.541,0,322.825
735.381,0,366.18
741.902,0,375.398
645.163,0,277.752
644.087,0,237.13
741.902,0,375.398
690.524,0,390.751
670.961,0,363.097
742.692,0,464.494
587.767,0,421.456
612.49,0,466.178
750.574,0,465.861
763.33,0,532.77
783.969,0,601.046
741.616,0,423.872
230
-1624,0,-482
719.577,0,324.408
735.378,0,368.297
741.678,0,377.695
647.286,0,277.525
647.182,0,236.733
741.678,0,377.695
619.093,0,296.424
590.797,0,274.531
740.338,0,467.127
586.463,0,420.453
616.413,0,475.289
749.736,0,460.828
759.342,0,536.112
778.346,0,605.096
653.794,0,368.506
231
-1623,0,-476.5
716.966,0,321.906
733.455,0,365.256
739.9,0,374.501
643.963,0,276.315
643.215,0,235.836
739.9,0,374.501
616.079,0,295.434
669.069,0,361.58
739.972,0,463.267
585.418,0,418.937
616.222,0,472.967
652.652,0,406.996
760.057,0,531.479
780.142,0,599.691
651.904,0,366.517
232
-1619.5,0,-479
713.627,0,320.51
730.05,0,366.306
635.541,0,334.754
642.544,0,284.685
641.739,0,236.039
739.294,0,372.752
687.505,0,398.463
666.145,0,369.831
747.278,0,460.748
588.864,0,432.721
622.339,0,483.539
747.278,0,460.748
753.825,0,540.873
766.746,0,611.705
740.099,0,421.397
233
-1616.5,0,-483
723.186,0,319.286
737.135,0,363.608
735.276,0,371.357
641.667,0,283.336
645.075,0,234.984
743.025,0,373.216
696.843,0,394.915
671.426,0,364.231
738.07,0,462.172
588.983,0,434.593
618.43,0,482.634
755.426,0,458.142
754.19,0,531.6
770.31,0,601.027
741.477,0,413.82
234
-1616,0,-483
722.815,0,316.625
730.601,0,366.304
729.289,0,374.148
640.635,0,278.69
639.366,0,238.164
746.259,0,368.923
694.039,0,392.44
666.659,0,363.672
747.485,0,457.82
590.91,0,431.63
622.183,0,485.238
755.314,0,459.129
751.335,0,531.029
764.326,0,597.705
746.216,0,417.293
235
-1615,0,-493.5
723.867,0,319.069
650.137,0,320.468
737.949,0,370.677
642.323,0,278.252
640.777,0,245.426
747.366,0,364.446
700.284,0,395.601
665.794,0,364.266
745.736,0,453.531
593.583,0,439.127
623.351,0,493.896
753.578,0,455.111
684.543,0,473.713
766.031,0,595.804
745.764,0,412.894
236
-1614,0,-493
720.021,0,316.846
736.104,0,360.634
734.605,0,368.492
636.575,0,284.646
644.068,0,245.354
742.464,0,369.99
697.178,0,393.932
580.068,0,282.015
751.054,0,453.07
597.249,0,448.174
629.048,0,494.958
758.912,0,454.568
745.426,0,525.294
763.373,0,602.014
742.83,0,410.781
237
-1593,0,-448.5
724.846,0,311.726
647.482,0,324.872
726.492,0,369.709
641.894,0,282.329
636.307,0,239.787
743.903,0,365.93
610.851,0,307.298
668.51,0,371.355
737.667,0,454.793
598.541,0,452.174
635.01,0,502.599
755.078,0,451.014
681.493,0,481.571
758.209,0,599.831
741.771,0,406.501
238
-1599,0,-480.5
727.024,0,311.034
735.571,0,360.696
726.493,0,367.372
641.581,0,289.945
639.71,0,249.361
743.448,0,361.897
614.348,0,309.972
577.367,0,288.214
745.99,0,450.943
599.405,0,460.831
785.513,0,561.747
753.866,0,452.144
684.848,0,481.919
755.878,0,597.527
744.118,0,410.358
239
-1598,0,-487
725.089,0,314.698
734.458,0,356.669
723.994,0,371.141
639.519,0,292.661
638.045,0,251.978
748.965,0,367.123
611.979,0,312.438
582.964,0,291.531
744.017,0,447.203
603.367,0,464.72
635.14,0,518.431
759.809,0,449.777
681.041,0,485.47
752.482,0,594.18
742.543,0,406.519
240
-1582,0,-438
722.252,0,313.506
737.92,0,357.443
659.481,0,341.717
635.969,0,296.207
635.988,0,255.414
744.191,0,366.86
615.563,0,316.593
579.489,0,293.042
751.996,0,450.017
609.214,0,470.345
747.22,0,595.925
759.84,0,451.59
679.809,0,484.499
698.604,0,553.541
744.172,0,407.652
241
-1579,0,-434
724.8,0,313.346
738.526,0,357.726
728.891,0,363.566
637.791,0,300.214
639.54,0,259.629
746.263,0,359.623
616.624,0,319.631
669.037,0,373.497
748.605,0,450.427
611.525,0,474.232
646.566,0,532.04
758.24,0,444.586
681.162,0,491.308
698.83,0,553.059
651.665,0,377.44
242
-1574,0,-438.5
723.044,0,311.16
738.17,0,355.287
727.007,0,369.266
635.312,0,300.623
635.834,0,259.834
744.324,0,364.781
614.656,0,320.756
578.875,0,296.762
651.062,0,418.504
612.568,0,483.911
649.496,0,540.87
658.886,0,420.173
736.081,0,518.443
694.77,0,558.709
751.626,0,407.239
243
-1571,0,-437.5
722.217,0,319.035
729.906,0,361.019
734.127,0,367.727
632.293,0,310.067
635.534,0,270.57
642.469,0,341.121
605.46,0,326.951
575.158,0,308.56
644.431,0,433.532
614.357,0,489.914
641.418,0,547.802
756.213,0,447.475
669.004,0,502.35
682.649,0,568.68
741.816,0,409.712
244
-1569.5,0,-438
718.993,0,312.879
735.149,0,358.05
721.025,0,368.61
629.417,0,304.983
630.183,0,264.775
744.31,0,364.412
608.93,0,324.703
573.686,0,307.014
644.04,0,430.569
615.025,0,491.896
649.502,0,549.793
651.802,0,429.17
730.684,0,511.118
683.347,0,559.72
743.543,0,404.62
245
-1569.5,0,-438
724.775,0,320.19
738.706,0,358.529
736.022,0,369.52
634.165,0,309.712
638.062,0,269.902
747.013,0,372.204
610.969,0,333.163
673.017,0,389.075
641.771,0,445.499
621.516,0,504.607
647.907,0,563.458
655.446,0,437.192
668.163,0,504.35
680.88,0,571.509
652.506,0,401.536
246
-1566.5,0,-439.5
725.448,0,319.311
733.154,0,361.483
730.651,0,372.459
707.93,0,396.147
635.901,0,281.574
642.839,0,352.438
605.672,0,338.191
668.261,0,392.876
644.771,0,445.256
766.479,0,519.194
652.674,0,562.53
655.748,0,447.759
726.81,0,515.923
678.865,0,574.274
648.042,0,405.587
247
-1565,0,-441
720.902,0,323.818
734.302,0,362.13
731.5,0,373.033
708.142,0,396.088
639.282,0,279.598
749.256,0,371.785
611.568,0,342.214
672.631,0,398.586
640.867,0,454.349
630.909,0,515.716
806.604,0,578.299
654.572,0,446.248
723.736,0,516.324
735.583,0,583.294
652.074,0,410.737
248
-1562,0,-440
725.462,0,323.234
738.507,0,361.677
728.712,0,376.542
705.135,0,399.383
641.339,0,289.124
749.385,0,364.581
609.05,0,344.6
669.595,0,401.549
644.198,0,453.037
766.027,0,520.519
658.672,0,573.437
655.076,0,455.941
655.422,0,520.128
680.429,0,579.245
648.922,0,413.511
249
-1559,0,-438.5
717.319,0,318.266
734.167,0,363.424
731.202,0,374.285
707.456,0,397.151
637.128,0,291.405
645.083,0,369.145
604.488,0,346.854
664.895,0,403.442
643.145,0,461.749
632.284,0,522.913
663.984,0,577.787
656.999,0,453.745
650.101,0,521.769
685.764,0,583.502
751.015,0,408.581
250
-1557.5,0,-439
717.696,0,320.588
738.437,0,363.609
727.626,0,377.658
713.137,0,402.317
636.424,0,297.913
749.028,0,367.34
610.904,0,354.401
663.419,0,408.614
645.033,0,461.663
626.426,0,532.491
657.759,0,579.243
652.167,0,458.223
644.151,0,532.782
678.941,0,586.704
752.045,0,410.07
251
-1553.5,0,-439
720.236,0,319.637
641.738,0,376.326
737.855,0,373.088
634.727,0,344.267
638.441,0,298.007
641.738,0,376.326
606.204,0,358.41
666.547,0,408.444
641.441,0,465.312
755.176,0,515.525
662.417,0,579.285
766.081,0,447.931
637.667,0,529.37
683.749,0,586.476
755.533,0,408.742
252
-1551.5,0,-437.5
718.927,0,312.474
647.874,0,384.823
725.546,0,367.506
634.339,0,338.598
637.473,0,298.344
749.131,0,364.669
612.645,0,357.158
578.361,0,337.355
641.606,0,465.331
625.586,0,531.061
663.651,0,582.311
766.448,0,442.341
633.447,0,530.116
764.908,0,562.157
753.858,0,403.978
253
-1549.5,0,-436
717.321,0,315.794
737.263,0,353.913
731.065,0,370.655
632.376,0,340.836
636.058,0,300.226
644.443,0,379.785
610.429,0,359.237
672.26,0,417.075
645.793,0,468.13
628.877,0,534.268
657.532,0,579.513
653.667,0,467.3
737.446,0,506.736
674.12,0,585.809
751.008,0,408.775
254
-1548.5,0,-435.5
718.415,0,314.03
737.825,0,357.657
733.827,0,368.146
628.383,0,345.376
637.142,0,306.637
637.325,0,384.949
602.686,0,365.519
575.28,0,342.87
640.742,0,470.533
616.754,0,533.469
646.632,0,581.149
766.177,0,440.858
734.955,0,507.011
667.568,0,589.255
750.002,0,404.502
255
-1545.5,0,-436
719.085,0,313.044
739.196,0,351.143
732.92,0,367.894
634.091,0,346.15
637.847,0,305.531
646.246,0,385.089
611.903,0,364.581
577.56,0,344.073
646.689,0,465.487
621.585,0,532.492
650.492,0,577.707
654.645,0,464.647
629.541,0,531.653
793.696,0,562.589
650.446,0,424.868
256
-1543.5,0,-435
722.952,0,311.366
739.368,0,347.842
738.639,0,365.716
632.125,0,343.469
633.583,0,307.722
745.934,0,362.432
606.228,0,363.897
571.209,0,344.566
644.897,0,469.314
610.247,0,528.772
643.808,0,583.851
771.471,0,438.668
628.12,0,529.501
798.833,0,557.946
755.055,0,402.192
257
-1541.5,0,-434.5
719.454,0,310.541
739.467,0,348.478
732.33,0,357.219
626.424,0,344.179
630.282,0,303.771
646.437,0,382.115
712.556,0,399.275
570.721,0,349.946
646.677,0,462.108
612.627,0,521.645
642.238,0,574.592
772.357,0,433.091
621.405,0,528.738
800.567,0,550.197
650.536,0,421.7
258
-1540.5,0,-432
717.63,0,305.188
736.321,0,343.938
729.579,0,360.468
625.153,0,343.977
630.16,0,303.509
745.377,0,359.323
716.673,0,401.509
569.858,0,347.986
641.73,0,463.09
614.182,0,521.234
641.93,0,575.369
657.528,0,461.944
622.66,0,528.64
807.236,0,555.363
756.169,0,398.645
259
-1538.5,0,-433
725.244,0,306.777
733.691,0,346.484
729.506,0,356.965
720.108,0,395.714
625.518,0,297.85
747.351,0,357.924
712.765,0,398.888
568.901,0,348.336
644.619,0,463.028
613.191,0,511.299
767.556,0,565.983
778.932,0,430.991
626.851,0,522.738
659.459,0,578.018
755.798,0,397.631
260
-1535.5,0,-432
721.073,0,303.12
740.725,0,341.215
734.323,0,357.823
713.597,0,391.801
624.468,0,296.405
647.926,0,374.118
606.786,0,362.076
564.885,0,342.11
647.612,0,454.114
613.321,0,513.384
634.496,0,567.327
655.536,0,453.353
763.869,0,498.925
651.104,0,573.729
651.731,0,413.736
261
-1532.5,0,-432
723.536,0,296.667
736.178,0,343.158
732.232,0,353.7
720.393,0,385.325
619.78,0,300.94
642.375,0,369.001
603.366,0,360.839
676.809,0,405.436
646.496,0,454.307
612.236,0,513.719
628.196,0,567.399
657.077,0,458.144
630.082,0,514.205
649.359,0,575.075
759.401,0,393.487
262
-1531.5,0,-431
716.849,0,298.306
736.432,0,341.855
732.438,0,352.377
713.196,0,387.208
613.431,0,301.181
642.805,0,366.505
603.981,0,357.786
561.892,0,341.808
643.147,0,444.885
619.18,0,508.017
627.511,0,565.353
653.669,0,448.879
629.702,0,512.012
648.555,0,573.342
759.279,0,392.663
263
-1529.5,0,-431
720.994,0,299.964
637.56,0,364.822
737.233,0,354.14
707.975,0,385.233
607.436,0,299.427
744.424,0,350.827
598.756,0,356.273
672.023,0,401.795
638.922,0,443.466
615.862,0,506.937
624.911,0,564.424
656.65,0,444.108
633.59,0,507.578
645.986,0,572.332
753.969,0,390.47
264
-1525.5,0,-430
722.572,0,299.766
740.621,0,335.224
737.139,0,345.925
701.809,0,381.767
605.114,0,297.051
747.841,0,349.407
598.406,0,354.04
662.742,0,392.724
641.723,0,439.139
620.831,0,503.347
624.825,0,563.817
659.515,0,439.011
631.533,0,506.829
824.029,0,551.709
758.798,0,388.475
265
-1525.5,0,-430.5
717.954,0,294.469
739.761,0,336.69
736.358,0,347.361
708.443,0,379.607
601.033,0,292.46
640.781,0,352.157
712.078,0,386.644
669.625,0,390.743
641.942,0,440.697
617.894,0,497.689
622.225,0,557.85
659.65,0,440.465
639.237,0,504.493
643.568,0,564.654
648.514,0,401.647
266
-1523.5,0,-429.5
726.158,0,298.239
742.864,0,334.583
738.936,0,345.193
709.273,0,376.436
676.856,0,382.532
756.815,0,345.78
712.614,0,383.705
560.146,0,339.324
646.606,0,431.653
623.039,0,495.313
624.619,0,556.219
657.216,0,435.581
791.218,0,497.254
645.839,0,564.075
647.78,0,395.896
267
-1521.5,0,-429.5
728.265,0,290.287
744.332,0,336.22
741.165,0,347.082
709.94,0,373.331
599.289,0,288.03
644.772,0,354.326
605.174,0,348.671
678.036,0,381.704
644.323,0,436.69
621.472,0,494.844
627.358,0,555.485
783.481,0,424.239
643.194,0,501.178
642.066,0,565.667
649.978,0,397.092
268
-1519.5,0,-429.5
731.753,0,292.008
743.974,0,330.926
744.653,0,348.802
713.429,0,375.051
684.692,0,372.563
644.414,0,349.032
717.276,0,382.065
558.203,0,341.569
643.965,0,431.396
624.96,0,496.564
745.114,0,549.281
661.84,0,430.717
642.836,0,495.884
641.707,0,560.373
763.888,0,383.874
269
-1517.5,0,-429.5
728.959,0,295.441
741.115,0,334.152
744.941,0,341.129
717.709,0,374.216
589.865,0,290.045
642.084,0,352.162
710.732,0,378.042
563.309,0,340.912
641.637,0,434.088
625.885,0,488.105
742.249,0,551.345
780.055,0,421.703
640.515,0,498.233
642.543,0,551.575
647.263,0,394.7
270
-1514.5,0,-428.5
726.445,0,293.376
745.48,0,328.082
746.115,0,345.792
602.744,0,316.073
587.516,0,288.308
753.093,0,341.965
604.016,0,351.492
564.684,0,345.976
638.913,0,431.673
626.866,0,492.455
739.155,0,548.25
656.676,0,430.961
637.65,0,495.57
650.343,0,551.812
644.619,0,392.427
271
-1514.5,0,-427.5
729.935,0,293.829
742.835,0,332.52
746.797,0,339.469
709.279,0,370.071
590.57,0,290.411
644.022,0,352.024
713.241,0,377.02
558.026,0,345.803
641.155,0,427.331
744.014,0,479.192
744.098,0,543.607
662.907,0,433.346
634.326,0,495.688
648.236,0,552.22
763.659,0,385.109
272
-1509.5,0,-427.5
730.693,0,291.093
743.453,0,329.623
740.445,0,340.499
709.639,0,367.225
590.971,0,288.31
758.287,0,339.488
713.581,0,374.139
562.032,0,350.615
645.018,0,431.554
743.976,0,475.902
743.771,0,540.147
662.859,0,430.542
633.921,0,492.848
805.179,0,550.939
650.099,0,392.012
273
-1508.5,0,-426.5
731.459,0,284.796
748.12,0,330.009
738.281,0,344.738
714.678,0,367.314
679.304,0,369.246
642.965,0,353.49
607.591,0,355.422
568.294,0,350.472
639.947,0,428.161
738.16,0,472.469
742.023,0,543.216
661.557,0,434.077
781.381,0,484.3
653.589,0,548.045
757.899,0,379.145
274
-1505.5,0,-426.5
730.448,0,283.891
747.102,0,329.086
733.344,0,336.93
590.942,0,326.974
682.236,0,375.186
757.903,0,332.043
606.63,0,354.489
682.236,0,375.186
638.972,0,427.199
737.146,0,471.489
641.808,0,544.078
660.574,0,433.113
780.349,0,483.316
797.969,0,546.19
647.842,0,394.797
275
-1505.5,0,-425.5
733.154,0,279.678
749.929,0,325.085
740.114,0,339.844
709.663,0,366.368
581.74,0,301.876
644.736,0,348.416
606.4,0,361.112
682.148,0,382.057
638.944,0,434.176
733.398,0,471.942
744.3,0,539.022
656.644,0,433.246
635.083,0,491.35
655.801,0,543.672
643.811,0,394.753
276
-1503.5,0,-425.5
734.999,0,281.602
747.795,0,320.111
737.91,0,334.909
714.198,0,357.59
582.963,0,304.162
646.094,0,350.616
607.585,0,363.412
690.486,0,380.271
643.062,0,425.633
632.146,0,486.824
638.999,0,547.044
781.271,0,410.957
636.088,0,493.737
663.681,0,542.132
761.561,0,376.39
277
-1500.5,0,-424.5
742.055,0,279.137
747.968,0,321.81
744.981,0,332.722
591.173,0,337.538
707.245,0,363.447
645.734,0,352.474
607.023,0,365.337
571.299,0,367.288
642.686,0,427.884
737.909,0,465.681
641.589,0,539.019
660.548,0,426.909
781.558,0,477.63
666.401,0,534.081
764.794,0,367.471
278
-1495.5,0,-425
735.82,0,273.445
752.429,0,318.641
738.604,0,326.524
589.724,0,338.523
580.956,0,307.078
650.803,0,349.253
737.468,0,372.727
688.15,0,382.624
640.689,0,427.907
735.195,0,465.133
632.432,0,541.948
658.435,0,426.9
636.561,0,484.928
664.004,0,533.058
645.746,0,388.58
279
-1491.5,0,-424
733.158,0,272.594
749.931,0,317.991
736.18,0,325.832
587.76,0,337.177
578.87,0,305.606
764.69,0,327.896
735.26,0,372.157
572.082,0,373.597
638.999,0,427.042
733.42,0,464.806
631.291,0,541.358
663.568,0,422.194
776.689,0,476.776
787.594,0,543.839
643.861,0,387.63
280
-1488.5,0,-425
739.467,0,273.182
745.32,0,315.42
735.485,0,330.143
587.169,0,341.788
578.359,0,310.351
644.13,0,345.771
741.338,0,372.381
582.221,0,381.07
641.113,0,420.412
739.286,0,464.701
633.148,0,534.334
778.628,0,405.809
641.053,0,484.251
668.507,0,532.403
755.095,0,364.537
281
-1485.5,0,-425
734.496,0,269.108
751.146,0,314.293
737.392,0,322.135
593.029,0,340.656
577.344,0,313.147
765.866,0,324.126
747.165,0,371.242
581.204,0,383.85
640.084,0,423.183
738.236,0,467.464
632.121,0,537.081
773.648,0,401.707
646.901,0,483.088
674.35,0,531.229
754.042,0,367.32
282
-1483.5,0,-425
744.234,0,269.216
749.941,0,311.527
739.963,0,326.33
594.369,0,345.552
685.258,0,375.747
647.831,0,342.409
623.954,0,365.136
589.205,0,384.949
644.453,0,417.24
743.184,0,461.19
628.961,0,535.43
662.273,0,416.192
644.103,0,481.231
678.501,0,525.41
649.617,0,377.843
283
-1481.5,0,-425
746.044,0,267.788
751.958,0,310.462
627.899,0,335.151
596.138,0,344.052
580.288,0,316.253
649.724,0,341.126
758.846,0,370.997
588.152,0,394.65
749.885,0,403.734
745.861,0,461.282
624.729,0,539.558
660.575,0,408.611
646.615,0,481.034
681.302,0,525.719
651.675,0,376.849
