data/BP_videos/2.MOV
0
,,
,,
,,
,,
,,
,,
,,
,,
,,
,,
,,
,,
,,
,,
,,
,,
1
,,
,,
,,
,,
,,
,,
,,
,,
,,
,,
,,
,,
,,
,,
,,
,,
2
,,
,,
,,
,,
,,
,,
,,
,,
,,
,,
,,
,,
,,
,,
,,
,,
3
,,
,,
,,
,,
,,
,,
,,
,,
,,
,,
,,
,,
,,
,,
,,
,,
4
,,
,,
,,
,,
,,
,,
,,
,,
,,
,,
,,
,,
,,
,,
,,
,,
5
,,
,,
,,
,,
,,
,,
,,
,,
,,
,,
,,
,,
,,
,,
,,
,,
6
,,
,,
,,
,,
,,
,,
,,
,,
,,
,,
,,
,,
,,
,,
,,
,,
7
,,
,,
,,
,,
,,
,,
,,
,,
,,
,,
,,
,,
,,
,,
,,
,,
8
,,
,,
,,
,,
,,
,,
,,
,,
,,
,,
,,
,,
,,
,,
,,
,,
9
,,
,,
,,
,,
,,
,,
,,
,,
,,
,,
,,
,,
,,
,,
,,
,,
10
,,
,,
,,
,,
,,
,,
,,
,,
,,
,,
,,
,,
,,
,,
,,
,,
11
,,
,,
,,
,,
,,
,,
,,
,,
,,
,,
,,
,,
,,
,,
,,
,,
12
,,
,,
,,
,,
,,
,,
,,
,,
,,
,,
,,
,,
,,
,,
,,
,,
13
,,
,,
,,
,,
,,
,,
,,
,,
,,
,,
,,
,,
,,
,,
,,
,,
14
,,
,,
,,
,,
,,
,,
,,
,,
,,
,,
,,
,,
,,
,,
,,
,,
15
,,
,,
,,
,,
,,
,,
,,
,,
,,
,,
,,
,,
,,
,,
,,
,,
16
,,
,,
,,
,,
,,
,,
,,
,,
,,
,,
,,
,,
,,
,,
,,
,,
17
,,
,,
,,
,,
,,
,,
,,
,,
,,
,,
,,
,,
,,
,,
,,
,,
18
,,
,,
,,
,,
,,
,,
,,
,,
,,
,,
,,
,,
,,
,,
,,
,,
19
,,
,,
,,
,,
,,
,,
,,
,,
,,
,,
,,
,,
,,
,,
,,
,,
20
,,
,,
,,
,,
,,
,,
,,
,,
,,
,,
,,
,,
,,
,,
,,
,,
21
,,
,,
,,
,,
,,
,,
,,
,,
,,
,,
,,
,,
,,
,,
,,
,,
22
,,
,,
,,
,,
,,
,,
,,
,,
,,
,,
,,
,,
,,
,,
,,
,,
23
,,
,,
,,
,,
,,
,,
,,
,,
,,
,,
,,
,,
,,
,,
,,
,,
24
,,
,,
,,
,,
,,
,,
,,
,,
,,
,,
,,
,,
,,
,,
,,
,,
25
,,
,,
,,
,,
,,
,,
,,
,,
,,
,,
,,
,,
,,
,,
,,
,,
26
,,
,,
,,
,,
,,
,,
,,
,,
,,
,,
,,
,,
,,
,,
,,
,,
27
,,
,,
,,
,,
,,
,,
,,
,,
,,
,,
,,
,,
,,
,,
,,
,,
28
,,
,,
,,
,,
,,
,,
,,
,,
,,
,,
,,
,,
,,
,,
,,
,,
29
,,
,,
,,
,,
,,
,,
,,
,,
,,
,,
,,
,,
,,
,,
,,
,,
30
,,
,,
,,
,,
,,
,,
,,
,,
,,
,,
,,
,,
,,
,,
,,
,,
31
,,
,,
,,
,,
,,
,,
,,
,,
,,
,,
,,
,,
,,
,,
,,
,,
32
,,
,,
,,
,,
,,
,,
,,
,,
,,
,,
,,
,,
,,
,,
,,
,,
33
,,
,,
,,
,,
,,
,,
,,
,,
,,
,,
,,
,,
,,
,,
,,
,,
34
,,
,,
,,
,,
,,
,,
,,
,,
,,
,,
,,
,,
,,
,,
,,
,,
35
,,
,,
,,
,,
,,
,,
,,
,,
,,
,,
,,
,,
,,
,,
,,
,,
36
,,
,,
,,
,,
,,
,,
,,
,,
,,
,,
,,
,,
,,
,,
,,
,,
37
,,
,,
,,
,,
,,
,,
,,
,,
,,
,,
,,
,,
,,
,,
,,
,,
38
,,
,,
,,
,,
,,
,,
,,
,,
,,
,,
,,
,,
,,
,,
,,
,,
39
,,
,,
,,
,,
,,
,,
,,
,,
,,
,,
,,
,,
,,
,,
,,
,,
40
,,
,,
,,
,,
,,
,,
,,
,,
,,
,,
,,
,,
,,
,,
,,
,,
41
,,
,,
,,
,,
,,
,,
,,
,,
,,
,,
,,
,,
,,
,,
,,
,,
42
,,
,,
,,
,,
,,
,,
,,
,,
,,
,,
,,
,,
,,
,,
,,
,,
43
,,
,,
,,
,,
,,
,,
,,
,,
,,
,,
,,
,,
,,
,,
,,
,,
44
,,
,,
,,
,,
,,
,,
,,
,,
,,
,,
,,
,,
,,
,,
,,
,,
45
,,
,,
,,
,,
,,
,,
,,
,,
,,
,,
,,
,,
,,
,,
,,
,,
46
,,
,,
,,
,,
,,
,,
,,
,,
,,
,,
,,
,,
,,
,,
,,
,,
47
,,
,,
,,
,,
,,
,,
,,
,,
,,
,,
,,
,,
,,
,,
,,
,,
48
,,
,,
,,
,,
,,
,,
,,
,,
,,
,,
,,
,,
,,
,,
,,
,,
49
,,
,,
,,
,,
,,
,,
,,
,,
,,
,,
,,
,,
,,
,,
,,
,,
50
,,
,,
,,
,,
,,
,,
,,
,,
,,
,,
,,
,,
,,
,,
,,
,,
51
,,
,,
,,
,,
,,
,,
,,
,,
,,
,,
,,
,,
,,
,,
,,
,,
52
,,
,,
,,
,,
,,
,,
,,
,,
,,
,,
,,
,,
,,
,,
,,
,,
53
,,
,,
,,
,,
,,
,,
,,
,,
,,
,,
,,
,,
,,
,,
,,
,,
54
,,
,,
,,
,,
,,
,,
,,
,,
,,
,,
,,
,,
,,
,,
,,
,,
55
,,
,,
,,
,,
,,
,,
,,
,,
,,
,,
,,
,,
,,
,,
,,
,,
56
,,
,,
,,
,,
,,
,,
,,
,,
,,
,,
,,
,,
,,
,,
,,
,,
57
,,
,,
,,
,,
,,
,,
,,
,,
,,
,,
,,
,,
,,
,,
,,
,,
58
,,
,,
,,
,,
,,
,,
,,
,,
,,
,,
,,
,,
,,
,,
,,
,,
59
,,
,,
,,
,,
,,
,,
,,
,,
,,
,,
,,
,,
,,
,,
,,
,,
60
,,
,,
,,
,,
,,
,,
,,
,,
,,
,,
,,
,,
,,
,,
,,
,,
61
,,
,,
,,
,,
,,
,,
,,
,,
,,
,,
,,
,,
,,
,,
,,
,,
62
,,
,,
,,
,,
,,
,,
,,
,,
,,
,,
,,
,,
,,
,,
,,
,,
63
,,
,,
,,
,,
,,
,,
,,
,,
,,
,,
,,
,,
,,
,,
,,
,,
64
,,
,,
,,
,,
,,
,,
,,
,,
,,
,,
,,
,,
,,
,,
,,
,,
65
,,
,,
,,
,,
,,
,,
,,
,,
,,
,,
,,
,,
,,
,,
,,
,,
66
,,
,,
,,
,,
,,
,,
,,
,,
,,
,,
,,
,,
,,
,,
,,
,,
67
,,
,,
,,
,,
,,
,,
,,
,,
,,
,,
,,
,,
,,
,,
,,
,,
68
,,
,,
,,
,,
,,
,,
,,
,,
,,
,,
,,
,,
,,
,,
,,
,,
69
,,
,,
,,
,,
,,
,,
,,
,,
,,
,,
,,
,,
,,
,,
,,
,,
70
,,
,,
,,
,,
,,
,,
,,
,,
,,
,,
,,
,,
,,
,,
,,
,,
71
,,
,,
,,
,,
,,
,,
,,
,,
,,
,,
,,
,,
,,
,,
,,
,,
72
,,
,,
,,
,,
,,
,,
,,
,,
,,
,,
,,
,,
,,
,,
,,
,,
73
,,
,,
,,
,,
,,
,,
,,
,,
,,
,,
,,
,,
,,
,,
,,
,,
74
,,
,,
,,
,,
,,
,,
,,
,,
,,
,,
,,
,,
,,
,,
,,
,,
75
,,
,,
,,
,,
,,
,,
,,
,,
,,
,,
,,
,,
,,
,,
,,
,,
76
,,
,,
,,
,,
,,
,,
,,
,,
,,
,,
,,
,,
,,
,,
,,
,,
77
,,
,,
,,
,,
,,
,,
,,
,,
,,
,,
,,
,,
,,
,,
,,
,,
78
,,
,,
,,
,,
,,
,,
,,
,,
,,
,,
,,
,,
,,
,,
,,
,,
79
,,
,,
,,
,,
,,
,,
,,
,,
,,
,,
,,
,,
,,
,,
,,
,,
80
,,
,,
,,
,,
,,
,,
,,
,,
,,
,,
,,
,,
,,
,,
,,
,,
81
,,
,,
,,
,,
,,
,,
,,
,,
,,
,,
,,
,,
,,
,,
,,
,,
82
,,
,,
,,
,,
,,
,,
,,
,,
,,
,,
,,
,,
,,
,,
,,
,,
83
,,
,,
,,
,,
,,
,,
,,
,,
,,
,,
,,
,,
,,
,,
,,
,,
84
-869.5,0,-323.5
864,0,292.222
864,0,315.889
856,0,323.778
856,0,347.444
864,0,363.222
880,0,315.889
880,0,339.556
864,0,339.556
872,0,355.333
864,0,386.889
888,0,418.444
880,0,355.333
864,0,386.889
888,0,418.444
872,0,339.556
85
-876.5,0,-323.5
868.685,0,292.86
874.346,0,314.629
859.385,0,324.122
855.341,0,330.914
845.637,0,315.937
881.22,0,318.722
880.007,0,336.399
862.216,0,335.006
878.794,0,354.075
873.538,0,378.544
890.117,0,397.613
889.712,0,351.375
873.538,0,378.544
890.117,0,397.613
880.007,0,336.399
86
-882.5,0,-323.5
864.015,0,296.096
875.136,0,315.313
865.599,0,320.996
861.622,0,336.287
854.073,0,334.324
884.673,0,309.631
886.257,0,334.531
863.61,0,328.642
880.292,0,357.468
874.327,0,380.405
877.899,0,397.66
889.829,0,351.785
866.778,0,378.442
885.448,0,399.623
878.708,0,332.568
87
-890.5,0,-323.5
868.77,0,288.305
878.286,0,308.505
865.514,0,320.692
864.93,0,345.651
860.172,0,335.55
888.386,0,303.748
887.802,0,328.706
862.843,0,328.121
887.217,0,353.665
891.39,0,388.723
898.234,0,416.353
887.217,0,353.665
871.774,0,373.281
878.618,0,400.91
885.13,0,336.135
88
-897.5,0,-323.5
876.929,0,288.097
877.999,0,313.025
868.346,0,318.509
864.055,0,333.715
869.416,0,343.437
887.651,0,307.54
890.866,0,324.865
866.2,0,326.112
882.283,0,355.277
890.859,0,382.323
899.436,0,409.37
889.79,0,357.396
870.485,0,368.364
876.915,0,403.014
881.214,0,330.349
89
-904.5,0,-323.5
880.658,0,290.091
878.594,0,305.554
869.732,0,312.24
867.668,0,327.703
859.838,0,326.658
894.255,0,307.644
892.192,0,323.107
868.7,0,319.972
888.064,0,354.033
891.767,0,386.004
913.195,0,404.602
895.895,0,355.078
878.17,0,368.451
873.011,0,407.108
883.329,0,329.794
90
-911.5,0,-323.5
876.081,0,289.062
881.065,0,305.776
872.033,0,312.109
867.986,0,335.156
869.335,0,327.474
896.43,0,308.474
893.731,0,323.839
870.684,0,319.791
888.334,0,354.569
898.302,0,387.997
912.318,0,398.378
896.017,0,355.918
877.954,0,368.584
871.207,0,406.996
892.382,0,331.521
91
-918.5,0,-323.5
882.07,0,289.803
885.963,0,306.804
868.962,0,310.697
871.011,0,335.278
859.54,0,316.433
893.542,0,308.648
899.278,0,318.07
867.119,0,318.276
882.483,0,354.122
897.848,0,389.968
920.585,0,395.498
899.485,0,350.229
878.797,0,369.28
869.581,0,407.176
888.013,0,331.385
92
-926.5,0,-323.5
879.57,0,285.784
885.113,0,302.132
876.302,0,308.652
873.034,0,331.519
870.855,0,346.764
900.556,0,304.339
898.377,0,319.585
881.845,0,325
886.298,0,348.971
896.295,0,389.291
920.549,0,384.979
901.741,0,351.178
883.03,0,371.839
870.951,0,401.226
889.566,0,326.104
93
-933.5,0,-323.5
884.89,0,283.709
887.337,0,307.936
878.136,0,313.76
874.759,0,328.785
873.07,0,336.298
904.05,0,303.8
900.673,0,318.825
874.759,0,328.785
886.407,0,347.187
902.191,0,382.303
918.904,0,378.167
901.432,0,350.564
887.165,0,378.926
880.411,0,408.976
891.472,0,324.649
94
-941.5,0,-323.5
889.099,0,282.991
893.614,0,307.24
877.091,0,312.825
874.949,0,328.277
873.879,0,336.003
901.34,0,308.31
906.925,0,324.833
882.676,0,329.348
888.261,0,345.871
899.431,0,378.917
914.883,0,381.058
903.713,0,348.012
891.705,0,377.846
879.696,0,407.68
890.402,0,330.418
95
-949.5,0,-323.5
891.106,0,280.475
896.423,0,304.885
879.867,0,311.048
877.329,0,334.611
876.483,0,342.466
912.132,0,306.577
909.594,0,330.141
885.184,0,335.457
891.347,0,352.013
895.817,0,384.277
921.073,0,371.106
907.056,0,353.704
895.817,0,384.277
884.579,0,414.849
893.885,0,328.449
96
-957.5,0,-323
889.975,0,283.865
895.132,0,308.016
878.742,0,314.041
883.899,0,338.193
869.245,0,328.696
910.654,0,309.752
908.05,0,333.036
884.767,0,330.432
889.924,0,354.583
894.213,0,386.496
901.106,0,395.125
906.314,0,348.558
894.213,0,386.496
889.873,0,425.301
900.289,0,332.168
97
-964.5,0,-323.5
895.713,0,288.014
901.608,0,304.473
884.216,0,318.13
882.349,0,333.654
874.586,0,332.72
908.436,0,313.169
906.569,0,328.693
882.349,0,333.654
896.006,0,351.046
891.337,0,389.857
903.127,0,422.773
911.53,0,352.913
899.099,0,390.791
894.431,0,429.602
898.807,0,327.759
98
-972.5,0,-323.5
893.395,0,281.5
898.244,0,306.3
889.397,0,313.249
886.399,0,337.061
878.552,0,336.073
913.938,0,308.276
910.94,0,332.088
886.399,0,337.061
900.094,0,354.912
895.096,0,394.598
895.096,0,394.598
915.788,0,356.888
902.944,0,395.587
905.793,0,436.261
902.093,0,339.037
99
-979.5,0,-323.5
893.828,0,278.603
904.805,0,304.938
886.237,0,317.433
883.2,0,332.965
875.434,0,331.447
918.819,0,315.741
914.264,0,339.039
883.2,0,332.965
901.943,0,360.818
888.104,0,390.364
895.87,0,391.882
911.228,0,354.571
911.402,0,394.919
911.576,0,435.268
906.498,0,337.52
100
-985.5,0,-324
895.711,0,283.239
907.685,0,309.48
890.615,0,314.83
888.068,0,330.626
880.17,0,329.352
915.583,0,310.754
911.761,0,334.448
888.068,0,330.626
900.042,0,356.868
887.048,0,387.186
883.227,0,410.879
915.838,0,359.416
909.468,0,398.905
920.168,0,433.045
911.761,0,334.448
101
-993,0,-323.5
896.937,0,286.085
908.861,0,312.35
891.781,0,317.667
897.098,0,334.747
882.596,0,324.274
916.756,0,313.639
912.889,0,337.325
889.203,0,333.458
902.416,0,351.827
889.364,0,382.12
911.761,0,393.882
918.207,0,354.405
919.657,0,395.171
930.292,0,429.331
912.889,0,337.325
102
-1002.5,0,-323.5
893.062,0,282.005
904.057,0,308.672
894.646,0,314.952
899.361,0,332.208
891.516,0,330.643
919.748,0,311.803
915.052,0,335.339
891.516,0,330.643
904.076,0,349.464
889.969,0,379.28
910.375,0,399.667
919.767,0,352.595
919.785,0,393.387
929.215,0,427.899
915.052,0,335.339
103
-1009,0,-323
897.004,0,277.851
906.113,0,305.219
896.287,0,310.828
899.788,0,328.371
892.071,0,326.262
921.547,0,309.436
915.222,0,332.588
892.071,0,326.262
908.897,0,355.739
887.137,0,374.673
903.963,0,404.15
918.722,0,350.13
923.614,0,392.933
940.44,0,422.41
915.222,0,332.588
104
-1015.5,0,-323
899.321,0,278.911
909.798,0,305.357
900.278,0,311.261
906.373,0,320.659
896.854,0,326.562
917.604,0,307.105
921.986,0,324.153
896.854,0,326.562
909.043,0,345.358
886.579,0,372.466
897.056,0,398.913
924.656,0,348.853
923.901,0,388.854
942.185,0,417.048
912.467,0,330.057
105
-1022.5,0,-322.5
902.845,0,282.822
906.61,0,300.31
904.619,0,308.058
900.636,0,323.554
885.139,0,319.571
922.107,0,304.293
918.124,0,319.789
892.888,0,321.563
912.149,0,343.034
888.686,0,370.043
896.217,0,405.019
919.897,0,345.025
933.184,0,389.74
950.454,0,418.959
916.132,0,327.537
106
-1030,0,-324.5
907.863,0,278.135
910.685,0,303.037
902.864,0,301.353
907.353,0,318.515
891.711,0,315.148
918.506,0,304.721
922.994,0,321.883
897.866,0,324.571
910.175,0,343.417
887.868,0,371.007
889.024,0,403.648
925.816,0,346.785
933.127,0,388.849
953.257,0,409.379
913.507,0,327.939
107
-1038,0,-324.5
906.164,0,277.862
911.541,0,294.689
902.611,0,301.344
900.242,0,317
885.936,0,306.828
919.286,0,295.861
915.733,0,319.343
899.058,0,324.827
910.995,0,350.654
891.952,0,371.793
886.03,0,410.93
919.925,0,343.998
929.493,0,385.48
950.36,0,404.65
914.548,0,327.171
108
-1045,0,-324.5
912.115,0,271.156
908.932,0,294.944
907.87,0,302.874
905.748,0,318.732
889.89,0,316.61
916.861,0,296.005
921.607,0,320.854
896.758,0,325.6
910.494,0,343.581
890.391,0,373.176
885.085,0,412.823
926.353,0,345.703
936.906,0,387.472
959.633,0,398.585
912.616,0,327.723
109
-1053,0,-324.5
907.903,0,270.503
913.821,0,295.099
913.137,0,303.07
911.768,0,319.011
887.856,0,316.958
921.792,0,295.783
919.739,0,319.695
895.143,0,325.613
909.031,0,350.894
891.037,0,373.437
886.932,0,421.262
924.973,0,352.262
938.177,0,385.514
962.089,0,387.566
919.055,0,327.666
110
-1060,0,-324.5
906.21,0,276.453
912.312,0,293.071
903.562,0,300.055
909.663,0,316.672
893.046,0,322.774
920.179,0,293.954
917.53,0,317.555
900.913,0,323.657
913.999,0,349.024
894.732,0,378.728
890.318,0,418.064
929.733,0,350.79
933.186,0,391.01
958.554,0,377.924
916.647,0,325.423
111
-1068,0,-324.5
909.661,0,268.882
912.424,0,293.499
910.791,0,301.16
907.525,0,316.482
898.231,0,322.511
920.085,0,295.131
922.848,0,319.748
898.231,0,322.511
908.655,0,348.76
894.462,0,377.772
893.959,0,417.711
925.611,0,344.365
938.797,0,395.231
951.357,0,373.88
921.215,0,327.409
112
-1076,0,-324.5
909.115,0,269.551
914.722,0,293.95
906.084,0,301.072
903.81,0,324.713
895.929,0,323.955
921.844,0,302.588
927.451,0,326.987
895.171,0,331.836
917.297,0,349.87
897.746,0,387.756
893.956,0,427.157
933.057,0,351.386
936.39,0,399.426
955.182,0,369.42
919.57,0,326.229
113
-1083,0,-324
906.885,0,272.149
911.528,0,289.054
908.481,0,304.435
913.125,0,321.34
902.387,0,335.197
925.386,0,299.791
926.982,0,332.077
902.387,0,335.197
916.245,0,345.935
900.937,0,382.864
899.486,0,430.531
931.626,0,348.982
930.175,0,396.649
951.65,0,368.933
920.815,0,322.863
114
-1094,0,-324.5
907.55,0,263.928
916.089,0,298.671
914.322,0,306.473
916.825,0,331.647
899.453,0,335.917
931.694,0,302.204
924.627,0,333.414
899.453,0,335.917
921.094,0,349.019
904.459,0,386.265
909.465,0,436.613
936.699,0,352.552
933.902,0,401.134
948.771,0,371.69
926.394,0,325.611
115
-1103,0,-324.5
908.346,0,269.483
918.156,0,296.608
916.246,0,304.377
918.287,0,329.593
906.7,0,343.221
933.693,0,300.427
926.056,0,331.502
898.931,0,341.312
920.328,0,354.809
910.781,0,393.653
924.541,0,438.225
935.866,0,358.627
924.41,0,405.24
937.906,0,383.843
926.056,0,331.502
116
-1112,0,-324.5
913.113,0,266.994
923.422,0,293.252
912.256,0,306.673
914.834,0,331.181
905.386,0,337.017
937.165,0,304.338
930.295,0,334.681
905.386,0,337.017
919.129,0,348.103
916.555,0,395.368
932.876,0,430.961
934.59,0,351.603
924.285,0,397.118
946.616,0,370.275
924.282,0,325.345
117
-1121,0,-324.5
912.633,0,273.019
924.38,0,299.07
915.264,0,305.592
911.372,0,329.049
902.256,0,335.571
932.199,0,300.368
927.01,0,331.644
902.256,0,335.571
923.119,0,355.101
916.633,0,394.196
941.423,0,438.48
938.757,0,357.695
916.633,0,394.196
942.684,0,382.45
927.01,0,331.644
118
-1131.5,0,-324.5
914.741,0,268.233
925.222,0,295.106
906.164,0,307.303
908.831,0,332.46
899.302,0,338.559
940.85,0,298.537
933.989,0,329.792
899.302,0,338.559
927.127,0,361.048
920.265,0,392.304
950.758,0,439.95
944.47,0,356.665
920.265,0,392.304
945.423,0,389.636
926.175,0,328.077
119
-1141,0,-325.5
919.792,0,271.294
922.089,0,295.807
912.743,0,301.629
907.457,0,324.38
898.111,0,330.201
937.256,0,299.332
931.97,0,322.083
905.695,0,331.963
924.921,0,352.417
917.872,0,382.752
954.563,0,431.243
941.851,0,348.358
910.289,0,380.99
938.861,0,395.622
930.208,0,329.666
120
-1150.5,0,-325.5
917.349,0,266.296
929.053,0,292.659
910.574,0,305.718
914.393,0,330.726
913.038,0,338.61
944.822,0,295.369
932.872,0,317.667
906.508,0,329.371
926.096,0,357.089
942.974,0,400.577
962.562,0,428.295
943.22,0,351.915
914.147,0,379.387
933.735,0,407.106
931.517,0,325.552
121
-1160.5,0,-324.5
919.17,0,267.44
922.189,0,292.49
911.468,0,306.691
914.486,0,331.742
899.206,0,328.743
937.469,0,295.489
932.847,0,319.039
899.206,0,328.743
926.686,0,350.441
941.903,0,394.19
960.202,0,422.238
941.966,0,353.439
905.244,0,378.843
922.002,0,414.742
931.307,0,326.89
122
-1169.5,0,-325.5
921.565,0,265.057
925.169,0,289.86
914.569,0,304.064
911.771,0,319.667
902.57,0,326.069
940.772,0,292.659
937.974,0,308.261
903.97,0,318.268
930.978,0,347.269
945.987,0,398.275
972.995,0,427.276
946.581,0,350.067
909.778,0,375.676
918.385,0,417.482
935.175,0,323.864
123
-1181,0,-325.5
928.555,0,257.605
929.728,0,290.517
912.864,0,295.213
920.049,0,337.531
920.049,0,337.531
944.98,0,293.657
934.128,0,307.759
908.024,0,318.72
933.687,0,348.507
946.886,0,400.231
974.162,0,422.182
948.939,0,351.647
911.983,0,376.71
909.93,0,425.294
930.901,0,323.43
124
-1192,0,-326.5
925.868,0,258.862
929.324,0,290.777
912.835,0,296.362
924.004,0,329.34
908.578,0,327.212
944.749,0,292.905
934.909,0,307.266
909.642,0,319.5
937.301,0,346.894
946.342,0,395.298
976.128,0,407.267
952.726,0,349.022
917.619,0,375.616
903.522,0,420.828
932.78,0,322.692
125
-1203.5,0,-326.5
930.443,0,258.308
931.541,0,291.274
914.218,0,295.734
923.138,0,330.381
915.316,0,328.701
948.865,0,286.814
943.823,0,310.279
909.175,0,319.198
935.419,0,349.386
948.799,0,401.357
981.765,0,400.258
951.062,0,352.747
920.874,0,378.991
901.288,0,432.06
940.461,0,325.921
126
-1215.5,0,-325.5
925.695,0,256.267
929.183,0,288.474
920.326,0,295.184
924.888,0,319.608
914.957,0,334.101
952.534,0,291.696
941.529,0,313.972
908.247,0,325.244
936.16,0,352.889
946.357,0,393.954
978.565,0,390.466
952.8,0,347.254
924.081,0,382.949
902.071,0,427.502
940.455,0,321.756
127
-1225,0,-326.5
929.167,0,257.088
932.243,0,281.743
921.454,0,295.609
916.825,0,318.722
922.987,0,327.969
955.356,0,286.372
941.481,0,315.646
915.282,0,326.426
935.309,0,346.463
949.165,0,397.316
975.363,0,386.536
950.718,0,349.548
927.596,0,384.984
909.092,0,437.37
939.938,0,323.35
128
-1235,0,-326.5
928.535,0,254.217
931.546,0,286.207
922.668,0,292.738
926.853,0,317.024
915.628,0,338.964
954.659,0,289.727
942.261,0,319.371
916.802,0,331.26
938.741,0,342.484
945.936,0,398.76
972.569,0,379.168
954.15,0,344.831
923.997,0,387.536
915.784,0,441.466
942.261,0,319.371
129
-1246.5,0,-327.5
937.078,0,252.053
938.639,0,285.001
919.809,0,297.548
930.785,0,324.222
927.643,0,339.911
960.601,0,297.558
946.474,0,327.364
913.526,0,328.925
933.917,0,349.326
933.907,0,390.118
930.756,0,446.599
959.021,0,346.194
932.336,0,397.962
930.756,0,446.599
948.044,0,319.52
130
-1257.5,0,-327.5
934.684,0,259.079
939.521,0,291.707
922.816,0,298.107
927.653,0,330.735
910.949,0,337.134
955.445,0,293.27
944.358,0,324.335
910.949,0,337.134
934.053,0,347.44
928.585,0,403.172
939.821,0,452.505
957.938,0,349.783
936.546,0,403.953
939.821,0,452.505
944.358,0,324.335
131
-1267.5,0,-327.5
928.163,0,259.448
940.718,0,284.64
923.271,0,298.172
928.08,0,322.385
918.378,0,336.897
955.229,0,294.341
943.57,0,324.342
919.357,0,329.152
932.89,0,346.599
926.04,0,400.813
926.04,0,400.813
956.124,0,349.534
941.53,0,402.77
944.383,0,442.473
943.57,0,324.342
132
-1278,0,-327.5
929.343,0,254.66
939.033,0,288.2
929.94,0,294.461
924.277,0,325.169
915.184,0,331.43
952.971,0,298.708
947.308,0,329.416
915.184,0,331.43
935.383,0,351.031
919.211,0,395.677
928.304,0,389.416
950.737,0,353.863
940.826,0,407.602
956.778,0,450.234
939.631,0,328
133
-1289.5,0,-326.5
934.977,0,256.074
938.454,0,288.875
929.421,0,295.686
934.009,0,320.565
915.941,0,334.187
953.188,0,299.02
940.82,0,329.599
915.941,0,334.187
937.486,0,353.366
914.973,0,398.678
955.696,0,396.312
961.253,0,356.7
954.585,0,404.235
963.762,0,453.992
949.854,0,322.788
134
-1299,0,-327
928.949,0,254.806
939.878,0,288.227
931.013,0,294.896
935.344,0,319.399
909.884,0,331.612
946.475,0,297.145
941.942,0,328.317
911.017,0,323.819
938.542,0,351.696
909.681,0,387.288
939.473,0,399.578
954.004,0,353.944
953.802,0,409.62
972.461,0,444.165
941.942,0,328.317
135
-1310,0,-326
935.149,0,253.867
937.421,0,286.257
928.296,0,292.641
931.938,0,317.276
915.058,0,322.29
943.805,0,295.383
938.322,0,326.402
907.303,0,320.919
941.965,0,351.037
904.093,0,384.328
940.125,0,406.691
957.475,0,353.778
963.39,0,410.803
981.171,0,445.934
947.448,0,320.018
136
-1320.5,0,-325
936.503,0,253.243
939.71,0,285.813
930.697,0,292.504
935.066,0,317.221
918.201,0,322.751
946.401,0,294.826
941.757,0,326.235
910.349,0,321.59
938.274,0,349.791
902.221,0,376.555
927.824,0,420.46
953.978,0,352.113
970.568,0,402.709
989.48,0,437.601
941.757,0,326.235
137
-1332,0,-324
930.698,0,253.624
935.448,0,285.745
943.285,0,286.516
932.36,0,317.093
916.686,0,315.549
943.285,0,286.516
940.197,0,317.865
908.077,0,322.614
937.11,0,349.213
902.674,0,377.474
914.489,0,418.203
952.784,0,350.757
971.664,0,400.095
999.925,0,434.531
939.425,0,325.702
138
-1344.5,0,-326
931.413,0,253.816
943.565,0,279.305
950.213,0,288.185
945.642,0,319.099
934.423,0,341.133
934.632,0,285.881
937.851,0,317.947
905.547,0,321.068
933.28,0,348.861
897.548,0,375.167
906.271,0,423.842
956.651,0,352.317
973.165,0,402.144
1000.9,0,429.937
945.642,0,319.099
139
-1354.5,0,-325
927.135,0,252.832
939.359,0,278.21
952.666,0,295.851
949.415,0,319.062
930.691,0,340.106
930.538,0,284.864
933.941,0,316.895
909.647,0,321.382
937.344,0,348.927
894.325,0,374.457
894.478,0,429.7
952.818,0,351.094
969.528,0,400.767
1006.05,0,421.658
940.595,0,325.716
140
-1369.5,0,-327
923.408,0,252.895
942.651,0,280.854
950.518,0,282.307
961.893,0,308.814
951.121,0,323.095
933.331,0,287.269
935.387,0,320.189
910.333,0,323.698
937.442,0,353.11
898.711,0,386.634
888.541,0,441.703
953.176,0,356.016
968.061,0,407.576
1007.4,0,414.84
943.254,0,321.642
141
-1378.5,0,-326
919.228,0,249.436
937.086,0,277.834
943.039,0,287.3
953.259,0,314.052
931.246,0,342.044
935.401,0,285.654
928.662,0,316.937
902.381,0,327.642
927.876,0,357.685
896.541,0,391.852
886.432,0,438.776
952.473,0,354.8
963.592,0,414.48
1005.15,0,407.065
942.252,0,328.048
142
-1393,0,-328
919.148,0,248.973
936.134,0,284.149
943.8,0,285.652
953.119,0,319.325
933.276,0,339.318
928.467,0,282.645
930.12,0,314.815
904.113,0,325.637
930.269,0,354.651
899.752,0,388.472
889.227,0,442.138
953.268,0,359.161
959.58,0,408.167
1002.42,0,392.685
943.949,0,325.488
143
-1405,0,-328
918.552,0,248.053
935.265,0,283.485
942.972,0,285.1
944.27,0,317.301
916.34,0,335.394
933.662,0,291.131
927.252,0,321.717
900.925,0,332.163
928.55,0,353.917
903.52,0,396.565
900.01,0,451.705
951.673,0,358.763
955.87,0,415.519
994.713,0,383.748
942.668,0,324.947
144
-1419,0,-329
919.294,0,247.034
936.448,0,282.823
934.898,0,290.607
936.483,0,323.296
910.03,0,334.216
934.898,0,290.607
927.149,0,329.531
900.695,0,340.451
928.734,0,362.22
903.865,0,405.828
900.801,0,461.871
945.853,0,357.535
950.574,0,415.127
989.462,0,382.403
936.483,0,323.296
145
-1430,0,-330
916.73,0,253.809
928.714,0,279.488
935.322,0,288.465
929.16,0,327.094
903.174,0,338.794
935.322,0,288.465
929.16,0,327.094
894.101,0,345.269
924.23,0,357.997
907.763,0,410.828
916.049,0,459.684
947.751,0,361.749
946.965,0,417.081
975.415,0,389.93
937,0,328.345
146
-1444.5,0,-330.5
915.148,0,249.252
924.952,0,282.838
923.554,0,290.535
924.263,0,330.421
906.072,0,343.021
931.252,0,291.933
924.263,0,330.421
896.976,0,349.321
926.369,0,362.61
908.887,0,415.096
923.593,0,465.475
941.764,0,365.406
931.979,0,419.289
962.062,0,384.994
933.358,0,324.122
147
-1458.5,0,-332.5
909.699,0,253.677
920.203,0,287.602
918.911,0,295.437
921.58,0,328.071
909.869,0,350.285
934.582,0,298.021
928.123,0,337.198
892.906,0,355.537
922.956,0,368.54
906.079,0,422.096
938.797,0,467.732
947.754,0,364.579
921.749,0,424.679
959.55,0,390.669
929.415,0,329.363
148
-1469.5,0,-333.5
908.696,0,255.373
925.108,0,291.45
915.559,0,297.367
916.369,0,329.898
895.524,0,349.421
932.909,0,293.223
922.423,0,339.361
895.524,0,349.421
924.981,0,364.203
912.747,0,418.03
950.815,0,467.116
940.583,0,367.749
912.747,0,418.03
958.743,0,396.137
931.972,0,333.444
149
-1479,0,-332
911.945,0,252.837
920.756,0,287.038
909.639,0,300.758
920.127,0,327.254
899.571,0,346.989
934.6,0,298.124
926.21,0,336.649
890.132,0,353.004
927.259,0,369.16
923.274,0,424.786
955.367,0,464.057
936.698,0,363.145
901.669,0,412.01
949.913,0,414.446
927.888,0,328.944
150
-1491.5,0,-333.5
907.58,0,250.889
917.692,0,284.941
907.105,0,299.201
909.396,0,331.87
890.987,0,344.748
931.953,0,295.528
917.217,0,333.253
889.604,0,352.569
927.329,0,367.305
926.854,0,415.617
966.87,0,463.022
935.151,0,368.688
887.746,0,408.703
933.293,0,424.821
925.039,0,334.636
151
-1504.5,0,-333.5
909.837,0,245.635
917.599,0,288.012
906.589,0,302.11
908.094,0,335.061
897.084,0,349.16
931.698,0,299.022
915.935,0,336.645
889.242,0,347.576
926.865,0,363.338
937.716,0,430.824
980.013,0,463.854
934.707,0,364.923
879.736,0,394.625
920.449,0,435.497
925.361,0,330.388
152
-1520.5,0,-331.5
901.981,0,248.946
912.095,0,283.004
901.506,0,297.267
903.797,0,329.943
893.207,0,344.206
934.181,0,294.976
911.62,0,331.326
885.384,0,342.823
921.734,0,365.385
943.345,0,425.679
986.135,0,457.446
937.38,0,368.151
877.086,0,389.762
900.08,0,442.233
919.443,0,332.709
153
-1533.5,0,-337.5
904.87,0,243.021
911.288,0,285.319
899.932,0,298.979
900.426,0,331.731
890.88,0,337.656
934.495,0,290.75
909.971,0,325.806
873.598,0,341.771
918.2,0,360.369
944.204,0,423.569
985.185,0,457.638
933.671,0,363.99
870.471,0,389.994
888.739,0,451.383
917.707,0,327.617
154
-1551.5,0,-340
906.583,0,239.963
911.285,0,279.142
892.606,0,295.691
901.257,0,328.036
890.475,0,330.92
931.784,0,290.989
912.039,0,325.153
879.693,0,333.804
920.69,0,357.498
948.775,0,419.305
989.772,0,442.999
927.523,0,361.447
872.549,0,393.481
872.237,0,457.106
922.821,0,322.269
155
-1567,0,-340
895.515,0,238.906
905.084,0,285.281
891.22,0,296.199
891.465,0,336.439
899.194,0,334.845
922.137,0,289.82
905.328,0,325.521
868.278,0,341.224
913.302,0,364.166
933.789,0,424.404
983.353,0,430.294
921.031,0,362.572
865.578,0,406.246
853.553,0,465.134
914.652,0,331.655
156
-1575.5,0,-341
895.76,0,238.665
904.608,0,280.531
886.227,0,293.464
904.265,0,328.863
879.418,0,332.606
918.903,0,291.083
904.265,0,328.863
870.228,0,339.073
906.646,0,361.538
934.894,0,430.974
984.588,0,423.489
914.475,0,362.9
873.628,0,412.252
847.077,0,472.155
912.093,0,330.225
157
-1587.5,0,-340.5
896.536,0,240.593
899.68,0,280.726
889.963,0,295.464
886.207,0,326.819
876.49,0,341.557
914.418,0,290.443
901.884,0,328.697
860.813,0,339.679
905.967,0,360.991
921.971,0,426.517
979.659,0,409.574
913.806,0,361.93
868.039,0,412.106
852.689,0,473.876
910.662,0,321.797
158
-1603,0,-341
890.489,0,240.977
894.025,0,281.346
884.381,0,296.273
880.891,0,327.87
871.246,0,342.796
916.851,0,291.863
895.817,0,337.514
862.475,0,349.823
901.099,0,362.085
909.045,0,434.924
959.931,0,408.562
908.998,0,362.957
870.42,0,422.662
855.541,0,484.984
904.589,0,330.488
159
-1618,0,-341
886.971,0,238.411
890.136,0,278.818
880.353,0,293.657
884.463,0,326.171
857.95,0,347.012
904.975,0,288.601
891.41,0,335.009
857.95,0,347.012
895.521,0,367.524
903.742,0,432.553
946.985,0,405.711
911.306,0,369.415
872.173,0,428.771
864.61,0,491.91
900.248,0,328.062
160
-1629.5,0,-341
883.62,0,244.197
886.485,0,284.122
877.712,0,290.925
880.577,0,330.85
855.244,0,343.472
901.076,0,293.879
887.381,0,339.623
846.471,0,350.276
892.215,0,363.971
875.565,0,433.079
884.249,0,489.564
907.791,0,365.94
875.565,0,433.079
884.249,0,489.564
896.153,0,332.819
161
-1647,0,-346.5
880.514,0,244.557
883.048,0,285.015
881.98,0,292.892
876.636,0,332.282
849.796,0,352.709
897.735,0,295.03
883.445,0,341.228
841.918,0,351.64
887.047,0,373.808
870.619,0,435.762
886.771,0,494.113
903.872,0,368.068
878.497,0,436.831
894.649,0,495.182
892.391,0,334.419
162
-1663.5,0,-346
868.992,0,245.733
879.894,0,287.301
878.954,0,295.246
874.257,0,334.969
841.18,0,347.169
886.753,0,296.168
873.317,0,342.913
832.442,0,354.191
877.358,0,375.614
854.244,0,437.327
884.502,0,448.961
892.957,0,377.459
877.642,0,440.094
903.202,0,491.451
889.855,0,336.813
163
-1673,0,-343
865.885,0,245.955
884.798,0,288.597
891.756,0,297.518
878.91,0,336.235
837.25,0,347.208
883.816,0,296.537
869.989,0,343.193
828.329,0,354.166
874.004,0,375.933
842.336,0,436.506
868.117,0,423.57
897.823,0,378.876
881.052,0,449.352
915.844,0,493.956
886.85,0,337.216
164
-1727,0,-351.5
860.827,0,242.261
878.204,0,284.63
884.785,0,293.577
914.658,0,306.073
908.743,0,344.894
868.074,0,298.975
862.159,0,337.796
820.973,0,347.409
864.008,0,377.799
825.854,0,419.651
881.385,0,420.168
888.483,0,373.584
885.6,0,444.643
927.452,0,482.798
878.87,0,332.398
165
-1741.5,0,-350.5
855.398,0,241.321
866.562,0,282.386
881.356,0,292.05
919.699,0,304.436
899.463,0,341.873
864.748,0,298.086
859.305,0,345.187
819.147,0,348.502
855.677,0,376.588
810.983,0,419.154
864.12,0,441.204
880.134,0,371.459
887.671,0,443.926
931.143,0,480.769
868.97,0,330.394
166
-1759.5,0,-348
854.664,0,241.108
866.617,0,281.677
881.518,0,290.97
911.32,0,309.556
892.734,0,339.358
857.324,0,296.578
845.083,0,342.755
805.251,0,346.889
849.954,0,374.768
799.355,0,409.441
850.403,0,453.695
873.411,0,376.979
883.153,0,441.005
934.938,0,477.44
870.014,0,329.328
167
-1771,0,-354.5
843.037,0,243.566
864.669,0,284.014
880.453,0,284.836
918.686,0,310.42
885.485,0,340.148
855.961,0,299.289
838.135,0,337.682
798.268,0,343.47
852.284,0,369.876
795,0,406.214
823.707,0,462.759
868.068,0,370.698
888.067,0,442.518
941.675,0,476.768
862.218,0,331.072
168
-1773,0,-339
842.768,0,242.982
861.256,0,285.354
877.111,0,287.499
914.632,0,308.523
878.684,0,335.558
851.209,0,299.945
837.986,0,338.028
796.228,0,348.329
840.618,0,378.256
787.755,0,410.978
803.065,0,476.844
864.401,0,381.473
888.698,0,440.58
948.943,0,472.651
862.828,0,333.414
169
-1802.5,0,-356
837.902,0,238.644
858.476,0,287.643
874.436,0,288.779
904.672,0,314.698
871.631,0,328.191
841.956,0,294.39
822.63,0,340.549
782.17,0,345.592
835.785,0,381.097
785.101,0,417.102
780.614,0,480.162
859.725,0,382.801
879.176,0,447.564
950.434,0,460.558
855.11,0,334.938
170
-1816,0,-357.5
833.859,0,238.969
846.334,0,287.94
869.437,0,297.547
891.442,0,323.116
867.242,0,329.472
837.902,0,295.379
810.958,0,341.64
771.539,0,338.93
831.866,0,383.172
781.271,0,427.806
768.997,0,491.114
847.633,0,384.256
874.779,0,450.273
938.398,0,446.628
843.042,0,335.827
171
-1833,0,-357.5
830.188,0,235.794
843.938,0,284.393
867.164,0,293.345
881.239,0,333.951
858.012,0,324.999
827.586,0,299.741
802.082,0,346.743
763.154,0,337.152
832.183,0,379.994
782.802,0,434.031
756.648,0,497.02
839.709,0,388.307
860.333,0,461.206
931.964,0,440.102
841.66,0,340.347
172
-1850,0,-357.5
821.347,0,244.908
835.506,0,292.656
859.488,0,293.587
873.952,0,333.48
850.275,0,324.695
827.207,0,300.2
793.707,0,338.232
754.042,0,328.826
823.854,0,386.6
782.055,0,432.176
755.33,0,501.937
839.842,0,387.221
853.086,0,458.532
926.252,0,429.906
841.671,0,340.093
173
-1864,0,-359
816.048,0,243.505
828.341,0,291.706
851.418,0,301.294
864.29,0,341.656
833.908,0,323.645
819.296,0,306.801
784.856,0,343.664
746.008,0,332.909
821.385,0,385.775
770.014,0,437.149
764.797,0,507.701
829.27,0,386.358
839.244,0,465.915
896.761,0,438.64
832.169,0,347.162
174
-1875,0,-360
808.62,0,251.991
821.988,0,292.946
845.418,0,302.488
850.803,0,342.923
826.853,0,341.364
812.966,0,308.392
770.972,0,337.727
739.559,0,327.665
807.25,0,396.207
771.161,0,457.993
774.987,0,522.377
823.216,0,397.246
826.003,0,477.597
884.483,0,441.318
826.334,0,349.347
175
-1889,0,-361
805.759,0,255.351
819.856,0,300.378
837.301,0,303.156
818.857,0,350.131
769.371,0,324.423
807.11,0,312.608
756.624,0,336.654
726.932,0,321.229
800.413,0,397.105
766.873,0,448.805
780.47,0,518.708
817.858,0,399.883
801.264,0,479.239
864.495,0,442.963
811.309,0,352.494
176
-1903.5,0,-361.5
799.661,0,249.444
806.41,0,296.798
829.809,0,305.216
789.76,0,335.734
804.556,0,375.412
798.178,0,312.335
758.314,0,334.993
719.378,0,318.343
804,0,398.997
763.209,0,460.961
793.357,0,516.733
804,0,398.997
778.747,0,469.194
842.009,0,454.954
805.112,0,351.828
177
-1918.5,0,-362
795.971,0,257.164
802.736,0,296.695
818.32,0,305.014
785.328,0,351.259
,,
794.374,0,312.187
746.484,0,326.531
715.317,0,309.893
807.677,0,399.109
766.324,0,460.845
829.57,0,462.68
799.772,0,398.88
758.19,0,468.476
804.257,0,517.014
809.046,0,351.947
178
-1939.5,0,-363
783.189,0,254.549
796.302,0,302.791
812.006,0,303.65
793.28,0,358.073
,,
788.018,0,310.259
740.043,0,323.478
701.647,0,305.538
798.973,0,397.988
764.111,0,459.45
808.632,0,509.409
791.121,0,397.559
740.556,0,458.162
809.928,0,485.717
801.132,0,358.502
179
-1956.5,0,-363
775.627,0,265.402
785.98,0,303.332
805.294,0,314.363
790.818,0,350.92
779.787,0,370.233
780.465,0,312.989
734.948,0,325.413
696.321,0,303.351
790.14,0,408.164
754.977,0,458.518
809.472,0,508.854
788.069,0,400.578
728.077,0,449.558
782.573,0,499.894
792.889,0,358.506
180
-1973.5,0,-364.5
766.652,0,257.646
786.33,0,299.041
800.46,0,316.206
796.666,0,355.325
,,
776.988,0,313.93
729.287,0,317.201
691.686,0,297.76
792.113,0,402.268
753.989,0,469.647
821.368,0,507.771
776.465,0,400.75
716.388,0,450.205
750.195,0,508.765
788.842,0,354.566
181
-1983.5,0,-365
766.435,0,256.081
785.059,0,297.961
791.904,0,306.72
785.209,0,361.334
,,
775.343,0,312.609
719.773,0,313.715
682.675,0,293.328
780.426,0,400.344
747.455,0,475.495
815.76,0,499.708
772.624,0,399.388
711.314,0,447.306
725.155,0,528.196
778.363,0,352.575
182
-2007,0,-365.5
763.114,0,261.438
779.548,0,303.181
794.163,0,309.692
761.734,0,303.849
749.408,0,272.542
769.042,0,307.105
715.6,0,309.111
682.261,0,285.653
780.898,0,398.44
756.216,0,473.497
825.183,0,495.618
770.391,0,402.365
712.371,0,453.963
705.503,0,528.351
782.277,0,356.028
183
-2004.5,0,-368
748.046,0,267.279
769.076,0,301.305
792.26,0,311.428
774.888,0,325.926
,,
759.671,0,316.522
711.865,0,312.211
674.182,0,284.715
775.671,0,406.321
736.615,0,483.124
807.606,0,497.558
759.735,0,404.884
706.181,0,464.315
683.78,0,534.587
772.014,0,357.797
184
-2019.5,0,-368.5
746.281,0,264.029
759.446,0,307.327
777.328,0,307.802
,,
719.915,0,313.434
748.621,0,310.618
698.741,0,302.134
667.219,0,276.243
760.36,0,407.563
729.752,0,481.907
793.748,0,497.924
753.302,0,403.796
701.521,0,466.841
677.97,0,544.952
765.077,0,364.74
185
-2038.5,0,-370.5
732.895,0,270.298
753.857,0,311.97
778.385,0,305.775
763.024,0,296.608
729.924,0,310.187
737.307,0,318.76
690.034,0,307.216
652.521,0,272.334
754.11,0,416.277
716.851,0,485.701
780.08,0,498.433
746.133,0,415.683
693.512,0,475.941
672.208,0,546.553
749.698,0,367.815
186
-2051.5,0,-372.5
724.196,0,274.122
744.272,0,308.719
767.166,0,319.482
776.99,0,304.532
762.98,0,286.764
727.443,0,314.785
680.715,0,301.203
652.694,0,265.667
747.948,0,413.878
699.77,0,480.683
761.448,0,504.088
740.004,0,412.939
684.82,0,470.859
683.37,0,551.245
745.64,0,365.271
187
-2065,0,-371.5
720.122,0,271.059
738.159,0,313.798
761.789,0,317.153
778.66,0,311.514
765.144,0,293.524
713.411,0,318.319
675.147,0,304.849
648.115,0,268.869
739.371,0,418.43
683.163,0,474.731
743.938,0,499.432
731.494,0,417.311
675.287,0,473.612
696.726,0,548.975
738.206,0,370.052
188
-2078.5,0,-370
711.417,0,271.007
729.973,0,320.678
745.628,0,322.31
770.751,0,309.018
763.744,0,300.332
706.492,0,318.229
668.998,0,298.407
640.973,0,263.66
727.951,0,415.938
659.589,0,464.501
726.75,0,503.329
727.951,0,415.938
674.422,0,474.004
706.171,0,548.918
725.049,0,367.9
189
-2092.5,0,-371
700.411,0,273.112
719.414,0,314.897
742.879,0,317.574
766.344,0,320.251
760.307,0,303.715
703.771,0,313.112
657.734,0,299.936
630.909,0,257.259
724.35,0,410.54
655.531,0,458.153
703.143,0,526.972
716.528,0,409.648
668.497,0,483.403
717.002,0,544.4
721.882,0,362.719
190
-2106.5,0,-371.5
695.576,0,272.913
713.441,0,315.735
737.062,0,319.189
768.557,0,323.793
761.835,0,314.768
697.694,0,313.433
651.602,0,298.652
625.863,0,254.678
715.374,0,412.522
652.2,0,459.58
674.485,0,527.175
715.374,0,412.522
672.367,0,486.655
720.577,0,541.956
722.281,0,365.28
191
-2121.5,0,-375
691.718,0,266.6
709.769,0,309.35
732.29,0,320.581
763.808,0,325.051
757.046,0,316.054
685.013,0,313.877
647.851,0,292.531
612.923,0,255.426
702.005,0,420.78
640.144,0,460.235
654.843,0,526.623
709.884,0,421.897
668.31,0,488.343
725.759,0,536.68
709.827,0,365.623
192
-2135.5,0,-375
687.333,0,274.343
700.337,0,307.674
731.47,0,318.57
754.636,0,328.733
747.402,0,320.035
683.671,0,314.175
638.07,0,285.881
608.402,0,259.052
698.049,0,419.936
637.889,0,462.607
631.298,0,534.305
698.049,0,419.936
666.825,0,497.402
727.627,0,535.127
702.443,0,372.137
193
-2150.5,0,-377
682.005,0,274.449
694.893,0,315.096
718.003,0,324.737
625.564,0,286.174
604.198,0,252.842
679.099,0,313.934
756.907,0,335.54
703.371,0,307.78
687.338,0,417.757
628.571,0,461.071
615.443,0,531.563
695.235,0,418.338
658.416,0,487.087
718.686,0,531.221
698.722,0,370.956
194
-2165.5,0,-379
675.681,0,271.764
688.918,0,312.499
712.11,0,321.974
742.691,0,339.902
727.401,0,330.938
665.213,0,310.967
626.73,0,292.528
597.176,0,258.715
682.245,0,415.753
623.338,0,467.776
610.817,0,538.749
682.245,0,415.753
653.406,0,493.647
714.568,0,529.503
685.325,0,368.097
195
-2181.5,0,-380
668.456,0,275.043
682.474,0,315.315
705.844,0,324.307
736.402,0,349.48
721.303,0,332.939
658.743,0,314.233
620.274,0,288.7
590.076,0,255.617
677.786,0,418.147
619.891,0,470.994
608.735,0,541.825
677.786,0,418.147
642.9,0,487.896
704.739,0,522.422
679.95,0,370.686
196
-2196.5,0,-380.5
665.454,0,275.218
678.735,0,316.169
702.039,0,325.705
724.302,0,351.208
708.419,0,350.172
654.911,0,314.616
616.765,0,288.078
587.081,0,254.075
671.969,0,419.949
620.157,0,480.707
607.531,0,552.036
671.969,0,419.949
627.578,0,489.207
689.028,0,525.282
675.092,0,372.05
197
-2212.5,0,-382
657.489,0,277.428
671.674,0,318.107
695.29,0,327.178
718.187,0,352.233
694.211,0,351.153
655.69,0,317.387
608.818,0,291.253
578.29,0,257.846
674.99,0,422.361
624.16,0,484.138
604.939,0,555.346
666.998,0,422.001
615.809,0,491.77
670.313,0,526.256
677.148,0,374.41
198
-2219,0,-381.5
653.963,0,275.641
666.054,0,316.533
688.235,0,334.508
709.681,0,360.367
686.764,0,350.276
649.55,0,322.946
604.452,0,294.881
575.857,0,260.402
664.376,0,419.762
611.187,0,478.422
612.451,0,550.115
656.492,0,419.027
602.567,0,485.571
654.078,0,530.14
668.789,0,372.458
199
-2235,0,-383
652.119,0,279.781
658.312,0,320.1
681.568,0,337.163
696.473,0,361.858
680.849,0,353.147
641.969,0,327.372
595.456,0,293.246
572.919,0,260.199
669.619,0,424.714
610.798,0,486.131
623.904,0,550.786
653.635,0,423.995
594.814,0,485.412
632.256,0,543.154
663.786,0,376.403
200
-2247.5,0,-380.5
643.469,0,276.727
656.285,0,325.674
679.708,0,335.232
678.133,0,359.18
655.76,0,333.657
640.319,0,324.624
593.473,0,305.508
572.15,0,264.02
665.425,0,430.5
613.328,0,491.212
641.584,0,549.191
649.985,0,421.467
582.447,0,473.146
609.653,0,547.091
660.593,0,382.078
201
-2259,0,-377
635.764,0,279.685
647.894,0,321.024
671.026,0,331.266
675.952,0,363.881
627.409,0,367.288
631.207,0,327.469
585.702,0,299.02
564.849,0,264.886
653.947,0,426.073
608.052,0,485.986
641.794,0,553.495
645.984,0,425.314
584.92,0,475.744
586.047,0,548.178
650.541,0,377.53
202
-2264.5,0,-372.5
633.074,0,280.309
645.127,0,321.67
660.277,0,331.181
664.367,0,371.768
623.78,0,375.858
629.202,0,320.121
582.976,0,299.549
554.224,0,264.602
650.983,0,426.73
604.201,0,494.52
647.329,0,546.941
635.058,0,425.181
573.9,0,475.497
566.93,0,547.159
647.668,0,378.181
203
-2278,0,-372
620.192,0,280.48
633.266,0,321.466
648.521,0,330.527
629.451,0,377.336
613.106,0,384.238
617.466,0,320.387
579.057,0,301.727
549.637,0,267.643
641.98,0,426.303
598.119,0,487.457
650.149,0,539.122
626.18,0,425.224
574.965,0,477.857
554.259,0,548.611
637.35,0,377.875
204
-2292.5,0,-374
621.813,0,283.879
633.871,0,325.005
648.958,0,334.442
637.249,0,373.295
611.968,0,386.868
618.026,0,323.49
571.25,0,311.024
550.513,0,277.063
639.87,0,429.508
594.2,0,489.099
645.869,0,534.012
624.783,0,420.071
571.191,0,478.905
540.608,0,547.933
636.492,0,381.218
205
-2304.5,0,-374
606.674,0,283.443
627.52,0,324.896
642.799,0,334.016
647.774,0,374.285
606.913,0,387.195
611.65,0,323.712
565.221,0,304.289
543.783,0,270.771
627.759,0,428.648
583.345,0,489.171
644.46,0,525.649
620.415,0,420.121
568.067,0,480.051
538.932,0,549.694
631.311,0,381.036
206
-2317.5,0,-373.5
607.441,0,284.049
618.215,0,325.255
632.87,0,335.041
635.831,0,375.282
593.855,0,394.021
610.402,0,324.29
564.494,0,310.643
544.938,0,276.327
621.224,0,429.303
583.179,0,480.428
626.175,0,517.64
606.569,0,419.517
567.554,0,478.497
535.381,0,546.298
619.234,0,381.206
207
-2328,0,-372.5
600.367,0,287.898
614.358,0,328.148
629.804,0,336.78
635.528,0,384.572
595.641,0,390.659
598.549,0,327.421
559.389,0,317.699
545.398,0,277.448
617.9,0,423.368
583.01,0,493.056
621.442,0,518.588
602.091,0,422.641
559.659,0,484.061
540.578,0,554.476
611.814,0,383.481
208
-2341.5,0,-373.5
589.883,0,289.167
610.749,0,330.32
625.973,0,339.338
638.946,0,379.928
589.901,0,400.232
594.963,0,329.195
556.061,0,318.489
543.087,0,277.899
611.892,0,425.598
575.257,0,494.386
606.267,0,504.529
596.106,0,424.473
552.141,0,484.805
547.078,0,555.842
606.812,0,385.571
209
-2353.5,0,-374.5
594.199,0,288.484
605.765,0,329.464
628.43,0,339.775
631.351,0,387.812
614.879,0,394.056
589.293,0,335.708
550.973,0,323.772
531.58,0,281.978
603.78,0,424.726
543.264,0,474.128
595.603,0,503.432
595.953,0,423.912
558.101,0,483.625
558.569,0,555.274
600.041,0,384.559
210
-2363.5,0,-375.5
589.76,0,292.197
595.964,0,332.268
618.889,0,349.15
632.956,0,389.549
608.705,0,404.462
580.239,0,331.612
541.257,0,322.024
527.189,0,281.624
591.985,0,427.652
535.287,0,465.099
588.668,0,507.139
591.985,0,427.652
557.881,0,489.929
563.09,0,553.846
593.643,0,387.909
211
-2376,0,-375
582.296,0,294.631
597.379,0,334.662
612.986,0,342.875
627.939,0,390.86
604.072,0,406.382
581.642,0,334.404
542.43,0,325.803
527.347,0,285.772
587.943,0,429.987
524.603,0,452.816
547.555,0,492.976
587.943,0,429.987
555.423,0,493.105
577.984,0,557.129
588.727,0,382.26
212
-2387,0,-376
575.961,0,287.957
590.218,0,327.934
613.736,0,336.792
627.665,0,384.631
603.163,0,399.362
582.27,0,327.602
542.527,0,325.944
520.321,0,285.636
586.282,0,422.287
521.709,0,443.222
551.535,0,491.725
586.282,0,422.287
559.484,0,492.056
588.654,0,556.285
588.25,0,375.11
213
-2399,0,-376
572.366,0,281.025
585.216,0,321.476
607.807,0,338.997
628.589,0,380.058
602.984,0,401.769
576.681,0,328.713
537.02,0,325.666
523.567,0,293.061
585.914,0,416.243
520.648,0,434.907
540.224,0,491.66
577.982,0,415.633
564.021,0,493.488
591.53,0,550.851
588.928,0,377.011
214
-2409,0,-376
566.879,0,284.282
587.884,0,325.429
603.194,0,334.447
624.199,0,375.594
598.15,0,405.468
572.012,0,324.301
539.71,0,329.938
518.145,0,296.682
581.718,0,412.232
517.113,0,423.506
520.565,0,487.199
573.783,0,411.669
560.243,0,490.017
603.933,0,548.638
584.521,0,372.776
215
-2420,0,-378
564.412,0,281.02
576.751,0,321.547
599.599,0,331.387
611.938,0,371.914
593.592,0,401.932
568.913,0,320.879
544.063,0,334.554
515.38,0,300.531
577.248,0,408.436
513.206,0,418.773
507.867,0,481.479
569.409,0,407.768
554.897,0,485.484
597.922,0,536.518
580.585,0,369.244
216
-2429,0,-379
557.193,0,277.151
578.095,0,318.261
593.321,0,327.257
614.222,0,368.367
596.228,0,398.818
570.205,0,317.707
545.429,0,331.826
515.531,0,305.942
564.116,0,404.494
515.67,0,416.952
495.463,0,478.962
571.452,0,412.937
558.58,0,483.391
594.707,0,533.497
574.773,0,365.599
217
-2441,0,-381
552.729,0,273.119
573.496,0,314.236
596.788,0,324
609.582,0,364.475
591.11,0,394.545
565.522,0,313.594
547.681,0,335.825
517.046,0,317.581
566.556,0,400.457
516.818,0,420.121
496.453,0,473.705
566.556,0,400.457
552.903,0,470.36
596.963,0,521.241
577.685,0,361.908
218
-2451,0,-381
548.852,0,269.901
568.052,0,311.52
582.833,0,321.031
602.034,0,362.65
583.859,0,384.396
560.238,0,310.671
557.692,0,334.115
511.654,0,321.209
558.718,0,397.48
509.285,0,415.832
486.868,0,476.651
558.718,0,397.48
543.267,0,466.962
586.759,0,503.311
570.776,0,359.256
219
-2462.5,0,-382
550.635,0,269.428
563.503,0,310.543
578.838,0,319.753
591.706,0,360.868
574.52,0,375.586
563.503,0,310.543
561.652,0,334.472
513.795,0,330.771
564.693,0,398.898
514.369,0,427.102
486.122,0,481.084
564.693,0,398.898
535.213,0,468.833
589.196,0,497.08
567.778,0,359.017
220
-2472.5,0,-384
544.036,0,268.516
563.578,0,310.873
571.531,0,311.737
568.076,0,343.55
556.669,0,374.499
555.624,0,310.01
560.987,0,334.733
512.404,0,337.505
562.895,0,391.27
510.857,0,425.854
488.905,0,479.8
562.895,0,391.27
523.309,0,459.394
577.255,0,481.346
559.26,0,350.64
221
-2481.5,0,-384
533.586,0,269.011
552.086,0,303.605
559.841,0,304.797
552.692,0,351.328
540.172,0,381.157
552.086,0,303.605
555.075,0,335.818
515.108,0,337.616
563.437,0,384.731
516.321,0,433.06
567.033,0,464.666
555.682,0,383.54
515.13,0,440.816
492.471,0,484.964
561.639,0,344.764
222
-2492,0,-385
537.884,0,272.56
554.145,0,308.817
561.898,0,310.566
549.655,0,364.834
538.404,0,378.59
554.145,0,308.817
556.651,0,333.824
520.394,0,350.085
559.913,0,391.59
516.659,0,438.861
496.663,0,491.38
552.16,0,389.841
499.405,0,443.115
559.676,0,464.86
560.905,0,351.078
223
-2502,0,-387
531.082,0,275.655
551.159,0,303.021
557.852,0,312.143
549.348,0,367.494
523.197,0,379.664
549.944,0,310.928
562.114,0,337.08
526.841,0,355.942
561.518,0,393.645
522.601,0,436.229
504.975,0,498.272
554.826,0,384.523
490.972,0,431.37
551.8,0,456.903
559.685,0,352.894
224
-2511,0,-387
530.351,0,271.663
546.312,0,308.153
554.093,0,310.011
550.799,0,358.241
533.391,0,362.253
546.312,0,308.153
564.118,0,336.914
525.61,0,360.394
558.978,0,392.872
522.714,0,441.397
507.948,0,503.226
551.197,0,391.014
487.5,0,416.648
,,
552.645,0,350.512
225
-2521,0,-388
519.226,0,273.905
536.173,0,309.839
534.572,0,317.622
528.169,0,348.755
500.018,0,367.302
543.956,0,311.44
562.503,0,339.591
540.534,0,367.522
560.682,0,387.89
532.311,0,446.953
513.323,0,499.834
543.515,0,392.472
476.449,0,403.016
526.129,0,437.569
543.735,0,351.956
226
-2530,0,-389
513.318,0,276.215
535.465,0,315.505
535.465,0,315.505
516.958,0,351.56
489.54,0,360.324
545.325,0,310.036
561.934,0,339.504
543.427,0,375.558
556.662,0,387.557
529.509,0,454.197
522.075,0,509.897
546.802,0,393.027
471.033,0,396.378
518.436,0,434.552
549.913,0,352.62
227
-2540,0,-391
518.817,0,274.654
531.185,0,312.14
528.665,0,319.622
511.106,0,347.03
476.139,0,351.916
546.149,0,317.179
556.074,0,337.182
548.439,0,384.593
530.956,0,387.036
473.543,0,384.364
508.357,0,429.408
545.92,0,392.075
533.246,0,454.449
530.574,0,511.862
541.034,0,357.108
228
-2548.5,0,-391
512.229,0,276.481
530.38,0,311.83
527.705,0,327.498
500.19,0,346.987
467.516,0,349.469
536.877,0,321.002
557.703,0,340.683
558.848,0,381.191
526.174,0,383.673
471.337,0,374.309
494.646,0,426.664
548.339,0,395.521
537.636,0,458.192
536.106,0,514.368
538.022,0,361.509
229
-2558.5,0,-393
507.627,0,280.033
524.148,0,316.462
522.419,0,324.273
493.801,0,342.522
460.829,0,343.42
531.959,0,318.191
559.747,0,340.726
558.917,0,381.509
532.027,0,391.947
471.266,0,370.31
484.33,0,422.361
547.649,0,395.403
543.363,0,451.809
546.888,0,509.943
538.94,0,360.702
230
-2566.5,0,-393
504.788,0,274.481
519.152,0,311.813
516.97,0,319.51
487.335,0,336.055
452.184,0,342.723
534.545,0,316.176
558.787,0,347.993
565.455,0,383.143
530.304,0,389.811
470.912,0,364.661
471.034,0,422.902
545.698,0,394.174
545.82,0,452.415
555.821,0,505.14
531.334,0,356.842
231
-2575.5,0,-394
502.697,0,273.513
517.089,0,310.834
514.913,0,318.533
485.29,0,335.1
452.321,0,334.095
524.787,0,313.01
538.008,0,325.06
531.481,0,348.156
545.872,0,385.477
538.339,0,441.542
561.6,0,506.31
543.696,0,393.175
468.888,0,363.718
461.355,0,419.783
529.305,0,355.854
232
-2585.5,0,-395
491.941,0,270.44
513.399,0,303.283
508.039,0,318.031
477.877,0,332.115
445.7,0,328.769
528.148,0,308.642
549.605,0,341.485
561.009,0,379.022
543.58,0,381.036
536.89,0,445.39
560.362,0,495.661
536.206,0,378.356
467.157,0,361.612
448.398,0,413.232
529.497,0,350.874
233
-2594,0,-397
487.63,0,273.495
510.062,0,300.477
503.755,0,314.847
479.926,0,330.094
444.881,0,331.85
524.431,0,306.784
543.71,0,340.951
566.141,0,367.933
545.466,0,375.996
537.762,0,432.595
569.134,0,497.776
531.096,0,369.69
464.159,0,366.017
445.24,0,409.125
526.187,0,341.829
234
-2602,0,-397
480.058,0,270.288
507.782,0,305.32
498.935,0,312.137
480.282,0,333.558
440.836,0,328.705
515.671,0,306.291
544.354,0,333.536
556.3,0,366.627
539.563,0,372.473
531.898,0,434.773
573.485,0,487.321
531.674,0,371.503
467.602,0,371.525
438.185,0,415.337
519.728,0,338.411
235
-2610,0,-396.5
483.881,0,269.002
504.162,0,298.197
518.113,0,305.819
478.132,0,329.264
558.674,0,364.209
511.137,0,302.008
478.132,0,329.264
442.607,0,327.971
544.077,0,374.349
527.54,0,437.775
568.748,0,478.403
530.125,0,366.727
469.217,0,378.739
439.376,0,416.782
527.607,0,338.178
236
-2618,0,-396.5
477.57,0,264.223
505.57,0,296.964
501.856,0,304.05
479.915,0,328.678
451.23,0,331.708
512.656,0,300.678
540.656,0,333.419
550.772,0,365.818
539.972,0,369.19
524.432,0,433.303
570.318,0,466.386
525.801,0,361.762
468.089,0,385.706
438.719,0,424.506
522.771,0,333.077
237
-2626,0,-396.5
481.804,0,264.929
501.947,0,293.926
505.091,0,304.639
483.022,0,328.567
447.739,0,327.283
508.876,0,297.711
535.947,0,330.492
545.376,0,362.632
534.663,0,365.775
518.239,0,428.771
559.808,0,451.482
520.806,0,358.205
466.598,0,391.563
443.888,0,433.132
518.305,0,329.851
238
-2634,0,-396.5
475.426,0,265.119
497.354,0,293.074
501.137,0,303.653
487.544,0,332.377
452.024,0,333.147
504.535,0,296.472
533.644,0,327.825
544.992,0,359.562
534.413,0,363.345
514.409,0,424.191
557.495,0,444.58
516.653,0,363.73
467.54,0,393.223
443.754,0,443.49
515.884,0,328.209
239
-2641,0,-396.5
470.844,0,263.166
495.376,0,284.505
498.825,0,295.11
487.964,0,333.824
463.304,0,330.118
498.825,0,295.11
526.806,0,327.054
544.182,0,362.447
526.55,0,362.319
511.982,0,425.693
547.247,0,425.95
512.495,0,355.163
473.396,0,397.199
455.378,0,449.968
509.174,0,326.925
240
-2648,0,-396.5
465.605,0,260.133
496.911,0,284.858
500.332,0,295.38
493.101,0,326.816
465.085,0,330.107
500.332,0,295.38
521.116,0,323.525
531.378,0,355.091
527.828,0,362.063
506.394,0,421.385
551.903,0,418.224
506.913,0,351.411
471.537,0,403.631
460.625,0,459.532
503.623,0,323.395
241
-2656,0,-396.5
461.411,0,259.498
492.14,0,284.972
495.286,0,295.665
494.079,0,331.048
465.891,0,333.958
495.286,0,295.665
518.516,0,335.135
527.954,0,367.215
517.912,0,352.826
501.705,0,416.201
536.788,0,416.986
507.266,0,356.129
470.371,0,408.418
461.664,0,457.797
508.474,0,320.747
242
-2663,0,-396.5
466.564,0,254.239
493.979,0,287.048
500.968,0,290.814
496.116,0,333.293
474.605,0,339.739
490.213,0,294.037
513.861,0,333.836
523.531,0,366.102
509.552,0,358.57
490.179,0,411.261
521.902,0,419.336
498.797,0,361.793
472.434,0,410.718
470.805,0,463.952
499.882,0,326.304
243
-2670.5,0,-396
464.34,0,254.267
485.979,0,286.855
500.724,0,292.09
495.01,0,331.57
470.275,0,331.091
483.361,0,294.228
505,0,326.815
509.276,0,361.541
501.903,0,358.923
486.199,0,403.16
513.552,0,396.266
494.531,0,356.306
476.209,0,407.915
475.251,0,457.386
497.627,0,324.198
244
-2674.5,0,-396
462.816,0,249.231
485.242,0,281.282
500.111,0,286.155
505.231,0,320.767
475.618,0,335.759
480.368,0,296.15
502.794,0,328.201
507.915,0,362.812
493.047,0,357.938
483.422,0,412.415
478.671,0,452.024
493.047,0,357.938
480.985,0,419.849
483.669,0,461.895
495.36,0,325.764
245
-2681.5,0,-396
462.961,0,248.282
485.054,0,287.396
500.355,0,291.651
507.147,0,326.51
479.939,0,335.428
475.275,0,292.919
489.717,0,329.905
496.508,0,364.764
506.287,0,359.241
481.615,0,418.32
486.278,0,460.829
488.857,0,362.636
481.615,0,418.32
486.278,0,460.829
491.845,0,322.254
246
-2688.5,0,-396
460.206,0,249.042
483.747,0,281.382
496.692,0,293.728
520.233,0,326.067
510.835,0,356.656
471.401,0,294.327
484.945,0,331.964
490.842,0,367.252
500.838,0,361.954
484.392,0,415.485
485.59,0,466.067
490.842,0,367.252
482.043,0,423.132
493.237,0,468.416
494.942,0,326.666
247
-2695.5,0,-396
460.955,0,245.668
481.954,0,285.391
497.135,0,290.071
518.134,0,329.794
503.522,0,350.224
472.024,0,290.64
485.432,0,328.022
481.32,0,368.314
501.182,0,357.814
484.798,0,410.946
495.867,0,455.918
491.251,0,363.064
482.458,0,418.536
493.526,0,463.509
495.363,0,322.773
248
-2701.5,0,-396
458.941,0,248.817
480.199,0,288.586
497.826,0,285.692
521.417,0,317.867
509.104,0,330.703
470.219,0,293.829
476.183,0,328.898
474.499,0,361.618
502.106,0,353.481
464.52,0,366.861
501.072,0,411.328
492.127,0,358.724
491.092,0,416.571
502.371,0,461.583
486.163,0,323.655
249
-2708.5,0,-396
460.108,0,253.199
474.673,0,283.856
497.284,0,291.902
522.069,0,317.704
509.168,0,330.096
464.454,0,288.711
468.8,0,324.223
465.61,0,357.053
501.122,0,352.707
487.203,0,415.685
506.624,0,456.561
483.366,0,354.88
487.203,0,415.685
503.942,0,464.098
486.556,0,322.05
250
-2712.5,0,-396
459.767,0,249.173
475.325,0,279.338
498.187,0,286.641
521.366,0,319.241
501.256,0,329.613
462.836,0,292.145
470.774,0,319.876
458.601,0,357.978
493.953,0,352.475
476.911,0,405.819
497.656,0,446.039
486.332,0,350.041
484.532,0,408.254
510.462,0,458.529
488.449,0,317.124
251
-2719.5,0,-396
456.364,0,250.469
472.523,0,280.317
495.526,0,287.161
521.634,0,311.623
501.735,0,322.396
462.573,0,285.703
461.115,0,318.656
459.657,0,351.608
494.891,0,345.399
455.094,0,366.944
466.689,0,412.127
477.274,0,348.504
484.306,0,409.023
505.851,0,448.82
478.732,0,315.551
252
-2725.5,0,-396
452.14,0,241.043
473,0,280.474
488.073,0,285.117
513.575,0,309.474
501.396,0,322.226
455.606,0,283.368
453.857,0,315.834
452.108,0,348.301
486.896,0,342.513
455.002,0,365.695
458.468,0,408.019
477.038,0,347.728
481.077,0,414.983
506.579,0,439.341
478.787,0,315.262
253
-2731,0,-396
455.772,0,250.004
472.231,0,279.687
487.612,0,284.095
513.966,0,308.292
501.868,0,321.469
454.647,0,282.97
453.521,0,315.935
442.501,0,354.387
485.361,0,350.027
447.988,0,364.282
450.145,0,414.832
477.671,0,347.823
475.42,0,413.754
501.774,0,437.951
478.796,0,314.857
254
-2736,0,-396
446.108,0,248.675
462.866,0,277.471
485.58,0,283.382
511.895,0,306.52
500.353,0,319.807
453.31,0,283.129
445.369,0,313.642
437.428,0,344.155
486.826,0,340.721
448.6,0,363.352
444.26,0,411.092
469.698,0,344.408
470.944,0,401.747
497.259,0,424.885
477.639,0,313.895
255
-2741.5,0,-396
442.414,0,244.016
464.284,0,276.676
479.077,0,281.743
503.52,0,306.893
498.376,0,321.912
444.348,0,286.629
444.029,0,311.69
438.567,0,351.77
483.265,0,341.907
448.217,0,371.855
440.183,0,419.444
465.9,0,344.35
462.691,0,401.982
499.673,0,414.647
468.791,0,311.78
256
-2747.5,0,-396
434.715,0,248.377
459.615,0,272.886
481.908,0,280.122
504.396,0,312.062
492.141,0,324.512
447.36,0,285.336
447.556,0,310.041
435.497,0,347.195
487.317,0,339.374
450.554,0,376.723
438.494,0,413.878
470.044,0,341.981
453.161,0,393.997
492.727,0,398.625
472.26,0,309.845
257
-2752.5,0,-397
440.087,0,253.53
462.096,0,281.736
479.981,0,281.394
501.991,0,309.6
484.447,0,327.827
440.77,0,289.3
444.894,0,317.848
438.356,0,350.179
484.789,0,345.713
453.484,0,392.83
439.723,0,421.72
466.904,0,346.055
453.484,0,392.83
436.283,0,428.942
470.002,0,320.947
258
-2757.5,0,-397
433.191,0,243.872
453.836,0,276.959
475.658,0,285.408
499.12,0,311.221
486.213,0,322.953
440.93,0,288.69
439.754,0,313.328
432.946,0,352.513
477.764,0,344.774
456.408,0,378.326
478.229,0,386.776
460.4,0,346.415
446.318,0,382.784
439.51,0,421.969
464.392,0,314.503
259
-2763.5,0,-397
438.981,0,248.954
453.827,0,279.006
476.46,0,286.992
491.306,0,317.044
478.571,0,329.093
441.092,0,291.055
440.851,0,315.784
435.418,0,355.224
480.925,0,346.466
457.809,0,387.938
449.781,0,434.733
465.837,0,341.143
435.176,0,379.952
475.493,0,385.906
466.078,0,316.414
260
-2767.5,0,-397
429.283,0,252.68
453.5,0,278.199
475.686,0,286.245
489.825,0,316.478
477.066,0,328.586
440.74,0,290.307
437.407,0,322.571
434.074,0,354.834
471.701,0,343.377
455.609,0,387.749
449.593,0,427.407
454.229,0,345.408
423.345,0,384.416
465.686,0,383.035
464.957,0,315.827
261
-2772.5,0,-397
428.771,0,253.995
449.991,0,286.716
467.323,0,284.772
491.233,0,310.172
475.844,0,329.449
432.658,0,288.66
436.546,0,323.325
433.111,0,355.302
470.466,0,344.092
457.021,0,380.701
455.53,0,430.01
453.133,0,346.036
417.722,0,374.578
447.01,0,385.334
456.567,0,314.06
262
-2777.5,0,-397
429.742,0,251.611
443.762,0,281.587
465.76,0,289.565
479.78,0,319.542
464.469,0,338.88
431.111,0,293.593
437.798,0,320.91
431.833,0,360.233
469.142,0,348.872
460.518,0,395.527
451.895,0,442.183
451.817,0,350.886
411.849,0,369.579
445.853,0,390.209
455.122,0,318.896
263
-2782.5,0,-397
430.399,0,257.931
446.14,0,288.001
461.41,0,292.778
477.151,0,322.848
467.128,0,328.095
436.116,0,293.248
434.199,0,326.177
437.528,0,369.13
467.598,0,353.389
404.599,0,367.212
461.845,0,452.176
449.94,0,356.247
458.516,0,409.223
440.387,0,386.788
451.857,0,323.318
264
-2785.5,0,-396
426.742,0,257.46
442.768,0,286.757
457.876,0,291.18
473.902,0,320.477
467.266,0,343.139
430.791,0,299.652
439.263,0,326.737
437.969,0,359.164
462.843,0,358.246
459.337,0,398.227
465.597,0,432.866
447.735,0,353.822
405.542,0,357.871
429.122,0,389.38
449.029,0,321.395
265
-2791.5,0,-396
420.381,0,255.267
433.975,0,292.518
458.695,0,291.348
467.016,0,318.744
458.115,0,349.481
424.251,0,298.031
430.347,0,333.111
428.944,0,366.02
455.889,0,357.166
457.534,0,407.614
465.855,0,435.01
438.667,0,360.507
398.95,0,357.334
420.043,0,396.757
447.569,0,329.77
266
-2794.5,0,-396
420.836,0,262.35
437.616,0,290.904
452.728,0,294.829
469.508,0,323.383
456.065,0,344.088
420.542,0,294.536
427.805,0,328.683
435.067,0,362.831
461.659,0,353.606
457.441,0,400.904
466.666,0,427.495
444.585,0,357.238
397.288,0,353.02
417.7,0,398.648
444.878,0,325.052
267
-2798.5,0,-396
415.277,0,260.599
437.019,0,293.121
451.757,0,298.234
466.13,0,328.199
451.026,0,347.94
419.702,0,295.44
431.497,0,332.838
428.553,0,365.123
455.817,0,357.928
455.086,0,407.634
479.407,0,432.724
441.079,0,352.815
391.707,0,352.342
408.293,0,399.728
441.444,0,327.962
268
-2802.5,0,-396
417.775,0,261.705
432.253,0,291.777
447.103,0,296.974
461.582,0,327.046
448.959,0,339.297
419.631,0,304.028
426.684,0,331.501
423.714,0,363.799
451.186,0,356.746
450.443,0,406.493
472.347,0,439.164
436.336,0,351.548
394.014,0,353.404
400.696,0,405.751
436.708,0,326.674
269
-2807.5,0,-396
417.111,0,265.349
426.127,0,292.398
449.232,0,298.893
465.949,0,328.108
453.99,0,341.089
416.297,0,297.806
423.184,0,332.429
430.072,0,367.051
449.732,0,356.235
452.362,0,406.004
476.781,0,437.383
434.329,0,351.905
389.435,0,363.799
394.194,0,405.995
440.716,0,329.186
270
-2810.5,0,-396
409.277,0,265.368
425.616,0,294.47
440.764,0,298.725
457.103,0,327.827
445.275,0,340.847
415.916,0,299.916
422.554,0,334.465
421.618,0,366.887
441.02,0,355.994
443.404,0,405.69
459.743,0,434.793
431.319,0,361.441
389.197,0,365.952
390.389,0,390.8
432.255,0,329.019
271
-2813.5,0,-396
408.424,0,264.725
424.624,0,293.744
439.742,0,298.099
455.942,0,327.118
444.065,0,339.93
412.746,0,306.557
415.987,0,323.725
420.309,0,365.556
439.746,0,354.921
441.909,0,404.247
465.669,0,435.443
430.028,0,360.238
439.75,0,411.742
458.11,0,433.266
431.105,0,328.08
272
-2818.5,0,-396
405.162,0,260.574
419.114,0,296.993
434.117,0,301.268
459.846,0,324.822
445.932,0,345.188
409.475,0,302.356
410.563,0,326.998
407.375,0,366.642
434.155,0,358.053
428.829,0,405.199
462.059,0,430.891
426.653,0,355.915
428.829,0,405.199
462.059,0,430.891
425.566,0,331.274
273
-2821.5,0,-396
402.601,0,266.73
411.766,0,293.318
434.403,0,299.245
451.113,0,327.809
437.641,0,348.47
400.269,0,306.434
409.434,0,333.022
401.531,0,363.205
435.665,0,356.016
423.812,0,401.29
431.001,0,435.424
418.598,0,359.61
421.836,0,408.835
457.589,0,426.259
426.501,0,329.428
274
-2824.5,0,-396
405.975,0,261.446
420.571,0,297.946
435.754,0,302.035
450.351,0,338.535
436.626,0,359.265
403.343,0,301.448
402.757,0,333.859
396.623,0,356.634
429.034,0,357.22
418.811,0,395.178
408.589,0,433.136
411.806,0,360.723
403.628,0,391.089
395.45,0,421.455
419.985,0,330.356
275
-2827.5,0,-395
,,
,,
,,
,,
,,
,,
443.108,0,333.096
,,
,,
,,
,,
,,
,,
,,
,,
276
-2830.5,0,-395
,,
,,
,,
,,
,,
,,
,,
,,
,,
,,
,,
,,
,,
,,
,,
277
-2834.5,0,-395
,,
,,
,,
,,
,,
,,
,,
,,
,,
,,
,,
,,
,,
,,
,,
278
-2837.5,0,-395
,,
,,
,,
,,
,,
,,
,,
,,
,,
,,
399.049,0,331.365
388.452,0,397.175
,,
399.049,0,331.365
,,
279
-2840,0,-395
383.685,0,281.037
397.697,0,310.268
376.168,0,322.703
373.198,0,347.387
364.103,0,381.35
376.168,0,322.703
373.198,0,347.387
,,
376.538,0,402.88
,,
,,
391.942,0,399.725
,,
,,
390.18,0,351.934
280
-2842,0,-394
384.593,0,284.983
392.347,0,308.398
415.897,0,316.3
431.477,0,347.545
431.369,0,370.924
376.587,0,316.119
368.581,0,347.255
360.611,0,370.597
407.675,0,394.194
399.597,0,440.916
383.621,0,495.395
391.987,0,386.329
383.873,0,440.843
383.585,0,503.188
399.993,0,355.193
281
-2843,0,-394
384.398,0,272.291
394.187,0,304.79
415.332,0,316.144
428.906,0,341.595
438.696,0,374.094
375.785,0,322.149
367.694,0,354.126
356.339,0,375.271
413.245,0,387.668
404.633,0,437.526
388.45,0,501.48
388.316,0,383.362
387.273,0,419.124
388.45,0,501.48
396.407,0,351.385
282
-2846.5,0,-394
379.779,0,279.767
384.161,0,304.116
406.269,0,315.22
417.273,0,348.432
429.398,0,373.902
366.434,0,317.361
361.952,0,348.333
350.848,0,370.441
410.551,0,394.89
401.588,0,456.833
386.002,0,509.913
387.322,0,391.529
393.845,0,455.712
386.002,0,509.913
392.924,0,352.814
283
-2847.5,0,-394
376.308,0,274.045
378.831,0,306.46
402.158,0,310.4
412.457,0,344.129
392.966,0,364.829
368.43,0,320.699
355.401,0,350.488
345,0,364.726
412.354,0,392.095
401.849,0,454.3
392.657,0,508.73
389.027,0,388.156
360.551,0,367.352
384.882,0,507.416
395.593,0,349.278
284
-2849.5,0,-394
369.825,0,277.563
380.476,0,304.153
396.025,0,307.419
406.676,0,334.01
376.819,0,360.21
361.66,0,316.437
355.128,0,347.536
344.087,0,361.452
407.918,0,366.742
388.712,0,419.532
384.204,0,402.35
382.961,0,369.618
358.004,0,372.493
367.021,0,406.858
389.493,0,338.518
285
-2851.5,0,-394
368.438,0,276.609
377.117,0,303.808
399.851,0,310.234
408.53,0,337.432
386.897,0,356.063
357.643,0,314.8
349.007,0,345.353
337.11,0,358.487
407.472,0,370.127
367.423,0,367.055
379.362,0,411.673
382.579,0,371.339
357.686,0,372.552
364.206,0,407.388
391.215,0,340.787
286
-2854.5,0,-394
360.508,0,272.525
376.596,0,301.578
399.095,0,307.933
400.183,0,332.75
388.409,0,345.763
357.322,0,312.473
350.91,0,335.171
336.999,0,355.751
391.634,0,363.014
364.861,0,371.79
376.674,0,415.976
374.498,0,366.343
357.361,0,369.672
354.175,0,409.621
383.046,0,336.079
287
-2856,0,-394
355.859,0,274.113
373.464,0,303.131
396.776,0,308.837
398.84,0,334.051
389.168,0,339.919
354.119,0,314.868
346.51,0,345.95
336.838,0,351.819
389.33,0,372.904
372.049,0,409.855
381.884,0,436.971
373.789,0,369.1
348.575,0,371.164
346.835,0,411.919
371.724,0,343.886
288
-2858.5,0,-393
352.006,0,273.886
369.107,0,303.023
392.305,0,309.176
401.674,0,336.261
401.278,0,368.956
349.578,0,314.242
341.449,0,344.886
333.716,0,342.835
383.78,0,372.515
350.818,0,371.971
338.625,0,417.937
368.315,0,368.413
365.887,0,408.769
392.753,0,432.295
376.444,0,337.769
289
-2860.5,0,-393
343.361,0,272.821
360.691,0,301.639
383.764,0,307.383
401.094,0,336.2
395.35,0,359.274
351.085,0,307.415
333.82,0,343.957
345.341,0,330.489
376.138,0,370.827
341.544,0,378.551
331.971,0,417.007
368.447,0,368.912
358.874,0,407.368
387.724,0,422.718
368.414,0,336.233
290
-2862.5,0,-393
340.223,0,276.099
358.14,0,297.672
380.501,0,304.338
396.196,0,333.365
389.529,0,355.726
338.789,0,308.135
329.901,0,337.949
341.798,0,325.264
370.178,0,366.189
336.707,0,396.791
330.041,0,419.152
362.725,0,363.967
351.614,0,401.235
379.207,0,417.577
364.159,0,331.93
291
-2863.5,0,-393
338.349,0,276.676
353.986,0,306.066
378.582,0,305.056
394.219,0,334.445
385.258,0,364.845
336.841,0,309.272
327.88,0,339.671
332.361,0,324.472
370.353,0,360.451
336.796,0,391.86
327.835,0,422.259
353.209,0,363.658
342.008,0,401.657
371.817,0,410.443
362.17,0,333.258
292
-2865.5,0,-394
331.568,0,270.959
348.361,0,300.455
371.505,0,306.807
388.297,0,336.303
381.945,0,359.448
336.411,0,313.768
330.059,0,336.912
330.059,0,336.912
372.113,0,365.045
363.644,0,395.904
369.241,0,405.736
346.852,0,366.408
338.382,0,397.267
329.913,0,428.126
355.321,0,335.549
293
-2867.5,0,-393
333.02,0,279.188
343.847,0,299.057
366.869,0,305.839
383.11,0,335.642
376.329,0,358.664
331.653,0,312.145
332.545,0,337.427
324.871,0,335.167
358.72,0,361.817
342.005,0,390.253
362.766,0,404.708
351.046,0,359.557
332.07,0,395.666
330.703,0,428.623
350.154,0,334.274
294
-2869.5,0,-393
332.765,0,280.845
342.063,0,307.939
365.243,0,314.157
384.319,0,335.675
370.436,0,356.551
324.557,0,311.443
326.128,0,336.464
318.401,0,334.391
360.657,0,362.127
342.67,0,398.302
332.409,0,436.55
345.204,0,357.982
319.49,0,392.084
360.176,0,394.798
351.36,0,335.033
