data/BP_videos/13.MOV
0
-260.5,0,-687.5
263.933,0,613.152
263.933,0,636.788
248.2,0,636.788
240.333,0,660.424
240.333,0,676.182
279.667,0,636.788
279.667,0,660.424
271.8,0,668.303
248.2,0,676.182
248.2,0,707.697
232.467,0,723.455
263.933,0,676.182
263.933,0,707.697
256.067,0,739.212
263.933,0,652.545
1
-260.5,0,-689
267.425,0,608.627
263.45,0,640.603
247.762,0,642.561
234.008,0,660.018
244.754,0,682.287
279.137,0,638.645
274.195,0,662.872
275.162,0,670.622
252.598,0,681.308
248.623,0,713.285
232.935,0,715.243
268.286,0,679.35
264.31,0,711.327
251.524,0,736.533
257.54,0,657.081
2
-260.5,0,-688.5
265.396,0,611.91
267.695,0,635.513
252.536,0,644.931
238.144,0,662.217
238.91,0,670.085
276.423,0,642.605
278.722,0,666.207
271.526,0,674.85
255.601,0,676.401
250.704,0,708.647
235.545,0,718.065
264.33,0,683.493
267.395,0,714.964
253.769,0,740.117
262.031,0,659.891
3
-262,0,-687.5
266.478,0,613.076
260.485,0,637.344
245.354,0,646.482
238.732,0,662.87
239.99,0,678.63
276.873,0,643.966
278.76,0,667.605
270.88,0,668.234
247.241,0,670.121
251.015,0,717.399
250.386,0,709.519
263.629,0,676.743
266.774,0,716.141
252.902,0,741.038
262.372,0,660.983
4
-258.5,0,-687.5
272.838,0,609.83
262.858,0,644.187
245.68,0,639.197
242.129,0,664.245
245.009,0,679.983
278.597,0,641.307
282.916,0,664.915
276.486,0,674.224
252.878,0,678.544
250.768,0,711.461
244.338,0,720.77
268.617,0,675.664
267.946,0,716.451
248.657,0,744.378
265.737,0,659.925
5
-258.5,0,-690
272.295,0,609.898
262.207,0,644.223
246.459,0,647.053
240.001,0,656.342
242.831,0,672.09
277.955,0,641.393
290.074,0,663.6
275.741,0,674.304
252.12,0,678.549
257.78,0,710.044
247.692,0,744.37
267.867,0,675.719
267.069,0,716.503
247.692,0,744.37
265.037,0,659.971
6
-257.5,0,-690
271.066,0,610.727
261.086,0,645.084
251.777,0,638.654
238.918,0,657.272
241.797,0,673.011
284.694,0,640.765
289.014,0,664.373
273.275,0,667.252
249.667,0,671.571
255.426,0,703.049
246.886,0,745.275
266.845,0,676.561
264.735,0,709.479
246.886,0,745.275
263.966,0,660.822
7
-257.5,0,-690
268.326,0,612.515
266.828,0,645.466
249.559,0,640.796
235.463,0,651.809
248.062,0,673.747
282.51,0,642.294
293.523,0,656.391
269.999,0,661.148
248.062,0,673.747
262.246,0,703.526
245.066,0,739.649
265.33,0,678.416
262.246,0,703.526
245.066,0,739.649
260.572,0,654.893
8
-255.5,0,-689.5
271.398,0,608.972
261.761,0,643.266
252.623,0,636.805
230.967,0,648.9
242.985,0,671.1
277.157,0,640.45
295.433,0,653.371
272.338,0,657.597
244.425,0,678.969
262.701,0,691.891
253.063,0,726.186
259.821,0,676.152
264.141,0,699.761
253.063,0,726.186
256.942,0,660.414
9
-255.5,0,-692
270.723,0,613.461
262.148,0,640.8
244.915,0,637.333
232.011,0,649.27
236.339,0,664.673
279.38,0,644.267
298.778,0,655.436
274.011,0,654.086
240.668,0,680.076
260.065,0,691.245
253.654,0,726.286
265.435,0,681.426
262.23,0,698.947
253.654,0,726.286
261.106,0,666.023
10
-254.5,0,-693
268.107,0,615.106
266.333,0,639.847
248.87,0,636.341
233.394,0,640.405
237.37,0,655.544
281.808,0,635.783
301.259,0,646.857
278.046,0,652.953
243.333,0,678.252
262.784,0,689.327
262.998,0,721.637
260.796,0,681.758
262.784,0,689.327
255.26,0,723.669
254.833,0,659.049
11
-254,0,-690.5
267.223,0,607.744
266.969,0,640.054
249.558,0,636.296
234.026,0,640.135
237.782,0,655.33
274.735,0,638.134
299.912,0,639.972
276.613,0,645.731
243.415,0,678.122
262.704,0,689.478
262.449,0,721.787
268.592,0,679.96
260.572,0,714.19
233.262,0,737.063
262.958,0,657.168
12
-249,0,-690.5
269.439,0,614.551
265.186,0,638.988
256.067,0,632.5
232.358,0,636.231
242.694,0,650.449
273.089,0,637.744
296.797,0,634.013
282.208,0,644.231
246.344,0,673.642
264.582,0,686.617
270.665,0,725.272
263.366,0,678.886
252.426,0,712.297
240.271,0,737.977
259.716,0,655.693
13
-248,0,-691.5
271.808,0,611.465
261.637,0,637.994
252.051,0,632.217
236.48,0,635.897
240.08,0,651.13
277.208,0,634.314
292.779,0,630.634
277.208,0,634.314
253.265,0,672.139
264.651,0,685.531
265.865,0,725.453
270.636,0,676.075
254.479,0,712.06
236.523,0,740.429
257.451,0,655.066
14
-247,0,-690
265.768,0,606.368
262.84,0,639.223
253.693,0,632.564
236.644,0,627.148
240.375,0,650.856
278.645,0,636.736
301.11,0,625.102
278.645,0,636.736
252.008,0,673.321
262.398,0,687.883
268.616,0,727.397
269.057,0,678.737
250.323,0,714.078
238.249,0,740.274
265.327,0,655.028
15
-244.5,0,-690
266.906,0,609.265
260.901,0,633.784
253.097,0,634.371
229.085,0,628.153
238.688,0,651.499
276.509,0,632.611
291.518,0,623.461
276.509,0,632.611
248.29,0,674.845
265.697,0,697.604
268.095,0,729.514
272.302,0,681.063
250.689,0,706.755
236.879,0,731.86
262.7,0,657.717
16
-240.5,0,-690
262.744,0,605.189
265.043,0,629.079
249.463,0,630.578
233.882,0,632.077
235.415,0,648.004
272.833,0,628.329
288.413,0,626.83
272.833,0,628.329
254.061,0,678.357
264.15,0,701.497
267.981,0,741.313
269.641,0,676.858
249.336,0,710.96
236.055,0,736.349
259.552,0,653.718
17
-238.5,0,-691
259.105,0,606.01
267.4,0,629.909
251.401,0,630.107
227.403,0,630.403
235.698,0,654.302
275.399,0,629.811
299.496,0,637.514
267.499,0,637.909
251.993,0,678.103
260.387,0,710.002
268.781,0,741.901
267.992,0,677.906
252.388,0,710.101
228.686,0,734.395
259.697,0,654.006
18
-234.5,0,-691
264.91,0,603.75
264.621,0,627.227
248.622,0,627.03
232.527,0,634.658
240.333,0,650.407
280.619,0,627.424
296.522,0,635.447
264.428,0,642.878
256.042,0,674.081
263.656,0,705.482
271.172,0,744.708
264.042,0,674.18
255.656,0,705.383
231.368,0,728.564
264.331,0,650.703
19
-232.5,0,-693.5
264.774,0,598.146
258.977,0,630.275
242.469,0,623.485
227.053,0,632.483
236.672,0,655.613
274.939,0,629.171
291.993,0,643.855
268.05,0,645.511
254.272,0,678.192
264.438,0,709.216
267.168,0,748.687
262.253,0,677.64
264.438,0,709.216
233.606,0,727.213
260.615,0,653.957
20
-231.5,0,-692.5
261.786,0,602.74
255.806,0,626.827
240.018,0,628.115
224.868,0,637.218
234.676,0,660.015
271.593,0,625.538
289.294,0,647.691
266.251,0,657.438
251.739,0,674.355
254.928,0,713.425
258.116,0,752.495
267.526,0,673.066
262.184,0,704.967
231.884,0,723.172
257.719,0,650.269
21
-231.5,0,-693.5
259.653,0,600.439
252.53,0,624.186
237.095,0,632.498
221.66,0,640.81
230.21,0,664.082
268.44,0,631.547
284.827,0,654.581
269.154,0,655.056
246.358,0,679.279
255.146,0,710.387
256.572,0,757.405
261.793,0,670.967
255.383,0,718.223
231.874,0,718.937
253.481,0,655.532
22
-228.5,0,-694.5
254.028,0,596.367
256.388,0,627.971
240.586,0,629.151
225.964,0,646.133
227.734,0,669.836
272.78,0,634.692
282.451,0,657.805
267.239,0,666.886
244.126,0,676.557
255.567,0,723.374
257.927,0,754.978
267.829,0,674.787
263.468,0,722.784
231.864,0,725.144
258.748,0,659.575
23
-222.5,0,-693
255.952,0,598.794
255.173,0,630.477
239.331,0,630.087
222.906,0,653.46
230.437,0,669.496
270.819,0,638.787
278.156,0,662.743
262.314,0,662.354
246.084,0,677.806
252.836,0,725.525
252.057,0,757.207
261.73,0,686.116
260.756,0,725.719
236.994,0,725.135
254.394,0,662.159
24
-217.5,0,-692
256.039,0,602.582
256.623,0,626.344
232.825,0,634.855
217.414,0,659.01
225.801,0,674.655
272.813,0,633.872
273.592,0,665.554
265.594,0,665.751
241.991,0,682.182
250.962,0,721.589
251.936,0,761.192
257.986,0,681.789
267.152,0,729.116
243.159,0,729.706
249.404,0,658.224
25
-216.5,0,-692
257.783,0,603.831
251.689,0,628.134
236.491,0,637.238
213.994,0,654.844
231.6,0,677.341
268.091,0,634.83
270.499,0,666.431
262.599,0,667.033
240.102,0,684.639
251.012,0,723.538
245.52,0,755.741
256.505,0,691.335
266.813,0,722.334
258.311,0,715.036
254.097,0,659.735
26
-213.5,0,-692
253.031,0,607.454
247.742,0,631.969
232.729,0,641.634
218.603,0,659.171
228.327,0,674.022
264.528,0,638.052
276.025,0,668.649
260.126,0,670.44
238.05,0,688.873
250.435,0,727.344
238.083,0,760.628
261.9,0,686.187
265.447,0,717.68
256.611,0,710.702
251.289,0,663.463
27
-207.5,0,-694
252.961,0,607.733
253.876,0,631.715
230.199,0,640.625
214.821,0,657.223
223.73,0,680.901
262.176,0,639.404
279.079,0,662.777
263.396,0,671.381
240.023,0,688.285
241.549,0,728.256
234.775,0,760.537
256.012,0,687.675
273.22,0,719.041
249.848,0,735.945
247.102,0,663.997
28
-202,0,-691
251.39,0,611.644
244.957,0,636.086
229.141,0,637.06
214.309,0,654.004
223.693,0,677.471
261.265,0,643.096
278.557,0,666.076
262.741,0,667.051
240.493,0,692.467
242.952,0,732.391
237.012,0,764.818
256.309,0,691.492
273.601,0,714.473
259.26,0,739.402
246.925,0,668.025
29
-201,0,-692
252.973,0,610.544
245.939,0,634.592
230.104,0,635.181
206.94,0,651.9
223.364,0,667.146
262.069,0,641.92
278.493,0,657.166
254.74,0,658.05
240.083,0,690.309
233.639,0,730.192
226.899,0,762.157
255.624,0,681.803
272.343,0,704.966
257.686,0,737.226
247.117,0,666.262
30
-192.5,0,-693
257.983,0,609.774
251.685,0,634.025
227.971,0,635.632
205.328,0,653.05
222.209,0,667.788
259.59,0,633.489
277.008,0,656.132
261.198,0,657.204
239.091,0,682.526
234.401,0,730.492
220.199,0,755.278
254.901,0,681.454
272.318,0,704.097
266.557,0,736.253
245.388,0,658.275
31
-189.5,0,-692
252.483,0,599.459
249.417,0,631.983
225.918,0,635.558
203.611,0,646.966
221.661,0,660.248
265.083,0,629.599
276.491,0,651.906
260.825,0,654.29
233.069,0,682.555
231.194,0,722.912
220.295,0,756.627
256.567,0,678.98
267.975,0,701.287
266.101,0,741.644
245.159,0,656.673
32
-187.5,0,-693
254.192,0,603.798
248.48,0,628.443
232.551,0,629.945
209.408,0,640.162
219.625,0,663.305
265.161,0,634.906
282.592,0,649.333
258.698,0,651.586
237.807,0,685.697
224.881,0,719.058
212.706,0,760.383
252.986,0,676.231
271.168,0,698.623
274.922,0,738.447
251.484,0,660.302
33
-179.5,0,-693
247.23,0,604.31
242.145,0,628.374
226.689,0,630.136
204.387,0,640.506
221.604,0,654.2
257.6,0,626.612
274.817,0,640.306
251.634,0,642.949
232.855,0,684.23
220.923,0,716.903
208.991,0,749.575
248.311,0,682.468
265.528,0,696.162
269.932,0,734.8
245.668,0,659.285
34
-178,0,-692
243.045,0,603.301
245,0,626.552
229.499,0,627.856
206.9,0,637.562
215.954,0,652.411
260.501,0,625.249
277.305,0,639.446
254.054,0,641.401
233.41,0,674.358
221.168,0,714.414
208.274,0,746.719
248.911,0,673.055
266.367,0,695.003
269.625,0,733.755
239.205,0,650.455
35
-167,0,-692
246.905,0,601.024
247.529,0,624.349
224.204,0,624.974
208.862,0,633.165
217.262,0,656.282
255.304,0,624.141
271.27,0,639.275
255.928,0,647.466
225.661,0,679.399
218.926,0,718.482
211.776,0,742.015
248.986,0,678.774
264.952,0,693.908
273.976,0,740.35
240.587,0,655.658
36
-166,0,-693
246.342,0,598.613
241.465,0,622.72
226.973,0,632.335
203.813,0,635.177
214.376,0,657.389
257.852,0,628.545
267.467,0,643.037
252.028,0,644.932
224.938,0,679.601
221.956,0,719.148
208.412,0,736.483
248.098,0,676.759
266.38,0,698.023
272.065,0,744.342
237.535,0,654.547
37
-164,0,-694
242.33,0,597.566
245.189,0,620.723
222.985,0,631.302
208.499,0,640.927
218.125,0,655.412
261.58,0,626.536
272.159,0,648.741
249.001,0,651.6
220.984,0,678.57
218.03,0,718.119
204.498,0,735.463
244.142,0,675.711
263.392,0,704.681
268.158,0,743.277
241.282,0,652.553
38
-160,0,-693
245.05,0,595.573
240.173,0,619.68
225.681,0,629.295
203.469,0,639.857
214.031,0,662.069
256.56,0,625.505
267.122,0,647.717
251.683,0,649.612
223.646,0,676.562
221.611,0,723.828
206.172,0,725.723
239.086,0,674.667
258.316,0,703.651
264.001,0,749.97
236.243,0,651.507
39
-152,0,-694
247.367,0,593.644
243.633,0,617.954
221.944,0,629.553
209.232,0,647.507
213.164,0,670.507
253.921,0,631.976
256.542,0,647.309
257.853,0,654.976
222.142,0,676.863
222.339,0,724.173
207.006,0,726.794
245.141,0,672.93
259.361,0,709.953
259.559,0,757.262
233.543,0,651.242
40
-151,0,-694
247.42,0,590.265
244.886,0,622.846
221.44,0,626.807
209.77,0,652.893
221.546,0,675.019
261.836,0,628.021
257.982,0,652.787
251.487,0,661.922
222.866,0,682.834
222.972,0,731.045
206.022,0,725.87
246.312,0,678.873
260.728,0,716.629
253.019,0,766.161
242.351,0,655.427
41
-144,0,-694
249.414,0,591.852
238.256,0,625.195
222.687,0,627.4
210.426,0,652.958
213.734,0,676.312
254.927,0,630.774
258.235,0,654.127
251.553,0,663.014
222.621,0,682.993
221.452,0,730.802
212.565,0,724.12
238.19,0,680.788
251.487,0,718.607
242.534,0,767.519
234.882,0,657.435
42
-141.5,0,-694
242.971,0,591.309
241.775,0,623.703
220.321,0,636.268
208.184,0,654.901
213.056,0,677.979
258.784,0,628.148
255.963,0,652.849
249.895,0,662.166
222.373,0,684.047
224.425,0,731.826
205.792,0,719.689
239.382,0,688.492
247.502,0,726.954
240.238,0,768.665
232.886,0,657.722
43
-131,0,-694
246.181,0,593.182
242.288,0,625.937
219.491,0,636.905
206.651,0,662.734
217.619,0,685.531
259.17,0,631.851
262.202,0,655.659
255.277,0,664.606
226.566,0,692.456
232.629,0,740.071
214.736,0,726.221
242.437,0,690.435
247.491,0,730.114
237.683,0,779.751
238.395,0,658.691
44
-129,0,-694
241.966,0,594.723
237.836,0,626.66
215.309,0,637.199
202.442,0,662.312
212.101,0,676.887
254.389,0,632.554
264.969,0,654.88
250.259,0,664.49
221.759,0,691.462
234.182,0,729.292
209.813,0,724.327
237.391,0,689.604
242.92,0,736.115
224.079,0,777.662
233.706,0,658.596
45
-123,0,-694
238.994,0,602.131
235.193,0,634.109
219.581,0,636.128
199.167,0,662.382
208.975,0,676.857
251.806,0,639.832
261.615,0,654.306
254.81,0,663.057
218.784,0,691.331
232.597,0,736.773
214.186,0,778.512
235.397,0,697.054
230.595,0,721.289
215.984,0,731.05
231.392,0,666.086
46
-121,0,-695
238.862,0,605.54
234.148,0,629.958
211.931,0,640.768
198.465,0,658.382
209.235,0,680.799
251.65,0,643.568
268.143,0,649.372
253.669,0,659.18
218.996,0,695.409
237.508,0,716.825
216.3,0,735.44
234.48,0,693.407
232.794,0,741.244
206.872,0,784.278
231.452,0,669.989
47
-112,0,-695
233.217,0,601.443
229.703,0,633.437
215.288,0,643.283
194.194,0,661.918
211.774,0,675.277
253.962,0,638.007
271.542,0,651.366
248.338,0,654.531
214.94,0,698.482
240.255,0,710.786
220.216,0,737.156
230.41,0,696.371
229.006,0,743.835
202.287,0,778.995
226.189,0,665.432
48
-111,0,-695
234.559,0,610.286
229.292,0,634.425
214.497,0,643.903
191.877,0,654.241
210.082,0,675.802
253.616,0,639.607
270.116,0,645.648
255.321,0,655.126
212.639,0,699.081
237.815,0,712.023
225.576,0,744.781
236.111,0,696.503
225.576,0,744.781
197.69,0,779.257
224.878,0,666.324
49
-100,0,-696
232.975,0,606.617
228.831,0,638.536
213.323,0,640.341
191.866,0,658.556
209.179,0,672.26
244.339,0,636.731
268.504,0,641.777
253.898,0,651.336
211.886,0,695.522
236.954,0,708.323
225.958,0,748.898
227.395,0,693.717
218.204,0,749.801
197.649,0,775.771
224.687,0,670.455
50
-98,0,-695
234.86,0,602.783
231.756,0,634.836
208.41,0,638.373
194.015,0,648.45
205.306,0,670.426
248.49,0,640.196
271.837,0,636.658
249.66,0,647.914
209.984,0,701.299
242.282,0,704.301
233.735,0,752.969
233.331,0,697.762
217.002,0,747.61
189.382,0,775.481
228.652,0,666.888
51
-89,0,-696
229.2,0,605.501
225.687,0,637.495
210.218,0,639.606
188.069,0,650.508
197.915,0,664.922
241.157,0,635.384
273.152,0,638.897
251.003,0,649.798
209.872,0,694.805
235.187,0,707.108
241.521,0,753.517
233.076,0,691.638
216.205,0,741.214
189.488,0,776.375
222.175,0,669.49
52
-86,0,-696
231.547,0,600.902
226.51,0,632.692
203.181,0,634.747
188.313,0,643.893
197.46,0,658.761
242.748,0,639.099
266.077,0,637.044
251.209,0,646.191
216.437,0,696.273
233.359,0,710.456
245.245,0,756.429
231.989,0,694.903
212.77,0,743.616
192.18,0,776.776
229.25,0,663.798
53
-79,0,-696
228.829,0,606.522
222.79,0,630.479
207.698,0,639.478
184.759,0,649.084
201.659,0,663.435
246.936,0,636.439
271.081,0,642.398
247.538,0,644.222
211.918,0,693.96
237.269,0,715.486
248.734,0,761.577
235.461,0,692.136
215.535,0,740.659
194.404,0,773.615
225.805,0,669.395
54
-72,0,-696
230.428,0,603.637
224.423,0,635.274
208.709,0,636.208
185.6,0,645.401
202.703,0,667.845
247.994,0,633.874
272.491,0,648.059
241.063,0,649.926
212.412,0,698.549
237.372,0,720.527
255.864,0,766.35
235.983,0,697.149
215.189,0,745.306
185.149,0,770.551
226.274,0,666.445
55
-66,0,-697
227.284,0,599.835
221.491,0,631.512
206.299,0,640.34
183.253,0,649.688
199.991,0,664.228
245.568,0,637.743
270.16,0,651.764
246.598,0,653.322
217.759,0,694.347
235.527,0,724.466
254.841,0,777.953
233.466,0,693.308
220.85,0,741.083
190.98,0,766.529
223.552,0,662.67
56
-63,0,-696
226.185,0,598.358
226.74,0,629.579
203.27,0,637.804
187.808,0,653.694
195.955,0,669.165
242.618,0,637.104
266.644,0,660.1
242.896,0,652.715
220.12,0,699.966
236.553,0,738.712
253.126,0,785.263
235.859,0,699.686
220.953,0,746.797
189.752,0,762.967
227.434,0,668.605
57
-54,0,-698
225.983,0,597.947
225.414,0,629.942
201.662,0,637.521
185.638,0,653.239
200.951,0,677.515
241.011,0,638.221
256.181,0,670.496
240.584,0,662.217
216.263,0,701.791
239.161,0,742.204
246.177,0,790.337
232.003,0,702.071
223.137,0,757.922
191.658,0,757.362
224.702,0,669.936
58
-50,0,-697
221.049,0,595.77
221.75,0,635.138
198.268,0,643.432
182.801,0,659.46
198.969,0,682.801
245.511,0,642.592
253.945,0,673.947
238.057,0,666.353
214.996,0,698.269
239.458,0,745.091
240.438,0,800.207
230.744,0,697.988
231.584,0,745.231
192.355,0,753.805
222.45,0,674.507
59
-40,0,-697
219.825,0,598.557
219.264,0,630.081
195.34,0,645.423
179.298,0,660.905
194.639,0,684.828
242.627,0,646.264
242.206,0,669.907
242.066,0,677.788
210.121,0,700.871
232.923,0,748.578
239.823,0,803.886
233.764,0,701.292
232.923,0,748.578
201.259,0,755.899
218.423,0,677.368
60
-31,0,-698
222.281,0,600.682
221.63,0,632.205
197.486,0,647.474
181.281,0,662.907
196.672,0,686.877
237.183,0,648.294
244.634,0,672.1
244.471,0,679.981
212.062,0,710.847
226.964,0,758.46
233.927,0,805.908
236.043,0,703.459
242.843,0,758.788
203.308,0,750.087
220.653,0,679.489
61
-25,0,-698
222.839,0,601.661
214.433,0,633.055
198.408,0,648.556
174.371,0,671.806
189.871,0,687.831
237.814,0,649.211
237.29,0,680.736
237.29,0,680.736
205.371,0,703.856
220.216,0,759.287
219.429,0,806.574
229.015,0,704.249
243.859,0,759.68
204.715,0,743.262
221.527,0,680.474
62
-13,0,-698
219.226,0,604.262
213.092,0,636.177
190.349,0,653.22
167.605,0,670.262
192.518,0,692.572
237.571,0,650.616
239.307,0,682.098
239.307,0,682.098
209.127,0,707.445
220.035,0,762.103
214.768,0,809.76
224.868,0,706.577
243.646,0,760.802
203.86,0,755.101
215.262,0,675.529
63
-9,0,-698
218.948,0,613.434
211.752,0,645.127
188.281,0,653.52
164.981,0,669.794
189.136,0,692.923
235.564,0,652.495
244.128,0,683.846
236.248,0,684.017
205.581,0,724.103
214.316,0,763.334
207.461,0,810.788
229.051,0,715.709
245.667,0,754.77
229.735,0,747.231
212.606,0,684.529
64
0,0,-697
220.184,0,607.544
212.786,0,639.191
189.383,0,655.316
165.98,0,671.441
182.106,0,694.844
228.79,0,654.712
245.036,0,685.996
237.155,0,686.117
198.11,0,710.365
206.958,0,773.296
199.681,0,812.824
221.754,0,710.003
253.884,0,748.926
214.719,0,765.293
213.511,0,686.479
65
8,0,-697
213.317,0,612.305
208.607,0,644.462
185.861,0,654.655
163.898,0,672.692
181.934,0,694.655
233.704,0,657.798
243.898,0,680.545
236.054,0,681.328
199.971,0,716.618
205.455,0,771.522
193.685,0,812.305
223.501,0,714.268
250.165,0,743.291
221.141,0,769.955
212.524,0,683.678
66
20,0,-698
212.426,0,612.78
212.913,0,644.541
189.39,0,652.844
158.108,0,669.208
182.118,0,692.666
228.798,0,652.24
244.926,0,675.819
237.166,0,683.88
198.246,0,716.245
199.098,0,771.827
183.944,0,811.77
221.89,0,715.883
253.659,0,731.28
230.624,0,771.344
205.64,0,684.363
67
24,0,-697
215.592,0,606.6
208.378,0,638.538
184.742,0,647.021
161.288,0,663.443
177.71,0,686.898
232.377,0,645.933
248.799,0,669.388
233.102,0,677.69
194.313,0,718.292
195.401,0,765.926
172.49,0,806.166
217.949,0,709.809
250.249,0,732.901
235.277,0,772.959
209.285,0,678.234
68
36,0,-697
213.712,0,607.553
208.625,0,639.653
185.761,0,649.579
155.044,0,660.196
180.675,0,681.678
225.021,0,646.122
242.799,0,668.295
227.095,0,669.678
191.292,0,712.394
180.428,0,768.741
168.181,0,809.384
214.848,0,710.32
247.639,0,723.259
236.775,0,779.605
204.23,0,679.604
69
42,0,-697
207.332,0,603.585
203.482,0,643.894
179.782,0,646.323
156.893,0,656.653
175.122,0,678.732
227.181,0,641.464
245.41,0,663.544
238.32,0,672.253
194.161,0,708.712
184.03,0,765.63
163.571,0,799.658
217.86,0,706.282
251.889,0,726.742
249.658,0,782.85
206.721,0,675.493
70
50,0,-699
209.575,0,602.673
202.199,0,642.476
178.553,0,642.777
155.11,0,658.958
179.058,0,682.479
225.844,0,642.175
241.91,0,665.796
234.028,0,665.896
187.243,0,706.201
180.068,0,761.885
156.928,0,801.888
210.888,0,705.9
242.718,0,729.321
251.307,0,784.804
202.602,0,674.238
71
53,0,-700
203.403,0,601.641
199.518,0,641.947
183.717,0,643.553
152.919,0,654.667
171.932,0,684.662
223.22,0,639.537
241.43,0,661.632
226.432,0,671.139
183.046,0,715.461
179.964,0,763.667
150.772,0,790.581
206.747,0,713.051
248.659,0,732.736
254.281,0,788.04
203.534,0,681.449
72
57,0,-702
201.518,0,603.895
195.992,0,636.168
180.752,0,645.283
149.676,0,655.594
175.825,0,685.474
219.747,0,634.374
237.379,0,656.933
222.738,0,673.967
185.538,0,708.632
173.887,0,765.259
144.007,0,791.407
209.293,0,706.838
243.36,0,736.119
256.064,0,798.87
198.982,0,675.761
73
63,0,-703.5
199.569,0,597.397
201.125,0,636.778
177.631,0,645.594
146.513,0,662.601
171.252,0,685.289
216.995,0,636.151
233.798,0,659.153
226.174,0,667.342
180.12,0,708.604
174.674,0,771.927
143.246,0,781.057
203.925,0,707.664
237.221,0,745.791
247.334,0,800.611
194.746,0,676.472
74
66,0,-704.5
199.29,0,601.179
201.465,0,633.105
178.241,0,642.706
147.638,0,660.829
173.582,0,691.135
217.855,0,640.006
235.332,0,662.871
227.953,0,671.393
175.213,0,715.079
179.565,0,778.931
147.33,0,773.109
198.982,0,713.46
233.393,0,751.207
245.667,0,814.519
196.262,0,673.552
75
73,0,-703.5
200.875,0,600.874
196.413,0,633.094
173.729,0,643.474
144.046,0,662.543
170.959,0,691.38
212.946,0,639.246
231.17,0,661.085
225.017,0,677.618
181.339,0,714.065
180.26,0,777.658
139.352,0,766.199
204.869,0,711.528
225.63,0,756.898
232.395,0,819.645
192.798,0,673.156
76
78,0,-704.5
203.504,0,595.511
198.329,0,635.688
175.104,0,645.264
145.053,0,671.241
170.48,0,693.367
214.73,0,642.513
232.232,0,665.189
224.857,0,673.665
180.056,0,716.593
184.457,0,779.996
143.73,0,766.896
203.832,0,714.942
222.984,0,761.394
227.386,0,824.797
193.155,0,675.866
77
86,0,-705.5
198.38,0,599.817
193.563,0,632.216
171.509,0,650.304
141.596,0,669.147
168.213,0,698.525
210.801,0,646.527
228.8,0,668.749
221.702,0,677.415
177.592,0,713.591
184.437,0,784.789
142.863,0,764.834
201.168,0,711.325
214.35,0,765.946
213.335,0,837.899
190.268,0,680.437
78
90,0,-706.5
200.25,0,602.749
194.875,0,635.281
172.379,0,653.129
141.959,0,671.61
168.278,0,701.61
211.359,0,641.989
229.118,0,664.647
222.468,0,681.229
178.113,0,724.9
191.134,0,788.064
149.605,0,767.305
201.884,0,723.001
214.267,0,778.19
203.518,0,843.253
190.774,0,683.761
79
90,0,-707.5
195.185,0,604.401
190.585,0,644.933
175.316,0,654.253
144.778,0,672.893
163.418,0,703.431
215.173,0,650.882
232.465,0,665.476
225.842,0,682.094
173.412,0,726.671
194.075,0,781.123
160.841,0,767.877
197.327,0,724.648
210.018,0,779.775
191.498,0,845.57
185.984,0,685.465
80
98,0,-708.5
194.465,0,607.089
189.024,0,639.032
166.369,0,656.618
135.74,0,674.848
161.562,0,696.385
213.58,0,644.92
239.401,0,666.457
224.72,0,683.397
172.069,0,727.037
199.791,0,772.047
167.262,0,766.805
195.991,0,725.101
201.691,0,795.521
173.596,0,845.049
184.851,0,686.624
81
102,0,-709.5
188.456,0,607.077
184.131,0,647.61
161.37,0,657.636
131.487,0,676.319
157.044,0,698.169
208.289,0,653.522
233.147,0,667.403
218.905,0,684.713
168.359,0,737.331
203.133,0,774.434
164.033,0,777.863
183.999,0,735.959
189.59,0,799.714
162.504,0,850.274
180.504,0,696.112
82
109,0,-709.5
194.593,0,614.233
189.629,0,646.646
166.486,0,656.825
136.128,0,675.673
154.307,0,697.907
214.272,0,652.297
238.914,0,657.948
224.486,0,675.286
166.021,0,736.725
208.842,0,764.61
178.485,0,783.458
181.949,0,735.216
187.949,0,798.532
152.627,0,849.793
178.2,0,695.643
83
117,0,-711.5
187.645,0,610.995
186.392,0,651.523
162.728,0,655.529
132.504,0,668.708
152.261,0,689.553
211.382,0,655.356
236.372,0,659.188
223.251,0,677.536
169.437,0,743.087
211.53,0,752.088
186.613,0,796.621
183.886,0,732.578
178.725,0,797.957
145.921,0,843.826
178.578,0,701.224
84
119,0,-711.5
186.95,0,608.174
182.409,0,648.466
159.184,0,658.457
127.989,0,669.138
153.958,0,690.828
207.005,0,654.316
239.572,0,659.475
225.003,0,676.696
166.043,0,737.66
215.236,0,749.36
188.156,0,807.563
189.954,0,735.59
171.53,0,801.023
135.108,0,844.076
178.554,0,696.678
85
120,0,-712.5
184.989,0,607.203
179.839,0,647.659
156.603,0,657.298
125.436,0,667.489
150.897,0,689.773
203.631,0,646.001
236.467,0,659.752
221.718,0,676.818
170.095,0,736.552
210.861,0,749.75
199.449,0,814.7
185.401,0,727.466
166.614,0,800.949
129.741,0,843.616
183.176,0,695.543
86
125,0,-712.5
186.604,0,604.043
180.92,0,644.19
157.42,0,653.517
125.935,0,663.307
151.276,0,685.727
204.879,0,642.8
237.747,0,656.82
222.694,0,673.62
170.012,0,732.42
218.852,0,745.513
215.01,0,817.406
185.985,0,731.493
165.709,0,796.376
128.078,0,838.377
183.682,0,691.81
87
132,0,-711.5
185.427,0,606.979
180.114,0,647.176
148.186,0,649.324
125.307,0,666.8
150.854,0,688.985
204.06,0,645.565
237.055,0,659.282
222.158,0,676.22
169.486,0,727.571
218.979,0,748.145
223.782,0,819.534
193.432,0,725.96
165.773,0,791.565
120.55,0,834.447
182.782,0,686.837
88
140,0,-711.5
177.77,0,598.085
179.094,0,638.063
147.577,0,647.112
116.589,0,672.152
149.166,0,695.086
203.196,0,645.269
235.508,0,660.208
220.147,0,676.725
166.382,0,734.537
214.85,0,756.945
233.125,0,828.379
190.219,0,733.747
160.29,0,790.77
121.886,0,832.064
180.948,0,694.033
89
144,0,-709
178.558,0,595.902
178.403,0,635.652
146.542,0,651.428
114.68,0,667.203
146.387,0,691.177
202.222,0,643.694
233.96,0,659.718
217.998,0,675.556
170.082,0,731.02
217.657,0,763.005
241.228,0,834.648
193.931,0,731.113
161.884,0,794.588
114.091,0,818.252
178.186,0,691.301
90
152,0,-708
179.568,0,596.518
178.567,0,635.773
146.762,0,650.675
114.757,0,673.427
145.56,0,697.781
201.92,0,644.225
232.723,0,668.58
216.821,0,676.031
168.312,0,729.786
214.417,0,770.244
236.168,0,841.505
192.066,0,722.536
166.71,0,792.595
119.203,0,807.096
177.365,0,682.88
91
157,0,-707
178.633,0,598.981
178.441,0,638.981
146.403,0,646.828
114.25,0,678.674
146.135,0,702.827
202.403,0,647.096
226.287,0,671.21
218.211,0,687.172
170.02,0,726.942
209.752,0,783.133
241.406,0,855.285
194.02,0,727.057
169.637,0,806.941
121.638,0,806.711
178.211,0,686.98
92
163,0,-706
180.465,0,599.474
179.42,0,638.995
147.013,0,653.957
114.396,0,676.824
145.758,0,701.383
203.202,0,647.534
226.357,0,679.786
218.151,0,687.479
322.742,0,666.517
305.493,0,713.519
229.753,0,853.89
338.736,0,666.94
337.481,0,714.365
336.227,0,761.791
331.576,0,635.112
93
168,0,-708
183.894,0,597.173
319.846,0,600.77
142.427,0,652.095
117.589,0,683.449
148.943,0,708.287
335.629,0,609.191
334.783,0,641.179
221.341,0,694.197
310.156,0,664.536
292.892,0,712.096
315.826,0,752.717
326.151,0,664.959
324.881,0,712.943
323.612,0,760.926
181.355,0,693.139
94
170,0,-709
294.279,0,571.139
180.414,0,640.151
148.002,0,655.299
115.167,0,686.441
146.521,0,711.279
203.983,0,656.78
324.364,0,643.96
218.919,0,697.189
299.737,0,667.317
282.473,0,714.877
305.407,0,755.497
315.732,0,667.74
314.462,0,715.723
313.193,0,763.706
308.581,0,635.539
95
170,0,-708
284.5,0,570.141
291.651,0,602.341
146.22,0,654.513
113.385,0,685.655
144.739,0,710.493
202.2,0,655.994
314.584,0,642.962
216.925,0,704.401
281.961,0,666.107
272.694,0,713.879
287.63,0,754.288
305.952,0,666.742
296.685,0,714.514
295.416,0,762.497
176.939,0,703.343
96
172,0,-708
184.875,0,601.815
175.609,0,649.586
151.405,0,656.949
110.573,0,687.88
141.927,0,712.718
199.389,0,658.218
222.534,0,690.842
222.322,0,698.839
173.069,0,745.553
195.157,0,818.162
276.821,0,756.301
197.273,0,738.19
219.36,0,810.8
284.607,0,764.509
279.995,0,636.343
97
177,0,-708
253.364,0,568.127
181.195,0,647.975
149.161,0,663.907
109.111,0,687.822
149.06,0,711.907
285.279,0,608.194
285.212,0,640.194
253.178,0,656.126
253.161,0,664.126
245.06,0,712.109
260.958,0,760.143
277.161,0,664.177
228.857,0,808.075
276.958,0,760.177
181.077,0,703.974
98
181,0,-708
240.435,0,563.974
176.993,0,651.84
240.35,0,603.974
113.67,0,683.707
145.23,0,715.773
200.697,0,659.89
271.894,0,644.041
224.317,0,707.94
240.232,0,659.974
184.529,0,827.857
240.029,0,755.974
192.605,0,747.874
255.928,0,716.007
255.827,0,764.007
176.875,0,707.84
99
183,0,-708
228.304,0,567.018
236.237,0,599.035
156.102,0,662.866
108.051,0,686.765
148.001,0,710.849
204.102,0,662.967
228.051,0,687.018
220.119,0,655.001
228.102,0,663.018
220,0,711.001
227.899,0,759.018
244.102,0,663.052
243.832,0,791.052
243.882,0,767.052
236.169,0,631.035
100
186,0,-709
183.236,0,604.882
223.253,0,596.967
207.236,0,604.933
111.067,0,684.73
143.016,0,708.798
207.118,0,660.933
247.151,0,645.017
231.016,0,708.984
166.932,0,748.848
166.763,0,828.848
134.645,0,884.78
190.932,0,748.899
246.864,0,781.017
198.763,0,828.916
183.033,0,700.882
101
190,0,-710.5
183.354,0,604.751
183.27,0,644.546
159.361,0,660.414
111.578,0,676.232
143.344,0,708.136
207.128,0,652.556
230.936,0,684.443
230.902,0,700.361
167.135,0,747.982
159.025,0,819.598
127.074,0,875.245
191.01,0,748.032
246.668,0,772.028
214.7,0,835.634
183.152,0,700.261
102
197,0,-710.5
185.131,0,595.156
178.67,0,643.371
155.226,0,652.075
116.471,0,677.244
149.005,0,708.286
202.593,0,650.659
227.232,0,681.937
227.71,0,697.93
165.749,0,739.8
152.35,0,820.236
114.551,0,877.391
197.566,0,746.853
245.65,0,769.426
232.012,0,841.866
180.343,0,699.346
103
203,0,-710.5
186.361,0,592.931
179.832,0,640.903
164.159,0,649.334
117.138,0,674.628
149.912,0,705.499
203.937,0,648.145
228.755,0,679.254
237.186,0,694.928
166.774,0,736.846
153.241,0,816.878
106.934,0,866.038
190.641,0,736.133
255.237,0,766.053
249.659,0,845.847
181.497,0,696.592
104
212,0,-710.5
184.394,0,596.415
177.984,0,644.628
162.534,0,653.093
115.946,0,670.493
140.196,0,693.779
201.517,0,643.925
226.006,0,675.207
234.567,0,698.962
165.163,0,741.054
151.864,0,821.487
98.1492,0,863.11
188.696,0,740.351
252.407,0,770.461
254.797,0,850.425
179.418,0,692.606
105
219,0,-709.5
184.365,0,596.303
186.833,0,643.994
163.276,0,653.182
116.162,0,671.559
141.364,0,694.165
210.801,0,642.754
236.825,0,681.257
237.647,0,697.154
167.799,0,740.617
155.933,0,820.929
101.652,0,855.616
191.767,0,739.377
257.738,0,775.813
269.839,0,854.885
181.311,0,692.099
106
227,0,-708.5
120.307,0,561.853
129.198,0,593.586
113.711,0,602.084
114.731,0,634.068
99.4989,0,650.561
145.195,0,601.08
226.455,0,678.529
234.836,0,694.27
123.367,0,657.804
109.41,0,714.278
103.324,0,770.5
139.364,0,665.298
140.894,0,713.274
271.929,0,869.177
130.473,0,633.566
107
238,0,-707.5
194.453,0,589.293
115.293,0,591.817
99.7142,0,600.246
100.725,0,631.944
150.495,0,701.751
212.054,0,644.26
148.474,0,638.354
237.571,0,698.974
109.652,0,663.39
95.336,0,711.442
89.189,0,767.167
191.339,0,740.111
127,0,710.433
128.769,0,765.904
116.557,0,631.44
108
246,0,-706.5
90.0125,0,564.768
98.95,0,596.5
83.3699,0,605.001
84.3898,0,636.984
149.77,0,698.932
211.58,0,648.937
131.895,0,635.47
100.735,0,652.471
93.0723,0,660.72
79.022,0,717.196
72.6343,0,765.424
108.907,0,660.215
110.692,0,716.186
120.14,0,763.909
99.9699,0,628.484
109
258,0,-704.5
73.8022,0,565.329
186.649,0,641.771
67.1987,0,605.56
124.387,0,667.769
45.0936,0,654.289
98.7121,0,604.555
115.489,0,636.036
243.837,0,703.98
68.9836,0,661.532
62.8901,0,717.754
56.5416,0,765.981
92.8736,0,668.774
239.273,0,808.179
103.812,0,764.474
83.9753,0,637.041
110
267,0,-704.5
57.8656,0,559.625
66.7954,0,591.071
51.21,0,599.501
44.3018,0,631.451
28.9691,0,647.806
219.279,0,649.669
99.9878,0,637.608
68.817,0,654.467
53.2316,0,662.897
46.8288,0,710.697
40.6786,0,766.421
76.9888,0,662.139
240.424,0,815.58
88.1929,0,764.906
189.119,0,698.227
111
276,0,-702.5
203.439,0,594.826
196.96,0,642.629
35.5246,0,600.181
28.5395,0,632.134
159.001,0,707.3
221.2,0,649.788
84.7638,0,638.274
53.2854,0,655.143
37.5462,0,663.577
211.273,0,840.487
24.8395,0,767.106
53.5381,0,663.067
63.0502,0,710.36
72.8151,0,765.577
44.5314,0,631.624
112
289,0,-702.5
199.971,0,591.134
193.857,0,646.857
170.461,0,655.536
131.805,0,680.567
164.347,0,711.259
50.4505,0,603.835
67.2269,0,635.03
44.3367,0,659.558
20.6883,0,660.312
14.5744,0,716.035
0.32504,0,764.085
36.4539,0,659.809
46.1056,0,715.03
55.5045,0,762.326
27.813,0,636.287
113
293,0,-704
200.502,0,595.989
194.135,0,643.788
170.992,0,660.391
132.337,0,685.422
164.626,0,708.19
225.919,0,650.707
242.948,0,689.827
251.589,0,713.349
174.277,0,763.41
231.731,0,832.972
168.164,0,819.133
197.926,0,762.656
231.731,0,832.972
179.331,0,921.901
196.157,0,707.184
114
303,0,-703
202.674,0,597.404
204.443,0,652.876
172.712,0,661.821
141.486,0,686.614
166.232,0,709.623
228.683,0,660.036
245.686,0,691.224
254.44,0,714.743
184.245,0,772.509
249.982,0,825.941
178.018,0,828.236
183.993,0,764.585
210.76,0,850.99
165.059,0,923.841
190.473,0,716.782
115
313,0,-704
207.72,0,601.48
201.349,0,649.279
170.307,0,666.134
147.657,0,698.587
163.937,0,713.933
225.263,0,656.449
250.187,0,695.317
258.832,0,718.84
181.479,0,768.902
261.864,0,813.934
147.099,0,928.65
197.253,0,768.399
199.78,0,847.644
154.733,0,920.474
195.484,0,712.927
116
325,0,-703
207.978,0,604.073
201.621,0,652.3
170.329,0,661.302
147.943,0,702.036
163.972,0,709.529
233.424,0,659.29
250.218,0,690.771
258.869,0,714.507
189.672,0,772.742
269.816,0,810.207
207.996,0,852.199
205.446,0,772.239
192.222,0,852.702
139.053,0,918.43
203.661,0,716.268
117
334,0,-703
210.671,0,602.155
204.205,0,650.386
180.727,0,667.142
158.015,0,707.887
174.006,0,707.377
236.444,0,657.362
261.452,0,688.58
270.213,0,712.313
191.783,0,762.839
273.017,0,800.269
227.082,0,865.766
216.026,0,770.07
194.333,0,842.798
132.66,0,916.801
206.245,0,714.353
118
345,0,-702
208.038,0,592.899
209.807,0,648.371
178.433,0,657.304
164.136,0,705.355
187.856,0,704.599
241.687,0,655.287
266.417,0,686.228
275.082,0,709.75
189.877,0,767.995
277.862,0,796.92
248.509,0,869.249
213.598,0,767.239
184.498,0,847.493
123.266,0,912.906
211.829,0,711.767
119
357.5,0,-700
218.681,0,597.573
212.201,0,645.375
180.723,0,662.244
166.247,0,710.301
189.982,0,701.612
244.438,0,652.28
269.436,0,683.213
277.938,0,698.807
200,0,764.753
288.966,0,793.647
267.758,0,881.582
215.992,0,764.243
186.535,0,844.509
124.336,0,902.02
214.223,0,708.771
120
366.5,0,-697.5
220.691,0,593.594
214.536,0,649.319
183.09,0,658.254
169.01,0,714.232
192.278,0,697.624
246.234,0,648.308
278.943,0,678.996
287.625,0,702.516
202.224,0,760.768
282.733,0,797.864
285.513,0,885.034
233.922,0,759.757
189.155,0,848.443
119.35,0,898.265
216.304,0,704.791
121
376.5,0,-697.5
224.944,0,599.53
218.536,0,647.33
195.015,0,656.013
181.187,0,719.915
204.203,0,695.383
250.486,0,654.244
282.943,0,677.007
299.297,0,692.35
206.224,0,758.779
287.239,0,811.724
297.943,0,898.641
230.251,0,765.946
201.079,0,846.202
122.845,0,880.427
220.557,0,710.726
122
391.5,0,-695.5
228.682,0,595.583
222.273,0,643.383
198.752,0,652.065
192.849,0,715.715
215.865,0,691.183
254.224,0,650.297
286.68,0,673.059
303.035,0,688.403
210.215,0,762.756
283.557,0,823.878
302.186,0,910.543
233.988,0,761.998
205.323,0,858.104
134.254,0,868.302
224.295,0,706.779
123
403.5,0,-694.5
230.051,0,590.398
224.317,0,646.168
201.175,0,662.95
203.362,0,718.407
225.567,0,677.857
256.319,0,652.84
288.634,0,667.435
313.026,0,682.342
221.395,0,773.239
216.911,0,860.698
145.609,0,863.511
237.24,0,772.614
286.962,0,826.195
298.635,0,920.952
226.817,0,709.547
124
414.5,0,-694.5
237.299,0,599.576
229.562,0,647.179
205.808,0,655.203
213.96,0,710.671
245.514,0,670.901
261.308,0,654.98
293.085,0,670.71
324.831,0,678.511
222.143,0,774.067
230.454,0,869.177
159.066,0,861.536
238,0,774.003
285.826,0,837.24
294.137,0,932.35
229.849,0,718.536
125
430.5,0,-693
240.91,0,597.511
234.975,0,645.798
211.872,0,662.769
229.702,0,710.071
251.812,0,669.121
259.071,0,652.807
299.342,0,667.152
331.692,0,681.826
224.429,0,774.345
244.577,0,877.599
172.619,0,864.566
232.351,0,774.016
283.193,0,851.979
279.244,0,948.225
230.033,0,718.064
126
439.5,0,-692
242.09,0,599.091
236.161,0,646.757
213.145,0,663.517
246.339,0,701.658
260.157,0,653.666
260.484,0,661.556
308.15,0,667.485
340.363,0,681.957
233.501,0,773.32
276.545,0,858.474
264.361,0,945.915
249.28,0,772.667
276.545,0,858.474
264.034,0,938.025
239.103,0,717.765
127
458.5,0,-693
248.333,0,603.074
242.741,0,658.87
227.29,0,667.448
260.162,0,697.838
273.972,0,649.639
258.849,0,666.141
314.078,0,663.853
345.965,0,670.47
231.886,0,778.388
275.274,0,871.844
246.669,0,944.47
255.555,0,777.407
283.164,0,871.517
195.719,0,859.264
245.367,0,722.264
128
477.5,0,-693
248.559,0,609.949
250.52,0,657.287
234.998,0,665.834
275.6,0,687.862
289.487,0,639.866
274.619,0,664.192
314.567,0,670.441
362.113,0,668.471
239.574,0,776.291
275.193,0,869.655
238.513,0,942.304
263.346,0,775.306
298.966,0,868.67
219.396,0,864.063
253.134,0,720.405
129
484.5,0,-695.5
258.744,0,605.974
527.65,0,610.641
503.981,0,611.621
505.288,0,643.18
299.174,0,628.009
285.028,0,668.112
324.477,0,666.477
363.926,0,664.843
514.159,0,666.523
499.36,0,690.846
217.243,0,939.633
529.938,0,665.869
316.542,0,856.486
517.1,0,737.531
521.068,0,642.527
130
496.5,0,-697.5
501.957,0,579.328
503.273,0,611.085
487.481,0,611.739
488.796,0,643.496
305.872,0,619.262
527.289,0,618.043
528.276,0,641.86
529.263,0,665.678
497.35,0,659.047
482.873,0,691.458
200.588,0,941.734
513.471,0,666.332
331.202,0,848.843
500.639,0,738.438
504.259,0,634.902
131
513.5,0,-696.5
486.621,0,581.728
487.942,0,613.597
472.147,0,614.251
473.137,0,638.153
321.767,0,612.5
503.736,0,612.943
512.954,0,644.484
513.944,0,668.386
474.127,0,662.055
253.686,0,878.689
468.87,0,726.119
497.819,0,661.073
339.236,0,843.222
485.325,0,741.399
488.932,0,637.499
132
527.5,0,-699.5
470.324,0,587.281
471.314,0,611.182
455.464,0,611.839
456.784,0,643.708
328.339,0,609.124
495.418,0,618.165
496.408,0,642.066
497.398,0,665.968
465.369,0,659.314
450.84,0,691.839
452.16,0,723.708
481.549,0,666.624
474.944,0,698.822
468.67,0,738.986
472.304,0,635.084
133
539.5,0,-699.5
454.968,0,580.278
456.288,0,612.147
440.468,0,612.802
441.458,0,636.704
336.98,0,601.127
472.108,0,611.491
481.338,0,643.032
482.328,0,666.934
450.358,0,660.277
435.859,0,692.802
437.179,0,724.67
466.178,0,659.622
459.918,0,699.786
445.419,0,732.31
457.278,0,636.048
134
548.5,0,-701.5
437.85,0,587.069
444.769,0,611.298
421.042,0,610.315
419.722,0,642.184
342.285,0,599.072
460.586,0,611.953
459.266,0,643.822
443.448,0,643.167
434.879,0,658.773
417.742,0,689.987
424.33,0,722.183
450.697,0,659.429
441.468,0,690.97
431.579,0,738.445
443.778,0,635.199
135
561.5,0,-704
421.737,0,586.592
428.069,0,611.005
412.133,0,609.912
354.179,0,637.91
417.919,0,642.28
444.004,0,612.097
369.023,0,654.913
448.699,0,660.376
416.829,0,658.191
406.679,0,689.466
412.466,0,721.833
440.731,0,659.829
430.582,0,691.104
419.342,0,738.29
426.432,0,634.871
136
568.5,0,-702.5
409.852,0,583.673
407.537,0,607.483
390.999,0,613.887
357.924,0,626.693
420.215,0,640.763
422.53,0,616.953
379.257,0,652.803
433.665,0,666.106
394.251,0,662.273
384.052,0,685.316
388.848,0,717.829
417.899,0,664.573
406.929,0,695.552
403.07,0,735.235
404.449,0,639.23
137
582.5,0,-704.5
388.572,0,584.299
389.704,0,608.194
382.142,0,616.535
358.702,0,625.628
364,0,569.497
405.96,0,615.407
407.092,0,639.302
416.163,0,662.822
384.029,0,656.361
369.659,0,688.973
371.168,0,720.834
400.284,0,663.574
393.854,0,695.81
387.801,0,736.012
391.213,0,640.054
138
593.5,0,-703.5
323.174,0,594.889
328.882,0,642.901
362.247,0,612.654
370.212,0,613.031
364.503,0,565.019
394.107,0,614.163
392.603,0,645.919
654.768,0,841.347
367.956,0,660.666
309.26,0,888.638
356.983,0,723.802
391.851,0,661.798
382.382,0,693.177
372.537,0,732.496
377.049,0,637.226
139
606.5,0,-703.5
331.882,0,596.001
335.394,0,640.972
325.03,0,653.093
377.731,0,603.731
368.158,0,553.578
358.758,0,650.458
403.729,0,646.946
440.883,0,615.765
334.689,0,776.763
332.228,0,890.068
362.098,0,548.395
328.629,0,771.58
381.503,0,869.252
377.285,0,960.072
335.481,0,714.489
140
618.5,0,-703.5
361.251,0,598.685
342.278,0,645.413
325.853,0,652.351
372.493,0,597.807
349.13,0,588.321
365.641,0,654.899
409.734,0,640.144
440.828,0,603.781
335.512,0,776.021
350.354,0,893.631
362.042,0,536.411
335.512,0,776.021
383.204,0,879.754
360.805,0,955.027
342.364,0,718.929
141
626.5,0,-702.5
317.274,0,593.769
343.154,0,636.882
367.317,0,657.544
362.166,0,590.189
357.016,0,522.834
361.276,0,652.379
410.492,0,631.512
435.545,0,589.984
342.231,0,772.487
373.261,0,882.956
345.601,0,964.222
331.008,0,773.382
382.767,0,859.609
344.743,0,952.996
343.98,0,721.524
142
637.5,0,-703.5
313.8,0,577.821
363.876,0,641.556
300.054,0,618.355
296.64,0,646.808
287.184,0,670.096
381.123,0,645.847
418.156,0,614.768
437.943,0,579.399
308.721,0,657.139
294.1,0,686.467
296.726,0,720.085
331.133,0,655.388
317.387,0,695.923
314.848,0,735.582
318.176,0,633.851
143
646.5,0,-703.5
301.99,0,580.585
298.575,0,609.038
282.204,0,615.954
278.789,0,644.407
269.333,0,667.694
315.822,0,613.328
323.613,0,640.906
325.364,0,663.318
290.87,0,654.737
276.249,0,684.066
278.875,0,717.684
308.117,0,659.028
299.537,0,693.521
296.997,0,733.18
300.326,0,631.45
144
655.5,0,-704
281.067,0,578.981
283.752,0,612.65
272.526,0,613.508
263.985,0,648.035
254.549,0,671.34
301.038,0,616.973
308.889,0,644.602
310.679,0,667.048
276.106,0,658.4
261.505,0,687.745
270.25,0,726.596
298.558,0,656.683
290.017,0,691.211
282.371,0,736.961
285.542,0,635.096
145
662.5,0,-704
265.858,0,586.878
267.575,0,609.33
251.17,0,616.286
247.704,0,644.798
238.198,0,668.144
284.839,0,613.6
292.596,0,641.218
432.487,0,551.002
259.786,0,655.128
239.915,0,690.596
253.713,0,723.379
277.049,0,659.399
268.402,0,693.971
260.612,0,739.77
264.11,0,637.842
146
670.5,0,-705
249.356,0,584.878
257.113,0,612.495
234.667,0,614.285
231.202,0,642.798
216.513,0,672.205
268.336,0,611.6
270.912,0,645.278
432.389,0,542.046
244.142,0,664.354
223.412,0,688.596
237.211,0,721.379
266.588,0,662.564
257.94,0,697.137
244.11,0,737.77
253.648,0,641.008
147
680.5,0,-705
234.455,0,582.47
237.089,0,616.199
219.786,0,611.894
217.238,0,651.683
207.752,0,675.047
254.393,0,620.503
256.149,0,642.988
429.008,0,538.996
229.359,0,662.048
214.69,0,691.472
217.325,0,725.2
251.845,0,660.291
243.236,0,694.898
229.446,0,735.565
238.846,0,638.684
148
683.5,0,-703
218.813,0,586.607
226.63,0,614.275
204.144,0,616.031
200.718,0,644.577
191.232,0,667.941
237.872,0,613.397
240.507,0,647.125
242.263,0,669.611
218.9,0,660.124
192.988,0,690.426
206.865,0,723.276
230.142,0,659.246
227.594,0,699.035
213.804,0,739.701
223.204,0,642.821
149
690.5,0,-702.5
205.578,0,589.757
207.368,0,612.203
190.977,0,619.102
187.601,0,647.589
178.165,0,670.893
224.654,0,616.527
226.444,0,638.973
426.515,0,527.698
199.722,0,657.954
179.955,0,693.339
193.866,0,726.15
217.008,0,662.278
208.467,0,696.805
200.822,0,742.555
203.992,0,640.69
150
702.5,0,-702.5
188.023,0,589.555
189.773,0,611.968
173.402,0,618.884
169.987,0,647.337
160.531,0,670.624
207.02,0,616.258
214.811,0,643.835
216.562,0,666.248
182.068,0,657.667
162.282,0,693.036
176.114,0,725.779
199.315,0,661.958
190.735,0,696.451
183.029,0,742.151
197.564,0,639.545
151
710.5,0,-702
172.789,0,582.155
175.424,0,615.883
158.999,0,622.822
155.573,0,651.368
146.086,0,674.731
192.727,0,620.188
200.544,0,647.855
422.677,0,523.048
167.693,0,661.732
147.842,0,697.217
161.719,0,730.067
184.997,0,666.037
176.388,0,700.643
168.658,0,746.492
177.18,0,638.369
152
720.5,0,-700
159.967,0,589.48
161.757,0,611.926
145.366,0,618.825
141.99,0,647.312
327.255,0,492.002
179.043,0,616.25
181.728,0,649.919
183.518,0,672.365
148.946,0,663.717
134.345,0,693.062
148.255,0,725.872
171.398,0,662
162.857,0,696.527
155.211,0,742.278
158.382,0,640.412
153
728.5,0,-699
139.17,0,588.856
146.986,0,616.523
130.561,0,623.462
127.135,0,652.008
112.466,0,681.432
164.289,0,620.828
166.046,0,643.313
168.68,0,677.041
134.074,0,668.433
119.405,0,697.857
133.282,0,730.707
156.559,0,666.677
147.951,0,701.283
140.221,0,747.132
143.56,0,645.069
154
739.5,0,-699.5
126.524,0,587.692
129.209,0,621.361
111.923,0,617.037
114.608,0,650.706
100.007,0,680.051
151.661,0,619.644
154.346,0,653.313
156.136,0,675.759
121.563,0,667.111
106.962,0,696.456
114.812,0,724.085
144.015,0,665.395
135.474,0,699.922
127.828,0,745.672
130.999,0,643.807
155
750.5,0,-698
115.465,0,594.095
117.222,0,616.58
100.797,0,623.519
97.3705,0,652.065
82.7017,0,681.489
134.525,0,620.885
137.159,0,654.613
419.811,0,508.112
104.309,0,668.49
89.6403,0,697.914
98.3351,0,736.824
126.795,0,666.734
118.186,0,701.34
110.456,0,747.189
113.796,0,645.126
156
763,0,-695.5
100.178,0,595.151
101.934,0,617.636
85.5094,0,624.575
82.0834,0,653.121
67.4146,0,682.545
119.238,0,621.941
121.872,0,655.669
123.628,0,678.154
89.0219,0,669.546
74.3531,0,698.97
83.0479,0,737.88
111.507,0,667.79
102.899,0,702.396
95.1688,0,748.245
98.5084,0,646.182
157
772.5,0,-694.5
86.7311,0,592.598
89.4247,0,626.377
66.8997,0,628.1
63.5132,0,656.679
54.0464,0,680.06
100.687,0,625.516
108.563,0,653.234
110.359,0,675.754
75.6735,0,667.078
55.8421,0,702.579
69.7982,0,735.497
99.0963,0,676.615
90.5274,0,711.255
76.7762,0,751.955
91.2204,0,648.896
158
788.5,0,-695.5
74.5325,0,593.763
71.1165,0,622.215
54.7455,0,629.131
51.3296,0,657.583
41.8735,0,680.87
88.3623,0,626.504
96.152,0,654.08
97.9014,0,676.492
63.4099,0,667.913
43.623,0,703.282
57.4528,0,736.023
80.6557,0,672.202
72.0743,0,706.695
64.3677,0,752.394
72.866,0,644.626
159
797.5,0,-697.5
57.9427,0,596.271
54.4179,0,624.733
43.2246,0,625.653
34.5175,0,660.175
24.9816,0,683.496
71.6224,0,628.952
79.291,0,656.494
80.9486,0,678.895
46.5396,0,670.455
26.6392,0,705.897
40.3189,0,738.579
63.7441,0,674.675
55.037,0,709.197
47.1587,0,754.919
56.0755,0,647.134
160
809.5,0,-698.5
43.1159,0,598.503
39.6504,0,627.016
28.4274,0,627.911
24.9618,0,656.423
10.2733,0,685.83
62.0963,0,625.226
64.6715,0,658.903
66.3882,0,681.355
31.8609,0,672.814
17.1723,0,702.221
25.7882,0,741.064
54.3069,0,671.024
40.4767,0,711.657
32.6873,0,757.455
41.3671,0,649.467
161
820,0,-698.5
30.6413,0,596.432
27.2153,0,624.978
10.7902,0,631.917
7.36417,0,660.463
3.05999,0,677.766
44.5184,0,629.282
52.3351,0,656.95
54.0914,0,679.435
19.485,0,670.827
5.69436,0,711.494
8.32872,0,745.222
36.7882,0,675.131
34.2403,0,714.92
20.4496,0,755.587
29.8496,0,658.706
162
832,0,-698
391.409,0,545.059
369.957,0,579.599
356.896,0,591.737
354.072,0,531.074
423.126,0,505.849
34.9268,0,632.926
34.0032,0,658.125
40.547,0,686.121
418.534,0,699.975
500.65,0,662.611
509.119,0,844.599
25.6122,0,680.527
11.6273,0,717.864
5.10977,0,757.998
399.853,0,658.917
163
840,0,-700.5
345.076,0,538.862
363.61,0,579.774
358.031,0,594.669
347.865,0,531.414
327.487,0,472.826
368.244,0,590.002
399.828,0,550.877
416.565,0,506.191
419.214,0,702.511
496.282,0,654.945
532.358,0,829.816
419.214,0,702.511
492.5,0,755.439
500.869,0,733.096
396.046,0,651.371
164
851,0,-703.5
374.931,0,543.576
360.983,0,580.815
355.404,0,595.71
345.238,0,532.455
329.494,0,484.095
375.83,0,586.376
397.201,0,551.918
421.362,0,510.012
416.587,0,703.552
496.445,0,648.538
548.313,0,803.846
419.376,0,696.104
507.509,0,754.592
508.454,0,729.469
393.419,0,652.411
165
859,0,-704
346.659,0,537.562
361.272,0,581.45
362.128,0,592.646
351.827,0,531.518
331.19,0,482.478
356.104,0,587.495
404.332,0,555.486
331.19,0,482.478
409.426,0,695.876
495.545,0,643.947
512.724,0,721.422
425.787,0,688.938
495.545,0,643.947
512.724,0,721.422
394.813,0,651.987
166
864,0,-704.5
328.755,0,548.781
347.729,0,583.719
351.644,0,594.261
349.836,0,540.944
416.394,0,510.204
362.185,0,590.342
396.517,0,553.585
330.26,0,488.235
426.334,0,698.467
488.374,0,639.413
508.553,0,709.894
447.416,0,690.63
488.374,0,639.413
512.468,0,720.436
392.904,0,656.906
167
872,0,-704.5
325.289,0,548.855
348.044,0,594.17
348.044,0,594.17
346.282,0,541.029
326.83,0,488.506
355.237,0,597.466
399.938,0,556.892
326.83,0,488.506
415.134,0,694.687
480.24,0,628.574
582.71,0,727.857
447.211,0,700.661
480.24,0,628.574
514.667,0,705.402
389.076,0,656.581
168
881,0,-706
324.106,0,548.187
347.202,0,593.658
343.899,0,600.866
352.496,0,543.751
332.703,0,491.071
354.463,0,596.985
396.066,0,563.714
408.622,0,517.134
422.44,0,697.908
483.86,0,621.384
579.571,0,700.126
422.44,0,697.908
483.86,0,621.384
518.832,0,698.463
384.821,0,645.783
169
886,0,-707
313.652,0,556.388
340.051,0,594.65
333.445,0,609.068
345.345,0,544.744
408.733,0,521.454
357.877,0,594.096
388.915,0,564.707
408.733,0,521.454
415.289,0,698.901
476.709,0,622.377
567.806,0,672.839
443.679,0,694.465
480.012,0,615.168
575.068,0,676.166
384.931,0,650.103
170
896,0,-706.5
313.087,0,557.886
339.176,0,596.084
332.551,0,610.545
344.642,0,546.101
397.233,0,526.457
353.587,0,602.687
337.436,0,542.799
314.659,0,497.371
416.865,0,692.916
471.029,0,612.758
519.316,0,678.622
434.589,0,692.289
471.029,0,612.758
568.014,0,648.447
383.57,0,651.417
171
902,0,-708.5
305.694,0,562.458
339.121,0,604.017
339.121,0,604.017
337.315,0,550.702
393.329,0,523.879
349.661,0,600.099
337.315,0,550.702
317.741,0,497.994
423.741,0,686.53
493.006,0,630.786
526.433,0,672.345
438.196,0,693.153
470.722,0,603.079
564.077,0,628.358
379.775,0,648.889
172
911,0,-710.5
298.302,0,573.624
334.92,0,607.845
334.92,0,607.845
343.633,0,550.783
388.963,0,527.942
345.427,0,603.937
336.429,0,547.482
313.621,0,502.143
425.865,0,675.682
462.198,0,596.386
521.025,0,658.228
429.766,0,686.191
462.198,0,596.386
551.349,0,611.067
374.84,0,634.858
173
919,0,-713.5
289.422,0,585.445
332.718,0,605.283
339.934,0,608.59
381.459,0,575.128
386.904,0,525.134
347.15,0,611.896
330.946,0,551.983
311.43,0,499.301
417.18,0,687.723
460.246,0,593.731
515.252,0,645.178
434.925,0,687.105
460.246,0,593.731
545.658,0,597.873
383.821,0,646.194
174
925,0,-716.5
290.278,0,589.457
333.916,0,609.451
337.228,0,602.221
382.884,0,579.399
312.173,0,503.26
344.501,0,605.553
331.973,0,556.073
388.215,0,529.354
433.071,0,681.127
458.278,0,587.7
513.796,0,639.382
443.657,0,677.229
458.278,0,587.7
533.026,0,578.208
392.746,0,653.902
175
933,0,-719.5
289.746,0,589.414
333.042,0,609.252
336.355,0,602.022
331.27,0,555.952
315.657,0,513.806
343.571,0,605.328
331.27,0,555.952
383.915,0,536.333
424.129,0,677.231
449.45,0,583.857
514.986,0,631.38
441.874,0,676.614
449.45,0,583.857
527.056,0,566.926
380.242,0,639.626
176
938,0,-722.5
283.555,0,593.05
330.024,0,605.619
333.327,0,598.41
331.561,0,545.269
315.996,0,503.248
340.521,0,601.707
328.258,0,552.478
387.939,0,536.212
428.03,0,676.691
438.888,0,577.001
507.529,0,617.173
441.83,0,665.57
446.083,0,580.297
545.627,0,591.018
384.276,0,639.199
177
945,0,-724.5
286.29,0,593.784
332.836,0,606.363
332.836,0,606.363
338.302,0,556.379
314.945,0,493.189
350.56,0,605.736
331.096,0,553.077
383.688,0,533.434
437.607,0,663.115
434.707,0,574.307
502.87,0,596.79
437.607,0,663.115
434.707,0,574.307
537.738,0,577.774
387.168,0,640.005
178
954,0,-726
283.314,0,599.014
330.265,0,611.778
332.93,0,586.755
331.635,0,551.17
319.107,0,501.689
336.89,0,597.317
379.233,0,581.726
384.564,0,531.681
439.359,0,661.763
436.122,0,572.8
497.618,0,592.229
439.359,0,661.763
436.122,0,572.8
498.988,0,531.621
381.175,0,635.104
179
956,0,-727
279.647,0,592.532
330.558,0,615.858
333.223,0,590.836
335.241,0,548.02
322.713,0,498.54
340.496,0,594.168
372.253,0,582.475
384.857,0,535.761
435.691,0,655.281
425.181,0,562.986
504.536,0,581.849
442.964,0,658.614
425.181,0,562.986
488.048,0,521.806
384.781,0,631.955
180
960,0,-730
280.266,0,598.049
327.217,0,610.813
316.631,0,614.711
339.173,0,546.307
323.332,0,504.057
341.115,0,599.685
331.9,0,542.975
385.476,0,541.278
442.936,0,646.338
421.84,0,557.94
489.962,0,562.909
439.623,0,653.568
421.84,0,557.94
488.02,0,509.531
370.854,0,630.807
181
963,0,-730
273.577,0,592.899
320.459,0,605.632
331.033,0,601.729
441.732,0,801.166
445.045,0,793.936
341.607,0,597.826
335.75,0,533.906
330.529,0,487.774
443.269,0,644.406
414.991,0,552.717
486.335,0,550.414
443.269,0,644.406
414.991,0,552.717
473.852,0,500.955
374.602,0,621.692
182
968,0,-731
273.615,0,586.625
324.446,0,609.915
334.384,0,588.225
345.594,0,602.109
400.507,0,539.789
341.646,0,591.552
339.737,0,538.19
334.517,0,492.058
443.307,0,638.132
415.03,0,546.444
482.424,0,533.583
443.307,0,638.132
411.717,0,553.674
345.091,0,488.155
374.641,0,615.418
183
971,0,-732
274.536,0,582.491
321.35,0,595.192
370.852,0,582.882
573.232,0,658.114
390.728,0,539.501
342.476,0,587.376
343.914,0,526.799
345.978,0,484.005
436.728,0,630.561
412.479,0,549.467
475.857,0,526.017
443.978,0,633.883
419.729,0,552.789
475.857,0,526.017
382.664,0,614.538
184
978,0,-731.5
275.794,0,576.149
315.244,0,585.476
371.86,0,576.425
563.087,0,655.295
391.736,0,533.044
343.552,0,580.95
352.286,0,523.716
350.48,0,470.401
426.969,0,627.919
410.106,0,550.209
465.518,0,505.614
437.509,0,624
413.419,0,542.979
465.518,0,505.614
376.376,0,604.738
185
983,0,-730
280.819,0,559.888
321.008,0,587.05
317.695,0,594.28
308.192,0,729.894
281.444,0,577.671
342.134,0,579.234
350.823,0,521.979
359.512,0,464.724
436.386,0,622.419
404.887,0,538.002
445.264,0,469.023
439.699,0,615.189
404.887,0,538.002
366.762,0,468.046
364.509,0,606.982
186
987,0,-730
283.163,0,547.924
319.834,0,582.223
270.733,0,708.441
389.633,0,544.219
394.588,0,800.182
340.892,0,574.375
360.178,0,513.227
365.622,0,463.234
416.956,0,617.975
403.474,0,533.065
440.505,0,471.301
434.701,0,617.357
403.474,0,533.065
440.505,0,471.301
373.66,0,598.137
187
991,0,-732
285.762,0,542.78
322.501,0,577.109
256.246,0,721.712
228.54,0,744.01
362.557,0,394.258
266.786,0,717.793
359.543,0,515.35
375.505,0,461.427
430.311,0,609.01
395.681,0,531.907
443.263,0,466.229
430.311,0,609.01
395.681,0,531.907
453.804,0,462.31
365.866,0,596.978
188
993,0,-733
285.106,0,533.87
262.897,0,716.15
349.642,0,545.944
281.301,0,733.331
379.945,0,804.772
270.136,0,719.467
366.206,0,509.793
385.469,0,448.635
426.57,0,607.435
395.161,0,523.06
424.976,0,457.989
426.57,0,607.435
395.161,0,523.06
382.156,0,455.865
365.346,0,588.131
189
999,0,-732.5
281.407,0,535.282
318.988,0,562.253
343.969,0,548.313
224.623,0,746.125
501.552,0,664.762
318.348,0,570.18
265.404,0,733.46
391.792,0,448.45
419.13,0,602.255
393.931,0,520.432
383.891,0,447.812
427.03,0,602.893
393.931,0,520.432
383.891,0,447.812
372.369,0,590.5
190
1003,0,-733.5
291.027,0,517.577
320.652,0,548.647
352.341,0,536.922
213.395,0,744.447
195.582,0,745.033
317.34,0,555.877
372.218,0,493.542
223.333,0,722.757
425.468,0,587.924
397.906,0,514.06
423.783,0,438.436
422.155,0,595.154
397.906,0,514.06
395.407,0,442.931
368.091,0,579.131
191
1007,0,-733.5
290.811,0,512.727
324.872,0,546.335
352.826,0,529.359
397.595,0,506.696
396.95,0,439.222
347.256,0,535.003
374.996,0,495.536
396.95,0,439.222
426.516,0,590.931
397.595,0,506.696
396.95,0,439.222
426.516,0,590.931
403.272,0,512.297
396.95,0,439.222
358.825,0,568.697
192
1011,0,-734.5
297.65,0,499.997
324.049,0,538.259
395.403,0,344.177
392.755,0,369.131
398.025,0,415.156
395.403,0,344.177
396.714,0,379.666
296.413,0,176.712
418.449,0,581.512
394.042,0,500.552
395.378,0,440.109
425.711,0,584.839
401.303,0,503.879
395.378,0,440.109
364.315,0,565.431
193
1016,0,-733.5
293.462,0,503.13
323.201,0,534.252
347.685,0,519.227
399.394,0,367.959
397.376,0,410.775
312.615,0,538.15
396.081,0,375.189
285.121,0,175.633
422.508,0,413.542
397.3,0,506.968
398.024,0,428.567
421.709,0,588.136
400.613,0,499.738
394.711,0,435.797
363.525,0,561.477
194
1021,0,-733.5
283.917,0,496.184
321.167,0,531.107
346.333,0,517.182
364.178,0,494.686
393.185,0,433.198
311.925,0,546.319
223.623,0,746.638
393.825,0,425.271
405.549,0,577.815
396.026,0,497.258
393.825,0,425.271
398.867,0,561.318
396.666,0,489.331
393.825,0,425.271
367.019,0,558.746
195
1025,0,-734.5
292.775,0,488.271
324.305,0,522.479
620.834,0,697.116
418.962,0,470.038
426.354,0,427.688
353.808,0,508.148
378.405,0,470.36
403.001,0,432.573
423.018,0,567.117
414.449,0,487.303
401.366,0,424.754
423.018,0,567.117
414.449,0,487.303
401.366,0,424.754
361.985,0,547.241
196
1029,0,-735.5
295.969,0,478.559
323.761,0,508.317
359.135,0,505.171
388.615,0,477.484
394.514,0,426.826
348.186,0,502.564
380.193,0,463.909
401.252,0,422.646
421.456,0,560.506
406.302,0,475.911
401.252,0,422.646
421.456,0,560.506
175.527,0,525.078
401.252,0,422.646
362.501,0,540.682
197
1033,0,-734
282.764,0,484.299
314.008,0,508.874
352.421,0,498.614
394.418,0,470.937
,,
314.008,0,508.874
372.088,0,473.61
394.007,0,420.022
436.004,0,392.346
405.584,0,469.601
394.007,0,420.022
429.755,0,387.431
405.584,0,469.601
394.007,0,420.022
362.666,0,537.026
198
1034,0,-734
285.207,0,470.795
317.796,0,506.546
343.714,0,486.458
280.711,0,527.968
288.296,0,544.052
434.74,0,679.471
226.843,0,171.935
250.512,0,180.434
407.559,0,546.792
403.135,0,462.367
397.797,0,417.696
402.642,0,553.043
403.135,0,462.367
397.797,0,417.696
353.968,0,524.878
199
1032,0,-733.5
285.629,0,465.573
312.701,0,495.623
602.279,0,531.191
572.075,0,558.587
285.698,0,545.32
603.88,0,542.34
406.753,0,714.845
245.618,0,186.832
438.284,0,379.612
404.948,0,464.456
392.178,0,415.132
438.284,0,379.612
409.715,0,458.031
392.178,0,415.132
355.674,0,517.55
200
1041,0,-736
296.009,0,459.812
324.606,0,488.661
351.24,0,471.084
406.625,0,453.622
398.003,0,411.59
346.698,0,493.17
402.237,0,446.973
237.775,0,183.284
423.868,0,537.684
413.283,0,449.227
449,0,387.479
417.209,0,542.079
413.283,0,449.227
449,0,387.479
370.908,0,515.37
201
1047,0,-735.5
294.648,0,458.623
329.669,0,483.588
349.8,0,470.644
376.642,0,453.386
397.234,0,411.656
358.901,0,455.296
365.611,0,450.982
397.234,0,411.656
461.947,0,379.544
418.834,0,445.25
448.526,0,388.173
457.627,0,372.825
423.154,0,451.969
452.846,0,394.892
364.69,0,508.553
202
1048,0,-735.5
297.94,0,441.3
326.063,0,470.288
357.187,0,459.69
411.851,0,706.969
221.29,0,189.329
357.187,0,459.69
386.456,0,431.457
402.305,0,411.852
424.427,0,520.013
419.435,0,438.495
453.56,0,388.311
424.427,0,520.013
419.435,0,438.495
453.56,0,388.311
365.179,0,501.623
203
1048,0,-734
291.518,0,449.707
322.945,0,474.354
320.746,0,503.045
371.34,0,451.477
348.612,0,545.177
304.089,0,459.566
360.132,0,452.825
425.281,0,240.317
419.424,0,519.604
421.098,0,439.808
465.407,0,383.31
419.424,0,519.604
421.098,0,439.808
459.121,0,378.381
371.866,0,502.582
204
1054,0,-736.5
297.232,0,434.521
327.008,0,472.372
362.011,0,453.244
343.373,0,535.593
357.375,0,527.942
328.531,0,624.888
311.325,0,643.311
407.22,0,419.518
247.137,0,642.306
425.608,0,436.531
,,
243.341,0,635.36
421.812,0,429.585
,,
366.989,0,495.626
205
1059,0,-735
294.927,0,436.171
328.081,0,463.567
359.914,0,455.274
341.553,0,538.131
362.555,0,526.654
359.914,0,455.274
546.817,0,680.841
161.649,0,791.191
422.391,0,503.058
430.581,0,434.863
464.264,0,380.045
422.391,0,503.058
419.75,0,431.679
468.094,0,387.055
372.066,0,494.148
206
1063,0,-735
290.075,0,432.194
325.571,0,464.505
321.837,0,504.259
340.676,0,542.985
356.787,0,525.286
381.628,0,688.145
386.827,0,444.75
386.827,0,444.75
401.387,0,511.945
419.594,0,420.638
463.103,0,384.726
418.589,0,516.816
419.594,0,420.638
463.103,0,384.726
366.437,0,490.918
207
1063,0,-735
294.156,0,425.643
327.752,0,460.549
358.576,0,449.078
337.45,0,531.145
393.904,0,444.176
354.074,0,442.509
415.723,0,419.566
387.323,0,448.686
418.841,0,494.672
440.314,0,441.333
479.45,0,385.544
418.841,0,494.672
422.304,0,415.056
479.45,0,385.544
363.426,0,484.376
208
1069,0,-735
300.386,0,430.803
330.544,0,468.806
325.058,0,508.31
340.511,0,536.221
397.97,0,458.827
354.599,0,446.372
368.558,0,438.644
394.107,0,451.849
407.19,0,508.423
443.71,0,442.621
477.114,0,387.661
484.094,0,383.797
421.278,0,418.573
480.977,0,394.639
377.778,0,488.239
209
1073,0,-734
301.528,0,413.107
324.528,0,454.653
318.924,0,493.942
341.925,0,535.488
348.904,0,531.624
352.447,0,439.197
415.262,0,404.42
381.052,0,441.453
425.679,0,489.119
445.243,0,442.102
482.599,0,394.281
414.179,0,468.346
426.075,0,407.48
482.599,0,394.281
375.447,0,480.742
210
1074,0,-734
302.771,0,416.489
333.435,0,453.717
355.12,0,440.856
378.303,0,450.439
326.703,0,437.294
313.248,0,489.022
378.303,0,450.439
338.677,0,532.271
414.95,0,492.868
420.176,0,402.273
486.729,0,386.134
414.95,0,492.868
426.159,0,407.474
492.712,0,391.335
374.567,0,478.904
211
1077,0,-733
299.643,0,414.57
326.535,0,454.067
363.989,0,438.2
252.916,0,629.443
498.503,0,394.786
320.198,0,487.286
551.001,0,330.138
333.902,0,535.763
404.328,0,497.446
454.713,0,443.871
498.503,0,394.786
315.15,0,664.146
427.82,0,404.374
498.503,0,394.786
373.211,0,480.095
212
1085,0,-732.5
300.501,0,417.008
333.997,0,452.029
364.858,0,440.655
495.41,0,689.095
339.268,0,544.82
321.071,0,489.744
430.802,0,395.755
502.004,0,684.605
405.212,0,499.921
448.999,0,450.831
499.381,0,397.251
416.29,0,502.016
428.691,0,406.83
499.381,0,397.251
374.088,0,482.56
213
1089,0,-732
308.696,0,415.712
337.561,0,453.615
356.602,0,439.114
330.895,0,708.214
498.174,0,401.166
321.795,0,485.583
436.039,0,398.581
331.62,0,537.986
411.057,0,497.453
525.098,0,370.682
504.521,0,396.333
423.548,0,448.017
429.692,0,403.414
504.521,0,396.333
374.309,0,475.534
214
1091,0,-732.5
308.989,0,421.783
338.019,0,457.856
359.611,0,438.936
336.238,0,266.1
358.894,0,255.037
359.611,0,438.936
427.577,0,405.746
151.686,0,211.059
638.315,0,297.249
434.42,0,396.821
489.292,0,445.399
545.57,0,325.79
326.457,0,491.419
341.799,0,545.344
380.735,0,476.079
215
1092.5,0,-730
307.075,0,432.093
339.767,0,460.036
281.446,0,400.442
465.009,0,475.472
489.55,0,453.566
357.245,0,441.838
434.942,0,401.044
499.238,0,403.372
422.629,0,497.724
434.942,0,401.044
485.837,0,446.494
523.778,0,381.465
434.942,0,401.044
506.301,0,399.663
386.587,0,480.562
216
1104,0,-729
316.734,0,430.563
344.713,0,458.869
333.163,0,492.52
468.627,0,482.224
490.214,0,463.26
367.365,0,447.783
375.271,0,446.714
332.715,0,548.737
629.153,0,300.068
339.556,0,539.79
505.408,0,397.026
525.93,0,370.184
433.191,0,398.77
506.474,0,404.904
387.438,0,477.158
217
1105,0,-728
317.293,0,430.515
342.806,0,461.945
628.398,0,285.101
464.465,0,487.719
485.655,0,476.593
328.995,0,487.126
438.003,0,402.997
319.508,0,554.863
442.958,0,481.081
438.003,0,402.997
498.516,0,398.12
438.952,0,456.289
438.003,0,402.997
502.206,0,405.147
371.692,0,482.638
218
1110,0,-729
361.814,0,444.645
365.878,0,484.86
269.835,0,390.096
469.04,0,494.488
491.908,0,487.429
371.775,0,449.864
440.992,0,403.618
341.788,0,542.06
441.496,0,486.401
440.992,0,403.618
306.01,0,561.397
523.117,0,345.093
440.992,0,403.618
506.65,0,399.94
391.084,0,485.374
219
1113,0,-729
323.795,0,439.396
350.783,0,472.732
612.272,0,292.022
468.668,0,503.01
491.536,0,495.952
368.954,0,450.456
378.926,0,455.712
341.427,0,550.618
441.102,0,494.853
440.487,0,411.711
501.47,0,392.887
523.146,0,327.865
440.487,0,411.711
503.818,0,400.496
398.291,0,491.4
220
1117,0,-730
371.918,0,450.122
368.342,0,492.636
344.531,0,334.346
466.198,0,512.123
489.066,0,505.064
345.473,0,499.694
344.231,0,549.77
313.739,0,559.181
441.616,0,486.583
435.856,0,413.823
504.462,0,392.647
439.282,0,479.021
435.856,0,413.823
506.796,0,400.208
393.544,0,493.139
221
1121,0,-731
367.55,0,458.324
360.003,0,479.566
606.22,0,291.583
469.712,0,524.287
501.943,0,517.738
345.254,0,504.242
344.215,0,557.667
311.984,0,564.215
445.028,0,509.593
439.559,0,423.986
493.74,0,389.328
448.456,0,516.78
439.559,0,423.986
497.167,0,396.515
395.315,0,498.013
222
1124,0,-729.5
335.937,0,451.927
358.608,0,484.651
373.747,0,464.477
470.014,0,533.39
500.779,0,521.763
341.445,0,515.913
344.442,0,562.267
304.608,0,560.805
499.883,0,338.35
437.302,0,430.134
496.322,0,389.246
498.346,0,378.158
437.302,0,430.134
500.856,0,395.791
394.394,0,508.29
223
1128,0,-731.5
329.785,0,454.073
352.528,0,486.903
372.202,0,473.273
418.637,0,470.256
400.973,0,472.776
346.501,0,520.23
338.464,0,564.666
309.693,0,565.163
448.469,0,527.327
442.329,0,434.409
497.444,0,541.984
503.358,0,382.412
442.329,0,434.409
494.791,0,398.064
399.494,0,512.669
224
1131,0,-731.5
335.394,0,457.96
358.101,0,490.736
384.332,0,472.564
445.878,0,449.33
500.882,0,556.745
352.051,0,524.031
337.427,0,572.968
310.688,0,562.388
447.403,0,535.586
474.142,0,546.165
500.882,0,556.745
429.237,0,509.365
441.336,0,442.774
489.258,0,399.874
393.923,0,514.426
225
1134,0,-730.5
333.419,0,464.421
361.389,0,494.023
388.428,0,477.075
479.099,0,561.645
501.103,0,566.706
347.078,0,531.275
337.008,0,575.295
310.762,0,563.465
494.857,0,391.51
459.613,0,545.578
492.339,0,402.515
424.883,0,520.213
446.747,0,449.947
492.339,0,402.515
396.12,0,519.388
226
1137,0,-731.5
340.059,0,476.28
370.39,0,494.627
386.466,0,475.211
491.714,0,568.014
502.677,0,570.482
349.201,0,535.928
442.189,0,458.962
483.657,0,404.95
450.421,0,547.199
,,
483.657,0,404.95
410.773,0,544.032
355.961,0,531.691
483.657,0,404.95
398.165,0,523.916
227
1139,0,-731.5
345.01,0,480.893
369.293,0,512.602
383.438,0,491.709
404.341,0,505.883
396.105,0,482.007
353.671,0,544.687
331.715,0,581.623
391.249,0,475.666
448.05,0,562.958
448.678,0,471.929
502.524,0,581.606
434.958,0,532.741
448.678,0,471.929
478.445,0,418.951
395.053,0,533.118
228
1141,0,-732
345.194,0,487.219
368.4,0,523.152
388.694,0,508.185
426.556,0,495.865
400.626,0,477.543
349.986,0,549.213
333.45,0,586.371
305.641,0,556.954
447.037,0,549.409
446.849,0,480.898
498.898,0,586.052
415.657,0,566.31
446.849,0,480.898
479.075,0,435.29
394.331,0,541.473
229
1142,0,-733
350.201,0,490.553
369.316,0,526.447
399.049,0,512.381
433.839,0,504.482
412.5,0,491.039
354.753,0,559.015
328.964,0,590.474
402.386,0,478.704
450.73,0,562.828
451.234,0,500.533
498.465,0,595.881
427.165,0,571.835
451.234,0,500.533
480.36,0,435.397
400.769,0,552.225
230
1145,0,-732
355.288,0,502.356
369.352,0,542.998
398.711,0,528.16
445.362,0,508.924
412.392,0,495.201
356.478,0,564.698
331.538,0,596.837
407.166,0,489.16
429.26,0,575.664
463.037,0,578.127
506.46,0,603.931
418,0,574.843
456.621,0,509.745
477.95,0,449.045
396.289,0,561.941
231
1147,0,-732
360.637,0,512.977
372.998,0,546.436
401.004,0,539.886
439.561,0,510.42
410.83,0,494.421
356.991,0,575.171
335.166,0,598.452
316.986,0,559.537
453.008,0,577.705
450.835,0,510.055
505.013,0,615.523
419.546,0,590.075
456.654,0,515.51
471.936,0,464.225
407.547,0,567.89
232
1149,0,-733
362.741,0,526.077
372.987,0,560.335
407.21,0,550.182
447.602,0,523.28
414.425,0,499.555
360.998,0,582.54
332.247,0,598.529
408.953,0,493.719
462.274,0,597.252
453.074,0,529.117
506.744,0,621.357
428.4,0,596.113
458.894,0,523.66
477.051,0,484.706
411.985,0,578.604
233
1151,0,-734
359.861,0,529.564
373.439,0,570.004
407.978,0,561.298
444.363,0,530.196
205.49,0,692.754
360.388,0,591.57
337.055,0,601.107
407.451,0,499.293
455.173,0,604.231
455.569,0,531.026
504.214,0,624.766
444.891,0,592.202
455.569,0,531.026
475.606,0,493.079
411.274,0,589.709
234
1154,0,-734
367.615,0,540.442
372.688,0,586.615
409.248,0,568.786
452.156,0,546.126
327.231,0,711.286
364.816,0,602.615
340.95,0,610.778
334.353,0,575.773
460.528,0,609.801
452.156,0,546.126
508.509,0,633.313
455.705,0,603.466
436.163,0,538.288
474.247,0,509.293
411.022,0,597.457
235
1157,0,-734
366.224,0,556.073
379.276,0,593.624
405.783,0,582.574
434.577,0,553.851
463.371,0,525.128
365.956,0,613.508
337.296,0,613.513
410.492,0,518.511
451.935,0,613.492
452.204,0,556.057
502.527,0,637.782
451.935,0,613.492
,,
502.527,0,637.782
416.682,0,609.08
236
1160,0,-736
367.723,0,611.48
389.8,0,615.766
157.947,0,628.021
325.688,0,706.405
319.06,0,710.846
396.428,0,611.326
429.593,0,560.495
407.541,0,527.578
462.657,0,624.185
456.079,0,571.365
504.592,0,643.781
458.247,0,617.602
462.707,0,566.924
509.003,0,650.364
418.504,0,615.612
237
1164,0,-738
373.145,0,591.191
398.248,0,622.063
415.66,0,618.298
435.058,0,574.17
477.616,0,568.596
400.15,0,647.064
355.691,0,627.638
355.733,0,594.957
464.007,0,622.362
465.994,0,582
512.313,0,659.107
467.853,0,639.681
464.05,0,589.681
475.672,0,576.277
434.974,0,639.532
238
1165,0,-739
376.076,0,597.097
401.766,0,627.541
395.597,0,659.784
,,
414.105,0,563.054
417.248,0,618.692
430.933,0,578.051
413.207,0,547.157
466.385,0,639.838
464.14,0,600.097
472.105,0,599.647
466.834,0,647.787
464.14,0,600.097
508.006,0,669.383
434.974,0,649.586
239
1165,0,-739
369.999,0,606.236
395.282,0,637.836
416.55,0,626.861
306.943,0,710.206
366.172,0,581.423
366.923,0,652.469
423.264,0,587.68
408.71,0,559.473
463.29,0,665.247
474.018,0,668.641
506.203,0,678.821
459.463,0,640.434
462.726,0,611.963
506.203,0,678.821
420.377,0,651.674
240
1166,0,-739
371.555,0,623.068
396.806,0,655.018
407.391,0,640.654
497.056,0,693.547
507.791,0,697.037
421.604,0,633.405
424.931,0,604.81
399.68,0,572.86
471.956,0,679.451
464.396,0,629.511
482.239,0,629.377
461.069,0,658.106
464.396,0,629.511
482.239,0,629.377
436.12,0,661.865
241
1167,0,-740
371.056,0,630.098
393.836,0,663.47
410.451,0,635.097
506.648,0,706.662
489.736,0,701.307
377.023,0,669.358
421.494,0,612.434
398.813,0,590.304
461.483,0,684.888
472.824,0,695.953
500.977,0,701.13
433.429,0,690.954
461.087,0,639.918
477.9,0,634.03
421.989,0,668.646
242
1170,0,-741
374.351,0,647.089
684.536,0,620.686
684.536,0,620.686
473,0,711.333
495.271,0,714.321
682.949,0,631.808
422.068,0,630.819
398.195,0,599.277
471.399,0,682.779
469.798,0,654.225
480.934,0,655.719
457.075,0,663.854
465.024,0,647.917
480.934,0,655.719
453.902,0,686.1
243
1169,0,-740
376.206,0,665.321
690.139,0,617.431
678.973,0,615.897
475.278,0,730.124
497.61,0,733.192
688.582,0,628.594
422.426,0,660.293
320.511,0,697.488
473.586,0,701.45
489.422,0,669.496
497.61,0,733.192
618.339,0,601.88
467.09,0,666.428
484.617,0,663.148
422.561,0,700.13
244
1173,0,-741
376.777,0,671.363
685.736,0,616.902
673.014,0,626.531
469.356,0,740.808
491.669,0,743.85
682.507,0,599.415
424.535,0,655.148
398.993,0,634.619
606.074,0,617.402
474.054,0,707.357
493.138,0,692.913
607.64,0,606.252
466.029,0,683.534
488.342,0,686.577
423.067,0,706.086
245
1173,0,-741
371.692,0,687.271
683.653,0,610.336
670.93,0,619.965
,,
374.841,0,664.992
674.079,0,597.686
421.008,0,659.895
393.924,0,650.549
602.466,0,622.041
480.028,0,724.656
497.602,0,761.096
465.667,0,705.681
564.234,0,611.184
494.325,0,703.888
429.073,0,723.429
246
1172,0,-741
377.396,0,709.428
686.714,0,615.782
471.965,0,768.282
471.965,0,768.282
492.81,0,782.604
678.819,0,631.79
420.391,0,686.92
383.529,0,664.654
595.667,0,614.46
481.393,0,741.08
495.649,0,720.258
466.909,0,721.944
495.649,0,720.258
495.649,0,720.258
635.596,0,614.339
247
1173,0,-740
380.103,0,732.704
413.472,0,754.274
391.108,0,730.318
377.76,0,721.69
377.406,0,692.962
387.131,0,765.745
412.763,0,696.819
381.737,0,686.262
462.176,0,766.759
477.866,0,786.401
493.556,0,806.043
442.155,0,753.817
470.483,0,724.632
493.556,0,806.043
431.15,0,756.202
248
1176,0,-740
712.119,0,593.353
694.042,0,609.038
653.444,0,623.113
471.086,0,802.482
498.049,0,821.385
435.236,0,748.99
415.09,0,713.597
382.101,0,699.922
590.325,0,635.579
575.108,0,691.08
486.303,0,746.981
475.043,0,746.176
597.628,0,692.689
497.563,0,747.785
462.2,0,767.893
249
1178,0,-739.5
381.625,0,754.373
686.355,0,606.485
645.74,0,620.541
467.859,0,817.242
395.243,0,721.375
392.894,0,755.187
423.023,0,729.046
377.948,0,725.788
588.614,0,627.739
505.58,0,763.331
266.828,0,695.103
471.774,0,760.888
,,
504.797,0,774.602
425.133,0,780.172
250
1179,0,-739.5
388.653,0,768.296
420.675,0,793.029
402.597,0,808.714
264.114,0,697.797
390.307,0,745.855
433.553,0,771.352
418.783,0,742.155
379.082,0,745.091
494.05,0,792.385
,,
494.877,0,781.165
478.453,0,774.408
,,
292.59,0,694.096
460.375,0,790.093
251
1181,0,-740
391.02,0,789.106
423.972,0,802.67
440.447,0,809.452
391.02,0,789.106
387.456,0,760.583
430.84,0,786.172
421.233,0,762.892
381.413,0,765.826
485.484,0,812.531
,,
262.518,0,689.829
475.877,0,789.251
,,
290.253,0,697.381
457.749,0,804.979
252
1182,0,-739
390.713,0,805.976
658.758,0,612.495
651.385,0,598.325
429.489,0,776.798
393.808,0,777.357
651.976,0,634.029
425.803,0,769.713
386.731,0,781.039
576.632,0,610.21
476.23,0,797.494
483.602,0,811.664
451.607,0,819.308
498.348,0,840.005
483.602,0,811.664
612.609,0,627.503
253
1184,0,-738
394.703,0,814.984
426.884,0,824.983
442.015,0,612.083
426.439,0,789.558
473.22,0,827.617
426.884,0,824.983
426.439,0,789.558
390.83,0,790.257
570.295,0,616.653
459.066,0,834.982
,,
573.945,0,623.668
,,
,,
444.688,0,824.634
254
1185,0,-737
683.762,0,614.702
648.118,0,615.333
448.41,0,611.755
433.426,0,807.652
397.782,0,808.283
644.709,0,626.064
429.758,0,800.603
387.037,0,804.916
448.096,0,835.847
476.404,0,821.118
,,
395.461,0,648.262
,,
,,
413.025,0,630.166
255
1187,0,-736.5
424.823,0,828.337
442.758,0,842.013
279.269,0,703.16
431.719,0,819.413
399.992,0,823.583
441.722,0,834.132
431.719,0,819.413
392.06,0,824.626
651.766,0,958.85
481.381,0,828.92
,,
643.834,0,959.892
481.381,0,828.92
,,
450.69,0,840.971
256
1189,0,-736
,,
477.258,0,838.394
537.144,0,806.317
517.684,0,841.15
486.178,0,845.291
530.31,0,815.284
443.667,0,826.672
404.283,0,831.848
645.681,0,961.496
692.941,0,955.284
572.706,0,954.95
645.681,0,961.496
,,
,,
659.35,0,943.562
257
1188,0,-737
453.257,0,857.989
474.895,0,839.215
474.895,0,839.215
443.3,0,843.368
409.647,0,831.861
473.866,0,831.385
443.3,0,843.368
401.748,0,832.899
518.171,0,801.667
,,
561.42,0,947.317
642.466,0,952.594
,,
469.723,0,983.264
478.677,0,806.858
258
1191,0,-737
509.613,0,842.829
475.908,0,831.27
488.629,0,805.614
241.686,0,702.162
501.703,0,843.869
461.122,0,841.208
445.302,0,843.287
404.72,0,840.626
407.465,0,800.292
357.941,0,790.812
,,
409.531,0,816.01
368.95,0,813.349
571.533,0,946.615
442.203,0,819.71
259
1192,0,-737
,,
483.546,0,826.326
607.768,0,608.278
446.082,0,847.388
413.401,0,843.614
275.989,0,716.437
588.276,0,949.73
413.401,0,843.614
637.82,0,959.356
580.366,0,950.77
456.938,0,991.199
637.82,0,959.356
580.366,0,950.77
456.938,0,991.199
587.166,0,635.193
260
1193,0,-733.5
,,
396.658,0,837.57
396.658,0,837.57
457.186,0,850.92
457.186,0,850.92
630.668,0,635.101
432.114,0,837.06
459.717,0,993.096
559.757,0,636.122
,,
,,
556.401,0,646.837
240.147,0,811.383
,,
588.185,0,639.268
261
1194.5,0,-732
661.547,0,612.166
625.892,0,612.774
256.26,0,697.432
231.355,0,701.418
425.947,0,833.437
626.161,0,630.577
576.621,0,656.353
425.947,0,833.437
543.83,0,610.612
486.673,0,604.464
,,
547.503,0,617.672
497.693,0,625.645
,,
579.485,0,610.004
262
1194.5,0,-731
677.746,0,595.928
627.985,0,603.996
631.414,0,593.3
226.693,0,696.939
427.72,0,824.042
624.557,0,614.691
262.299,0,696.236
420.642,0,827.724
546.047,0,602.071
492.637,0,603.125
,,
546.267,0,619.779
496.286,0,610.138
,,
585.302,0,608.381
263
1194.5,0,-729
466.695,0,823.49
488.542,0,848.195
413.153,0,616.878
225.454,0,705.519
420.231,0,820.611
470.387,0,830.587
470.387,0,830.587
438.078,0,820.343
545.158,0,611.323
374.076,0,835.607
413.154,0,824.293
545.466,0,629.199
,,
,,
580.851,0,610.788
264
1192.5,0,-729.5
469.061,0,816.351
637.108,0,603.517
416.168,0,610.986
221.417,0,703.357
415.596,0,817.298
633.698,0,614.248
257.061,0,702.726
253.394,0,695.677
544.847,0,633.606
,,
,,
537.769,0,637.288
491.381,0,634.552
,,
580.232,0,615.195
265
1192.5,0,-728.5
672.162,0,584.485
643.853,0,599.214
242.318,0,691.69
221.086,0,702.736
450.908,0,816.046
482.884,0,808.366
469.246,0,851.291
450.908,0,816.046
536.922,0,601.108
483.715,0,619.834
,,
537.18,0,618.888
487.382,0,626.883
439.075,0,983.431
569.156,0,611.208
266
1191.5,0,-727
704.64,0,647.879
716.918,0,863.734
717.959,0,871.652
461.31,0,816.786
688.405,0,585.578
717.959,0,871.652
399.072,0,833.021
405.941,0,824.064
465.472,0,848.457
,,
,,
458.603,0,857.414
,,
,,
643.028,0,607.651
267
1190.5,0,-726
468.025,0,806.298
455.159,0,832.051
459.123,0,838.974
452.192,0,842.943
439.303,0,804.358
430.401,0,837.034
465.058,0,817.19
439.303,0,804.358
436.336,0,815.25
452.192,0,842.943
424.512,0,987.493
437.332,0,833.065
390.783,0,832.139
400.682,0,817.278
451.195,0,825.128
268
1193.5,0,-727
468.347,0,803.291
451.614,0,822.065
458.513,0,818.115
452.643,0,839.862
439.722,0,801.296
424.018,0,837.866
238.163,0,705.265
439.722,0,801.296
422.989,0,820.07
445.744,0,843.812
397.298,0,807.2
426.953,0,826.993
431.794,0,787.449
397.298,0,807.2
440.751,0,819.092
269
1193.5,0,-725.5
371.484,0,948.533
399.963,0,815.972
389.667,0,828.154
373.278,0,835.185
393.87,0,810.822
611.325,0,973.738
427.593,0,808
432.742,0,801.909
445.872,0,823.45
446.817,0,834.69
420.227,0,989.733
439.779,0,818.3
450.076,0,806.118
420.227,0,989.733
423.39,0,825.331
270
1192.5,0,-724
382.409,0,836.125
403.921,0,823.032
392.688,0,823.963
370.223,0,825.825
390.782,0,801.502
392.688,0,823.963
588.035,0,926.526
395.922,0,795.421
442.759,0,814.159
441.805,0,802.928
418.218,0,991.494
442.759,0,814.159
447.898,0,808.078
418.218,0,991.494
426.386,0,821.171
271
1194.5,0,-722
366.062,0,834.631
393.618,0,826.747
393.618,0,826.747
433.36,0,829.162
430.452,0,795.527
387.526,0,821.597
381.433,0,816.447
391.679,0,804.324
433.36,0,829.162
447.761,0,799.766
450.669,0,833.4
437.514,0,811.889
447.761,0,799.766
444.576,0,828.25
416.051,0,824.923
272
1194.5,0,-719.5
383.159,0,836.096
396.12,0,823.977
233.261,0,873.818
443.779,0,833.072
386.621,0,803.591
385.896,0,828.658
365.448,0,838.022
389.359,0,796.154
439.029,0,822.879
451.99,0,810.76
710.004,0,871.941
441.766,0,815.442
447.241,0,800.568
,,
421.318,0,824.806
273
1193.5,0,-720
405.741,0,1005.4
396.845,0,830.548
409.96,0,988.05
441.841,0,826.747
427.782,0,793.947
409.96,0,988.05
372.474,0,809.949
387.942,0,791.648
694.467,0,935.693
444.187,0,786.897
453.09,0,825.797
694.467,0,935.693
444.187,0,786.897
446.997,0,820.647
418.406,0,817.398
274
1192.5,0,-718.5
619.373,0,1169.88
580.437,0,1178.87
404.265,0,967.115
362.657,0,806.248
423.179,0,784.079
370.607,0,833.917
363.586,0,817.508
384.243,0,793.068
413.779,0,807.558
438.15,0,828.158
449.407,0,827.198
412.85,0,796.298
440.529,0,788.269
443.314,0,822.048
407.686,0,802.408
275
1191.5,0,-718
405.255,0,1003.25
414.512,0,979.936
403.302,0,980.839
434.47,0,820.381
380.61,0,785.234
403.302,0,980.839
355.028,0,815.501
414.238,0,782.524
704.002,0,934.042
434.47,0,820.381
440.563,0,825.531
409.122,0,788.578
437.633,0,791.921
420.331,0,787.674
404.982,0,805.834
276
1189.5,0,-719
377.035,0,809.875
399.795,0,833.615
592.616,0,962.227
434.316,0,813.849
378.951,0,781.199
417.568,0,832.631
398.771,0,815.815
378.951,0,781.199
410.663,0,836.585
438.28,0,820.772
414.496,0,779.232
410.663,0,836.585
445.185,0,816.819
414.496,0,779.232
417.568,0,832.631
277
1192,0,-720.5
362.557,0,816.656
381.765,0,843.366
393.022,0,842.406
436.193,0,816.047
416.057,0,778.077
382.693,0,854.626
356.464,0,811.506
382.286,0,780.957
401.493,0,807.667
444.664,0,781.307
535.536,0,920.965
140.2,0,869.634
433.407,0,782.267
405.094,0,988.783
134.107,0,864.484
278
1194,0,-719.5
356.055,0,826.741
395.595,0,831.68
395.595,0,831.68
426.19,0,804.969
374.758,0,779.26
395.595,0,831.68
390.614,0,806.953
374.758,0,779.26
402.507,0,827.723
430.154,0,811.893
410.334,0,777.276
398.542,0,820.8
438.998,0,779.25
410.334,0,777.276
416.33,0,819.808
279
1194.5,0,-718
56.9433,0,871.287
193.2,0,685.365
436.189,0,818.071
430.096,0,812.921
376.234,0,777.778
430.096,0,812.921
350.641,0,808.057
376.234,0,777.778
414.74,0,831.089
377.208,0,788.984
409.869,0,775.06
397.435,0,826.845
433.266,0,784.454
595.578,0,963.175
407.673,0,814.733
280
1193.5,0,-717.5
358.261,0,824.227
391.947,0,821.552
404.167,0,831.881
424.642,0,807.657
410.44,0,774.888
389.476,0,985.583
351.16,0,807.842
376.754,0,777.563
415.395,0,830.989
433.888,0,784.325
431.743,0,824.041
397.066,0,815.496
433.888,0,784.325
400.704,0,984.691
397.066,0,815.496
281
1194.5,0,-716.5
352.819,0,824.206
392.591,0,826.585
398.684,0,831.735
425.311,0,812.591
411.207,0,779.845
394.796,0,984.637
351.86,0,812.983
371.434,0,777.465
395.806,0,798.065
439.752,0,783.147
431.404,0,817.741
390.672,0,804.139
433.659,0,777.998
590.778,0,962.863
390.672,0,804.139
282
1194.5,0,-713
345.979,0,826.194
380.571,0,834.702
391.773,0,833.807
423.415,0,808.73
369.562,0,773.576
375.461,0,840.748
344.996,0,814.998
369.562,0,773.576
424.398,0,819.925
432.652,0,785.443
409.263,0,776.039
424.398,0,819.925
426.559,0,780.293
393.35,0,980.242
401.993,0,821.716
283
1196.5,0,-710
347.653,0,828.755
387.399,0,831.165
387.399,0,831.165
419.117,0,805.998
371.341,0,776.012
371.056,0,838.141
356.935,0,805.415
371.341,0,776.012
421.052,0,828.425
372.309,0,787.225
411.088,0,778.422
385.463,0,808.738
428.398,0,782.659
394.858,0,983
392.524,0,825.102
284
1197.5,0,-709
348.869,0,822.216
378.351,0,836.77
400.757,0,834.977
421.199,0,810.792
367.346,0,775.639
373.24,0,842.816
387.589,0,813.481
367.346,0,775.639
428.275,0,827.138
430.438,0,787.504
407.049,0,778.1
422.182,0,821.988
424.345,0,782.354
401.938,0,784.146
405.868,0,828.931
285
1197.5,0,-707
346.905,0,818.922
376.393,0,833.468
387.603,0,832.564
414.164,0,813.498
400.027,0,780.79
389.079,0,979.118
344.953,0,796.514
371.514,0,777.448
421.233,0,829.852
428.539,0,784.132
431.467,0,817.744
415.14,0,824.702
428.539,0,784.132
431.467,0,817.744
403.93,0,825.606
286
1198.5,0,-707
339.172,0,818.742
374.754,0,838.437
397.175,0,836.627
417.646,0,812.409
403.509,0,779.7
369.637,0,844.491
342.339,0,790.278
363.785,0,777.264
413.503,0,829.668
432.023,0,783.04
583.129,0,962.661
377.921,0,809.973
426.906,0,789.095
429.831,0,822.708
397.175,0,836.627
287
1199.5,0,-704
344.143,0,820.324
378.843,0,828.704
396.193,0,832.894
416.85,0,808.454
402.807,0,775.635
373.679,0,834.814
342.286,0,797.804
362.943,0,773.365
418.707,0,830.974
431.414,0,778.865
429.036,0,818.754
383.079,0,811.334
431.414,0,778.865
429.036,0,818.754
406.522,0,820.674
288
1198.5,0,-701.5
340.016,0,816.681
375.622,0,836.348
398.09,0,834.483
418.655,0,810.153
399.425,0,783.47
370.481,0,842.431
338.113,0,794.216
353.537,0,775.968
414.465,0,827.468
427.986,0,786.755
419.607,0,821.385
414.465,0,827.468
427.986,0,786.755
387.993,0,982.371
403.231,0,828.4
289
1198.5,0,-700.5
342.019,0,822.046
382.796,0,835.594
394.046,0,834.644
414.672,0,810.241
378.114,0,779.342
376.703,0,830.445
340.146,0,799.545
378.114,0,779.342
421.701,0,826.642
424.048,0,786.789
420.765,0,815.391
415.608,0,821.492
429.205,0,780.689
395.457,0,783.541
399.202,0,828.543
290
1196.5,0,-700
343.891,0,825.137
378.591,0,833.517
378.591,0,833.517
387.991,0,810.038
373.948,0,777.218
368.263,0,845.737
342.034,0,802.617
351.434,0,779.138
417.527,0,824.527
425.998,0,789.788
422.691,0,818.418
417.527,0,824.527
431.163,0,783.678
384.57,0,974.744
395.013,0,826.447
291
1196.5,0,-701
341.431,0,833.542
377.129,0,831.488
388.035,0,834.436
407.877,0,804.689
385.079,0,780.972
352.337,0,836.49
337.466,0,826.619
343.423,0,804.822
412.827,0,829.434
431.683,0,781.866
385.079,0,780.972
419.769,0,825.459
363.265,0,775.075
374.172,0,778.023
373.165,0,824.565
292
1197.5,0,-700
340.847,0,833.188
369.346,0,836.547
375.438,0,841.697
400.988,0,811.469
376.616,0,790.87
370.329,0,847.742
334.754,0,828.038
343.008,0,793.556
414.156,0,832.965
427.52,0,792.438
577.681,0,960.817
414.156,0,832.965
427.52,0,792.438
577.681,0,960.817
391.751,0,834.756
293
1197.5,0,-697
341.873,0,842.876
380.445,0,829.983
362.637,0,830.986
335.895,0,800.333
385.353,0,790.401
646.671,0,925.759
376.481,0,823.06
367.546,0,791.404
416.059,0,827.977
427.889,0,784.432
374.468,0,787.441
416.059,0,827.977
427.889,0,784.432
374.468,0,787.441
398.252,0,828.98
294
1198.5,0,-694.5
345.85,0,820.428
380.521,0,841.713
418.758,0,830.212
424.284,0,815.196
371.877,0,795.908
386.048,0,826.698
399.061,0,814.438
379.363,0,798.664
226.417,0,844.668
422.324,0,797.426
350.574,0,830.691
267.509,0,663.726
429.811,0,800.181
350.574,0,830.691
393.534,0,829.453
295
1198.5,0,-693
389.913,0,984.216
367.488,0,986.029
564.438,0,913.677
397.732,0,814.305
368.242,0,799.762
378.701,0,985.123
391.639,0,809.156
368.242,0,799.762
410.892,0,835.812
424.302,0,795.229
373.361,0,793.706
404.799,0,830.662
353.857,0,829.139
377.727,0,973.916
387.494,0,826.419
296
1198.5,0,-691
374.347,0,774.17
379.338,0,798.891
379.338,0,798.891
,,
339.841,0,793.927
390.203,0,801.863
390.203,0,801.863
357.608,0,792.948
363.626,0,835.467
421.772,0,792.981
334.994,0,833.475
385.356,0,841.411
359.661,0,828.544
412.961,0,825.605
384.329,0,823.613
297
1199.5,0,-691
381.305,0,774.392
379.313,0,803.112
386.255,0,799.137
417.989,0,790.16
364.442,0,793.24
633.121,0,924.384
390.219,0,806.06
364.442,0,793.24
413.018,0,829.778
424.932,0,786.184
337.657,0,826.962
392.19,0,841.703
366.413,0,828.884
337.657,0,826.962
391.205,0,823.881
298
1199.5,0,-690
401.663,0,809.701
348.668,0,816.637
335.911,0,829.098
363.716,0,821.862
364.042,0,796.64
182.161,0,834.834
388.92,0,1016.4
191.637,0,686.116
346.052,0,824.174
394.138,0,807.089
331.329,0,793.728
411.478,0,829.998
427.177,0,784.779
356.518,0,794.028
361.1,0,829.398
299
1199.5,0,-689
187.653,0,668.622
345.887,0,816.45
569.568,0,944.776
333.174,0,828.926
368.698,0,799.035
562.087,0,942.179
194.765,0,696.425
189.901,0,686.292
408.349,0,829.69
424.047,0,784.471
328.678,0,793.586
408.349,0,829.69
393.756,0,799.29
361.217,0,796.438
375.81,0,826.838
300
1200.5,0,-687
635.381,0,918.548
355.565,0,804.513
332.713,0,821.914
642.882,0,921.152
358.182,0,796.977
337.598,0,832.055
549.554,0,947.865
365.683,0,799.581
340.215,0,824.519
365.335,0,824.795
358.182,0,796.977
347.716,0,827.123
390.804,0,799.857
385.222,0,840.144
357.834,0,822.191
301
1200.5,0,-686
558.554,0,1168.4
342.179,0,823.045
334.676,0,820.44
324.904,0,800.157
360.147,0,795.503
569.179,0,944.078
601.806,0,946.96
360.147,0,795.503
342.179,0,823.045
359.8,0,820.717
327.521,0,792.621
461.021,0,1134.54
385.272,0,795.781
604.075,0,964.638
357.184,0,828.254
302
1202.5,0,-684.5
559.197,0,1164.26
529.237,0,1153.85
332.845,0,825.081
332.845,0,825.081
360.847,0,792.772
579.692,0,935.999
561.802,0,1156.75
544.523,0,940.601
340.335,0,827.681
385.922,0,793.071
675.428,0,901.987
350.43,0,822.78
383.318,0,800.573
377.785,0,840.683
496.672,0,1150.95
303
1202.5,0,-683
617.809,0,931.5
345.912,0,807.896
330.268,0,824.087
625.631,0,923.405
330.03,0,808.133
353.734,0,799.801
385.379,0,791.35
353.734,0,799.801
330.268,0,824.087
354.091,0,823.731
371.995,0,959.102
401.856,0,830.998
385.498,0,799.327
386.093,0,839.211
353.972,0,815.754
304
1202.5,0,-681
314.025,0,791.395
338.086,0,806.994
330.383,0,823.066
330.383,0,823.066
330.145,0,807.112
330.502,0,831.043
633.686,0,922.266
353.849,0,798.78
338.324,0,822.948
354.206,0,822.711
330.264,0,815.089
401.852,0,822
377.672,0,798.425
386.208,0,838.191
346.146,0,814.852
305
1202.5,0,-680
629.383,0,919.856
328.84,0,815.515
328.84,0,815.515
636.896,0,922.465
334.073,0,800.442
333.737,0,825.66
197.22,0,685.371
351.717,0,798.123
333.737,0,825.66
384.723,0,775.802
680.033,0,895.216
411.825,0,818.991
384.388,0,801.02
378.819,0,841.312
351.381,0,823.341
306
1201.5,0,-677.5
637.089,0,920.577
336.546,0,816.236
326.416,0,821.164
637.089,0,920.577
331.649,0,806.091
326.416,0,821.164
536.124,0,944.639
351.909,0,796.235
333.93,0,823.773
384.916,0,773.915
680.226,0,893.329
374.114,0,829.279
384.58,0,799.133
379.011,0,839.424
351.573,0,821.453
