data/BP_videos/1.MOV
0
,,
,,
,,
,,
,,
,,
,,
,,
,,
,,
,,
,,
,,
,,
,,
,,
1
,,
,,
,,
,,
,,
,,
,,
,,
,,
,,
,,
,,
,,
,,
,,
,,
2
,,
,,
,,
,,
,,
,,
,,
,,
,,
,,
,,
,,
,,
,,
,,
,,
3
,,
,,
,,
,,
,,
,,
,,
,,
,,
,,
,,
,,
,,
,,
,,
,,
4
,,
,,
,,
,,
,,
,,
,,
,,
,,
,,
,,
,,
,,
,,
,,
,,
5
,,
,,
,,
,,
,,
,,
,,
,,
,,
,,
,,
,,
,,
,,
,,
,,
6
,,
,,
,,
,,
,,
,,
,,
,,
,,
,,
,,
,,
,,
,,
,,
,,
7
,,
,,
,,
,,
,,
,,
,,
,,
,,
,,
,,
,,
,,
,,
,,
,,
8
,,
,,
,,
,,
,,
,,
,,
,,
,,
,,
,,
,,
,,
,,
,,
,,
9
,,
,,
,,
,,
,,
,,
,,
,,
,,
,,
,,
,,
,,
,,
,,
,,
10
,,
,,
,,
,,
,,
,,
,,
,,
,,
,,
,,
,,
,,
,,
,,
,,
11
,,
,,
,,
,,
,,
,,
,,
,,
,,
,,
,,
,,
,,
,,
,,
,,
12
,,
,,
,,
,,
,,
,,
,,
,,
,,
,,
,,
,,
,,
,,
,,
,,
13
,,
,,
,,
,,
,,
,,
,,
,,
,,
,,
,,
,,
,,
,,
,,
,,
14
,,
,,
,,
,,
,,
,,
,,
,,
,,
,,
,,
,,
,,
,,
,,
,,
15
,,
,,
,,
,,
,,
,,
,,
,,
,,
,,
,,
,,
,,
,,
,,
,,
16
,,
,,
,,
,,
,,
,,
,,
,,
,,
,,
,,
,,
,,
,,
,,
,,
17
,,
,,
,,
,,
,,
,,
,,
,,
,,
,,
,,
,,
,,
,,
,,
,,
18
,,
,,
,,
,,
,,
,,
,,
,,
,,
,,
,,
,,
,,
,,
,,
,,
19
,,
,,
,,
,,
,,
,,
,,
,,
,,
,,
,,
,,
,,
,,
,,
,,
20
,,
,,
,,
,,
,,
,,
,,
,,
,,
,,
,,
,,
,,
,,
,,
,,
21
,,
,,
,,
,,
,,
,,
,,
,,
,,
,,
,,
,,
,,
,,
,,
,,
22
,,
,,
,,
,,
,,
,,
,,
,,
,,
,,
,,
,,
,,
,,
,,
,,
23
,,
,,
,,
,,
,,
,,
,,
,,
,,
,,
,,
,,
,,
,,
,,
,,
24
,,
,,
,,
,,
,,
,,
,,
,,
,,
,,
,,
,,
,,
,,
,,
,,
25
,,
,,
,,
,,
,,
,,
,,
,,
,,
,,
,,
,,
,,
,,
,,
,,
26
,,
,,
,,
,,
,,
,,
,,
,,
,,
,,
,,
,,
,,
,,
,,
,,
27
,,
,,
,,
,,
,,
,,
,,
,,
,,
,,
,,
,,
,,
,,
,,
,,
28
,,
,,
,,
,,
,,
,,
,,
,,
,,
,,
,,
,,
,,
,,
,,
,,
29
,,
,,
,,
,,
,,
,,
,,
,,
,,
,,
,,
,,
,,
,,
,,
,,
30
,,
,,
,,
,,
,,
,,
,,
,,
,,
,,
,,
,,
,,
,,
,,
,,
31
,,
,,
,,
,,
,,
,,
,,
,,
,,
,,
,,
,,
,,
,,
,,
,,
32
,,
,,
,,
,,
,,
,,
,,
,,
,,
,,
,,
,,
,,
,,
,,
,,
33
,,
,,
,,
,,
,,
,,
,,
,,
,,
,,
,,
,,
,,
,,
,,
,,
34
,,
,,
,,
,,
,,
,,
,,
,,
,,
,,
,,
,,
,,
,,
,,
,,
35
,,
,,
,,
,,
,,
,,
,,
,,
,,
,,
,,
,,
,,
,,
,,
,,
36
,,
,,
,,
,,
,,
,,
,,
,,
,,
,,
,,
,,
,,
,,
,,
,,
37
,,
,,
,,
,,
,,
,,
,,
,,
,,
,,
,,
,,
,,
,,
,,
,,
38
,,
,,
,,
,,
,,
,,
,,
,,
,,
,,
,,
,,
,,
,,
,,
,,
39
,,
,,
,,
,,
,,
,,
,,
,,
,,
,,
,,
,,
,,
,,
,,
,,
40
,,
,,
,,
,,
,,
,,
,,
,,
,,
,,
,,
,,
,,
,,
,,
,,
41
,,
,,
,,
,,
,,
,,
,,
,,
,,
,,
,,
,,
,,
,,
,,
,,
42
,,
,,
,,
,,
,,
,,
,,
,,
,,
,,
,,
,,
,,
,,
,,
,,
43
,,
,,
,,
,,
,,
,,
,,
,,
,,
,,
,,
,,
,,
,,
,,
,,
44
,,
,,
,,
,,
,,
,,
,,
,,
,,
,,
,,
,,
,,
,,
,,
,,
45
,,
,,
,,
,,
,,
,,
,,
,,
,,
,,
,,
,,
,,
,,
,,
,,
46
,,
,,
,,
,,
,,
,,
,,
,,
,,
,,
,,
,,
,,
,,
,,
,,
47
,,
,,
,,
,,
,,
,,
,,
,,
,,
,,
,,
,,
,,
,,
,,
,,
48
,,
,,
,,
,,
,,
,,
,,
,,
,,
,,
,,
,,
,,
,,
,,
,,
49
,,
,,
,,
,,
,,
,,
,,
,,
,,
,,
,,
,,
,,
,,
,,
,,
50
,,
,,
,,
,,
,,
,,
,,
,,
,,
,,
,,
,,
,,
,,
,,
,,
51
,,
,,
,,
,,
,,
,,
,,
,,
,,
,,
,,
,,
,,
,,
,,
,,
52
,,
,,
,,
,,
,,
,,
,,
,,
,,
,,
,,
,,
,,
,,
,,
,,
53
,,
,,
,,
,,
,,
,,
,,
,,
,,
,,
,,
,,
,,
,,
,,
,,
54
,,
,,
,,
,,
,,
,,
,,
,,
,,
,,
,,
,,
,,
,,
,,
,,
55
,,
,,
,,
,,
,,
,,
,,
,,
,,
,,
,,
,,
,,
,,
,,
,,
56
,,
,,
,,
,,
,,
,,
,,
,,
,,
,,
,,
,,
,,
,,
,,
,,
57
,,
,,
,,
,,
,,
,,
,,
,,
,,
,,
,,
,,
,,
,,
,,
,,
58
,,
,,
,,
,,
,,
,,
,,
,,
,,
,,
,,
,,
,,
,,
,,
,,
59
,,
,,
,,
,,
,,
,,
,,
,,
,,
,,
,,
,,
,,
,,
,,
,,
60
,,
,,
,,
,,
,,
,,
,,
,,
,,
,,
,,
,,
,,
,,
,,
,,
61
,,
,,
,,
,,
,,
,,
,,
,,
,,
,,
,,
,,
,,
,,
,,
,,
62
,,
,,
,,
,,
,,
,,
,,
,,
,,
,,
,,
,,
,,
,,
,,
,,
63
,,
,,
,,
,,
,,
,,
,,
,,
,,
,,
,,
,,
,,
,,
,,
,,
64
,,
,,
,,
,,
,,
,,
,,
,,
,,
,,
,,
,,
,,
,,
,,
,,
65
,,
,,
,,
,,
,,
,,
,,
,,
,,
,,
,,
,,
,,
,,
,,
,,
66
,,
,,
,,
,,
,,
,,
,,
,,
,,
,,
,,
,,
,,
,,
,,
,,
67
,,
,,
,,
,,
,,
,,
,,
,,
,,
,,
,,
,,
,,
,,
,,
,,
68
,,
,,
,,
,,
,,
,,
,,
,,
,,
,,
,,
,,
,,
,,
,,
,,
69
,,
,,
,,
,,
,,
,,
,,
,,
,,
,,
,,
,,
,,
,,
,,
,,
70
,,
,,
,,
,,
,,
,,
,,
,,
,,
,,
,,
,,
,,
,,
,,
,,
71
,,
,,
,,
,,
,,
,,
,,
,,
,,
,,
,,
,,
,,
,,
,,
,,
72
,,
,,
,,
,,
,,
,,
,,
,,
,,
,,
,,
,,
,,
,,
,,
,,
73
,,
,,
,,
,,
,,
,,
,,
,,
,,
,,
,,
,,
,,
,,
,,
,,
74
,,
,,
,,
,,
,,
,,
,,
,,
,,
,,
,,
,,
,,
,,
,,
,,
75
,,
,,
,,
,,
,,
,,
,,
,,
,,
,,
,,
,,
,,
,,
,,
,,
76
,,
,,
,,
,,
,,
,,
,,
,,
,,
,,
,,
,,
,,
,,
,,
,,
77
,,
,,
,,
,,
,,
,,
,,
,,
,,
,,
,,
,,
,,
,,
,,
,,
78
,,
,,
,,
,,
,,
,,
,,
,,
,,
,,
,,
,,
,,
,,
,,
,,
79
,,
,,
,,
,,
,,
,,
,,
,,
,,
,,
,,
,,
,,
,,
,,
,,
80
,,
,,
,,
,,
,,
,,
,,
,,
,,
,,
,,
,,
,,
,,
,,
,,
81
,,
,,
,,
,,
,,
,,
,,
,,
,,
,,
,,
,,
,,
,,
,,
,,
82
,,
,,
,,
,,
,,
,,
,,
,,
,,
,,
,,
,,
,,
,,
,,
,,
83
,,
,,
,,
,,
,,
,,
,,
,,
,,
,,
,,
,,
,,
,,
,,
,,
84
,,
,,
,,
,,
,,
,,
,,
,,
,,
,,
,,
,,
,,
,,
,,
,,
85
,,
,,
,,
,,
,,
,,
,,
,,
,,
,,
,,
,,
,,
,,
,,
,,
86
,,
,,
,,
,,
,,
,,
,,
,,
,,
,,
,,
,,
,,
,,
,,
,,
87
,,
,,
,,
,,
,,
,,
,,
,,
,,
,,
,,
,,
,,
,,
,,
,,
88
,,
,,
,,
,,
,,
,,
,,
,,
,,
,,
,,
,,
,,
,,
,,
,,
89
,,
,,
,,
,,
,,
,,
,,
,,
,,
,,
,,
,,
,,
,,
,,
,,
90
,,
,,
,,
,,
,,
,,
,,
,,
,,
,,
,,
,,
,,
,,
,,
,,
91
,,
,,
,,
,,
,,
,,
,,
,,
,,
,,
,,
,,
,,
,,
,,
,,
92
,,
,,
,,
,,
,,
,,
,,
,,
,,
,,
,,
,,
,,
,,
,,
,,
93
,,
,,
,,
,,
,,
,,
,,
,,
,,
,,
,,
,,
,,
,,
,,
,,
94
,,
,,
,,
,,
,,
,,
,,
,,
,,
,,
,,
,,
,,
,,
,,
,,
95
,,
,,
,,
,,
,,
,,
,,
,,
,,
,,
,,
,,
,,
,,
,,
,,
96
,,
,,
,,
,,
,,
,,
,,
,,
,,
,,
,,
,,
,,
,,
,,
,,
97
,,
,,
,,
,,
,,
,,
,,
,,
,,
,,
,,
,,
,,
,,
,,
,,
98
,,
,,
,,
,,
,,
,,
,,
,,
,,
,,
,,
,,
,,
,,
,,
,,
99
,,
,,
,,
,,
,,
,,
,,
,,
,,
,,
,,
,,
,,
,,
,,
,,
100
-875.5,0,-357.5
872,0,322.486
880,0,346.314
872,0,354.257
872,0,370.143
864,0,378.086
888,0,346.314
888,0,370.143
872,0,370.143
872,0,393.971
872,0,417.8
880,0,457.514
888,0,393.971
888,0,425.743
888,0,425.743
880,0,370.143
101
-883.5,0,-357.5
868.46,0,330.781
881.885,0,352.223
874.11,0,354.106
871.984,0,379.315
871.984,0,379.315
889.66,0,350.34
887.534,0,375.549
871.984,0,379.315
875.75,0,394.865
875.507,0,427.849
941.718,0,395.351
893.183,0,398.874
885.165,0,433.742
966.927,0,397.477
887.534,0,375.549
102
-890.5,0,-357.5
880.461,0,331.103
884.47,0,348.536
874.812,0,354.428
869.162,0,377.754
875.054,0,387.412
892.245,0,350.419
894.371,0,375.628
876.938,0,379.637
880.947,0,397.07
881.189,0,430.054
891.09,0,457.146
898.38,0,393.061
888.965,0,431.938
891.09,0,457.146
886.596,0,373.745
103
-898,0,-358
879.099,0,330.644
883.506,0,355.525
875.682,0,354.399
872.264,0,378.155
877.81,0,395.117
899.154,0,357.776
896.876,0,373.613
880.088,0,379.28
885.634,0,396.243
888.901,0,429.043
899.993,0,462.968
902.422,0,390.576
888.901,0,429.043
901.132,0,455.049
889.052,0,372.488
104
-906,0,-358
879.541,0,326.513
889.2,0,353.479
879.743,0,359.453
876.041,0,375.019
876.041,0,375.019
898.657,0,347.505
900.71,0,372.663
883.647,0,376.828
887.55,0,394.203
887.752,0,427.143
906.666,0,415.196
904.614,0,390.038
887.752,0,427.143
905.016,0,455.919
893.104,0,370.854
105
-914,0,-358
884.016,0,330.042
895.708,0,349.115
886.039,0,354.74
880.306,0,377.483
884.24,0,394.601
903.465,0,351.071
907.4,0,368.188
882.217,0,369.902
893.909,0,388.975
894.021,0,421.255
911.559,0,449.865
909.423,0,392.887
894.021,0,421.255
911.559,0,449.865
897.731,0,373.814
106
-922,0,-358
887.141,0,332.223
897.871,0,351.992
880.459,0,355.274
883.597,0,372.842
894.326,0,392.611
907.69,0,346.509
908.601,0,371.761
883.597,0,372.842
901.919,0,394.812
895.237,0,417.863
911.332,0,447.516
911.738,0,389.329
895.237,0,417.863
918.924,0,449.717
901.008,0,369.56
107
-930,0,-358
894.958,0,327.281
897.496,0,344.558
887.637,0,349.536
887.735,0,374.232
890.272,0,391.509
912.333,0,349.439
907.452,0,364.276
890.175,0,366.813
907.549,0,388.971
900.228,0,411.227
927.559,0,453.102
914.968,0,391.412
892.81,0,408.786
902.766,0,428.504
905.012,0,371.694
108
-938,0,-358
896.477,0,328.532
900.164,0,345.818
890.529,0,351.488
886.564,0,366.792
875.225,0,347.522
915.468,0,349.784
913.486,0,357.436
896.199,0,361.123
913.207,0,390.027
912.928,0,422.618
929.937,0,451.522
920.859,0,392.009
899.607,0,411
908.963,0,437.922
909.52,0,372.74
109
-946,0,-358
904.743,0,323.558
904.842,0,348.555
894.863,0,353.594
894.961,0,378.591
877.375,0,356.162
914.821,0,343.516
917.389,0,361.004
892.393,0,361.103
917.488,0,386.001
922.625,0,420.977
937.741,0,450.914
924.997,0,388.471
902.569,0,406.058
907.706,0,441.034
914.919,0,368.513
110
-954,0,-358
905.994,0,324.673
909.725,0,342.168
899.974,0,347.906
901.699,0,373.145
893.954,0,371.139
925.213,0,346.181
921.2,0,361.67
897.967,0,355.65
915.18,0,384.903
922.643,0,419.893
941.863,0,441.401
922.925,0,386.909
909.161,0,408.135
899.128,0,446.857
919.194,0,369.414
111
-963,0,-358
912.208,0,324.643
916.588,0,341.547
899.684,0,345.927
902.435,0,370.469
896.426,0,361.202
924.226,0,343.176
920.968,0,358.451
898.055,0,353.565
914.452,0,389.002
930.85,0,424.44
952.135,0,436.965
931.357,0,384.622
911.195,0,404.278
903.05,0,442.467
919.339,0,366.089
112
-971,0,-358
912.561,0,317.821
916.239,0,341.936
899.726,0,346.923
897.11,0,362.128
902.097,0,378.641
925.15,0,335.642
930.137,0,352.155
913.623,0,357.142
915.994,0,388.86
933.569,0,423.194
948.774,0,425.81
932.507,0,383.873
912.07,0,411.668
906.837,0,442.078
919.918,0,366.052
113
-980,0,-358
916.689,0,323.764
921.7,0,340.27
905.194,0,345.281
902.6,0,360.49
888.688,0,350.292
929.304,0,341.567
926.711,0,356.776
902.6,0,360.49
913.919,0,385.897
925.237,0,411.304
937.853,0,429.107
930.425,0,380.886
917.633,0,410.007
903.544,0,446.733
925.414,0,364.38
114
-989,0,-358
917.518,0,318.63
923.081,0,342.382
907.011,0,348.652
905.598,0,364.015
904.891,0,371.697
938.444,0,343.795
937.032,0,359.159
913.28,0,364.722
918.842,0,388.474
924.405,0,412.226
939.063,0,421.32
934.913,0,382.205
924.405,0,412.226
913.191,0,449.929
928.643,0,366.134
115
-998,0,-358
927.475,0,315.707
932.048,0,340.007
915.306,0,345.544
912.051,0,368.745
910.966,0,376.479
939.876,0,341.105
936.62,0,364.306
919.879,0,369.843
925.537,0,386.409
929.025,0,418.443
953.594,0,414.004
941.193,0,388.606
929.025,0,418.443
915.771,0,456.013
928.792,0,363.208
116
-1007,0,-358
924.225,0,316.323
930.055,0,340.882
913.817,0,347.576
919.646,0,372.135
911.2,0,379.469
944.985,0,350.133
943.676,0,366.08
919.646,0,372.135
926.13,0,388.721
931.306,0,421.253
921.551,0,444.533
941.714,0,389.999
930.651,0,429.226
920.243,0,460.48
935.23,0,373.414
117
-1015,0,-358.5
933.427,0,325.507
939.251,0,342.421
922.337,0,348.245
927.109,0,373.089
880.58,0,358.842
955.112,0,344.527
951.953,0,368.318
927.109,0,373.089
932.934,0,390.003
884.298,0,391.616
890.123,0,408.53
948.795,0,392.109
935.6,0,430.708
930.335,0,470.36
944.023,0,367.265
118
-1024,0,-359
930.227,0,319.057
935.356,0,343.268
926.698,0,350.162
924.051,0,373.49
923.169,0,381.266
950.909,0,345.032
948.262,0,368.361
924.051,0,373.49
937.839,0,390.807
933.427,0,429.688
937.674,0,461.675
953.391,0,392.572
941.203,0,430.571
936.792,0,469.452
940.486,0,367.479
119
-1034,0,-359
939.026,0,325.045
943.536,0,342.356
924.567,0,354.692
927.42,0,379.829
935.246,0,381.487
957.531,0,353.498
952.556,0,376.977
929.078,0,372.003
941.414,0,390.972
931.466,0,437.929
940.95,0,431.761
957.067,0,394.288
948.776,0,433.419
948.313,0,474.209
944.73,0,375.319
120
-1043,0,-359
943.063,0,322.857
947.379,0,347.277
930.553,0,352.656
928.212,0,368.147
920.384,0,366.964
963.035,0,349.643
959.523,0,372.879
928.212,0,368.147
940.355,0,393.749
934.502,0,432.476
914.531,0,405.69
956.011,0,396.115
950.158,0,434.842
953.303,0,467.006
951.695,0,371.696
121
-1051.5,0,-359.5
939.201,0,321.577
945.433,0,345.579
936.981,0,352.832
927.974,0,367.898
920.632,0,359.523
960.671,0,354.515
959.561,0,370.142
935.871,0,368.459
949.999,0,393.022
931.985,0,423.155
938.217,0,447.156
965.793,0,394.144
963.017,0,433.212
968.694,0,465.028
951.109,0,377.395
122
-1061.5,0,-359.5
947.282,0,322.77
950.966,0,340.085
939.325,0,353.421
937.335,0,361.083
931.662,0,351.431
964.302,0,351.726
965.996,0,376.704
935.346,0,368.746
954.355,0,390.039
938.734,0,418.7
959.733,0,432.331
969.68,0,394.018
967.396,0,434.321
974.763,0,468.95
958.334,0,374.714
123
-1070.5,0,-359.5
950.86,0,316.717
953.661,0,341.595
944.27,0,347.691
940.975,0,363.177
933.232,0,361.53
969.148,0,344.889
964.205,0,368.119
940.975,0,363.177
959.263,0,391.35
937.187,0,419.028
957.122,0,439.457
974.75,0,394.644
974.256,0,435.009
983.153,0,469.277
964.205,0,368.119
124
-1080.5,0,-359.5
951.274,0,316.601
961.743,0,342.858
952.45,0,348.904
949.202,0,364.245
944.332,0,387.255
969.413,0,344.482
972.213,0,369.115
949.202,0,364.245
959.672,0,390.502
939.461,0,410.265
949.93,0,436.522
975.012,0,393.749
974.564,0,433.723
992.704,0,461.604
964.543,0,367.492
125
-1090,0,-360.5
956.693,0,313.372
967.136,0,339.64
957.836,0,345.677
962.241,0,362.645
949.678,0,384.019
967.136,0,339.64
977.578,0,365.908
954.573,0,361.014
965.015,0,387.282
943.153,0,414.692
951.963,0,448.629
972.683,0,388.913
979.863,0,430.518
997.974,0,458.417
969.91,0,364.277
126
-1100,0,-360.5
954.377,0,321.502
967.336,0,339.496
967.336,0,339.496
971.298,0,363.97
957.08,0,353.714
975.075,0,340.755
980.295,0,357.491
955.822,0,361.452
975.26,0,388.444
984.442,0,429.653
1005.14,0,448.906
975.26,0,388.444
939.271,0,414.361
950.971,0,440.094
971.298,0,363.97
127
-1110,0,-360.5
959.267,0,314.268
967.309,0,341.656
967.309,0,341.656
970.152,0,359.128
955.037,0,354.413
977.224,0,336.456
980.067,0,353.928
960.237,0,364.328
970.637,0,384.158
946.091,0,409.673
949.419,0,452.175
985.752,0,388.873
991.436,0,423.818
1016.95,0,448.363
975.352,0,369.043
128
-1120,0,-360.5
969.284,0,312.771
978.582,0,339.758
968.918,0,345.41
964.905,0,360.726
951.595,0,349.056
978.582,0,339.758
982.228,0,357.081
964.905,0,360.726
974.203,0,387.714
950.861,0,414.334
948.488,0,454.632
989.519,0,391.726
996.811,0,426.372
1025.44,0,442.055
980.222,0,364.739
129
-1131,0,-360.5
968.113,0,316.587
981.185,0,334.767
979.908,0,342.58
977.354,0,358.206
977.354,0,358.206
988.998,0,336.044
985.167,0,359.483
968.264,0,364.742
981.336,0,382.922
951.513,0,418.156
952.941,0,458.498
989.149,0,384.199
997.114,0,433.631
1021.83,0,429.649
985.167,0,359.483
130
-1141,0,-360.5
971.221,0,314.928
982.475,0,334.149
972.925,0,339.878
976.59,0,357.159
967.039,0,362.887
990.064,0,336.09
991.768,0,361.041
967.039,0,362.887
985.883,0,384.05
960.897,0,418.517
949.126,0,464.535
993.472,0,385.991
998.842,0,428.222
1025.53,0,418.706
982.217,0,366.769
131
-1152,0,-360.5
979.177,0,315.689
982.881,0,333.037
980.865,0,340.693
984.57,0,358.041
974.818,0,363.66
990.618,0,335.074
1000.04,0,362.116
974.818,0,363.66
986.258,0,383.046
966.427,0,426.943
964.083,0,467.258
1001.73,0,387.12
1005.11,0,437.128
1026.63,0,418.236
992.306,0,360.079
132
-1162.5,0,-361.5
978.973,0,314.162
990.966,0,333.084
989.296,0,340.907
984.284,0,364.378
974.946,0,370.565
996.963,0,342.544
999.618,0,367.653
974.946,0,370.565
986.939,0,389.486
970.919,0,426.967
970.233,0,467.723
1002.27,0,392.761
1007.58,0,442.977
1029.6,0,414.957
991.951,0,366.015
133
-1173,0,-361.5
983.653,0,315.574
988.293,0,332.516
986.733,0,340.2
989.812,0,364.825
972.728,0,369.355
1002.26,0,343.353
1005.33,0,367.979
980.49,0,370.932
992.891,0,389.451
977.327,0,426.29
975.724,0,473.965
1008.41,0,392.605
1006.81,0,440.28
1030.14,0,405.017
997.574,0,366.402
134
-1185.5,0,-362
987.46,0,310.121
997.794,0,337.05
988.231,0,343.096
990.76,0,368.268
981.198,0,374.314
1005.6,0,338.809
1006.37,0,371.785
981.198,0,374.314
993.29,0,393.439
976.694,0,430.703
989.557,0,482.804
1008.9,0,396.956
1013.96,0,447.299
1028.8,0,417.84
998.565,0,370.026
135
-1195,0,-362.5
985.046,0,310.777
997.083,0,336.778
995.829,0,344.602
992.068,0,368.071
982.915,0,374.629
1011.63,0,347.133
1014.51,0,379.692
982.915,0,374.629
996.206,0,392.807
988.684,0,439.747
998.213,0,481.395
1012,0,395.339
1012.38,0,443.544
1033.19,0,414.783
999.967,0,369.337
136
-1207,0,-361.5
994.66,0,314.379
997.083,0,339.325
995.315,0,347.052
997.738,0,371.998
980.517,0,376.189
1012.54,0,342.861
1013.19,0,375.534
988.244,0,377.957
1000.16,0,396.945
991.321,0,435.576
1005.66,0,479.511
1015.61,0,400.481
1005.01,0,446.838
1016.27,0,433.154
1005.46,0,373.766
137
-1218,0,-362.5
991.612,0,315.271
1003.59,0,341.217
994.531,0,347.82
998.677,0,372.538
989.618,0,379.14
1019.25,0,343.673
1014.34,0,374.994
989.618,0,379.14
1010.65,0,398.485
995.455,0,444.238
1021.86,0,480.471
1018.48,0,399.713
1003.28,0,445.466
1020.64,0,488.301
1006.51,0,373.766
138
-1229.5,0,-363
998.914,0,314.594
1007.76,0,341.234
998.198,0,346.687
999.538,0,371.271
989.972,0,376.724
1022.78,0,345.347
1014.56,0,375.384
989.972,0,376.724
1008.39,0,397.911
1005.61,0,437.514
1027.43,0,475.776
1025.46,0,394.515
1005.61,0,437.514
1024.75,0,426.608
1014.56,0,375.384
139
-1241.5,0,-364
1003.56,0,310.224
1014.15,0,336.48
1002.98,0,349.962
1100.08,0,355.443
1098.41,0,363.046
1111.25,0,341.961
1023.06,0,370.339
988.46,0,378.649
1016.35,0,400.75
1101.18,0,387.578
1040.31,0,477.795
1033.65,0,396.595
1001.83,0,429.438
1113.45,0,406.231
1015.25,0,368.615
140
-1251.5,0,-364.5
1003.99,0,309.332
1013.62,0,335.701
1002.38,0,348.999
1104.41,0,357.714
1111.98,0,359.549
1028.75,0,339.37
1021.41,0,369.636
987.476,0,377.431
1014.07,0,399.902
1021.87,0,433.837
1052.36,0,473.275
1031.04,0,396.004
1001,0,420.767
1027.6,0,443.238
1021.41,0,369.636
141
-1264.5,0,-363.5
1009.25,0,305.906
1010.42,0,338.264
1001.19,0,344.357
1003.98,0,369.024
994.744,0,375.117
1033.28,0,343.054
1020.83,0,364.527
994.744,0,375.117
1022,0,396.885
1029.19,0,438.529
1053.22,0,475.677
1037.24,0,400.078
1000.32,0,424.452
1018.34,0,452.312
1019.22,0,372.218
142
-1276.5,0,-364.5
1016.11,0,310.46
1018.76,0,335.619
1007.51,0,349.525
1010.16,0,374.684
994.537,0,371.245
1034.39,0,339.058
1029.23,0,362.497
994.537,0,371.245
1022.35,0,393.749
1043.28,0,447.505
1061.56,0,476.103
1037.98,0,397.188
999.845,0,421.562
1014.69,0,465.786
1027.51,0,370.31
143
-1287.5,0,-365.5
1014.61,0,305.489
1025.27,0,339.106
1008.2,0,344.248
1012.25,0,368.809
1003.07,0,375.256
1041.05,0,341.717
1029.31,0,363.667
996.46,0,366.199
1032.08,0,395.98
1049.35,0,438.654
1069.18,0,465.825
1039.97,0,397.285
1012.45,0,416.625
1012.65,0,464.442
1028.03,0,371.419
144
-1299.5,0,-366.5
1026.64,0,304.655
1029.03,0,329.432
1009.86,0,341.069
1012.26,0,365.845
1002.67,0,371.664
1042.81,0,340.741
1029.63,0,361.857
1004.47,0,364.015
1030.23,0,394.282
1052.39,0,439.846
1081.75,0,454.816
1045.81,0,397.942
1015.25,0,423.047
1004.47,0,468.94
1035.62,0,371.336
145
-1311,0,-366.5
1024.34,0,298.546
1028.26,0,330.704
1010.73,0,344.358
1015.61,0,368.719
1006.85,0,375.546
1042.88,0,340.442
1032.18,0,362.863
1000.02,0,366.779
1028.3,0,394.051
1045.87,0,443.743
1077.05,0,447.624
1043.89,0,395.991
1016.62,0,424.269
1002.03,0,477.878
1031.21,0,370.66
146
-1322.5,0,-367.5
1027.36,0,302.343
1031.23,0,335.051
1014.79,0,341.108
1011.89,0,364.932
1003.18,0,371.931
1046.7,0,336.935
1036.06,0,359.817
1003.18,0,371.931
1031.22,0,399.523
1048.63,0,449.998
1080.54,0,445.825
1046.7,0,401.407
1018.65,0,438.288
1005.11,0,484.994
1035.09,0,367.758
147
-1334.5,0,-367.5
1025.36,0,301.478
1029.41,0,334.18
1012.85,0,340.278
1016.9,0,372.98
1008.15,0,380.001
1052.83,0,336.949
1041.26,0,367.805
1009.09,0,372.056
1029.7,0,398.66
1047.48,0,449.098
1080.59,0,436.901
1045.31,0,400.506
1025,0,438.383
1010.62,0,493.073
1041.26,0,367.805
148
-1347,0,-368.5
1024.19,0,302.415
1035.94,0,335.577
1019.36,0,341.45
1024.26,0,365.838
1006.72,0,379.518
1051.55,0,337.511
1047.68,0,368.739
1006.72,0,379.518
1028.2,0,398.033
1045.82,0,447.776
1079.95,0,428.222
1051.62,0,400.934
1023.37,0,437.068
1015.63,0,499.524
1039.88,0,367.772
149
-1359,0,-368.5
1028.69,0,298.357
1039.07,0,331.932
1021.14,0,344.976
1025.07,0,369.533
1016.1,0,376.054
1054.48,0,334.429
1048.19,0,373.277
1016.1,0,376.054
1036.71,0,395.338
1036.86,0,443.205
1028.05,0,497.593
1052.12,0,397.835
1036.86,0,443.205
1028.05,0,497.593
1041.74,0,364.259
150
-1372,0,-368.5
1033.73,0,306.573
1037.83,0,331.535
1027.4,0,346.07
1031.51,0,371.033
1013.18,0,384.303
1060.27,0,343.228
1047.31,0,373.562
1013.18,0,384.303
1035.62,0,395.995
1034.67,0,452.556
1042.88,0,502.482
1059.31,0,399.789
1042.56,0,453.82
1041.61,0,510.381
1047.31,0,373.562
151
-1384.5,0,-369.5
1032.75,0,303.165
1043.73,0,336.923
1026.85,0,342.41
1037.82,0,376.169
1027.61,0,390.686
1059.43,0,339.285
1053.52,0,378.531
1020.94,0,381.656
1042.13,0,400.897
1026.01,0,454.66
1033.86,0,455.841
1057.83,0,403.259
1041.71,0,457.022
1050.32,0,506.479
1046.85,0,369.501
152
-1396.5,0,-370.5
1032.52,0,306.739
1043.99,0,332.728
1033.53,0,346.901
1037.23,0,371.538
1019,0,384.359
1058.16,0,343.194
1051.4,0,382.004
1019,0,384.359
1039.59,0,403.938
1022.36,0,456.92
1032.83,0,442.748
1064.23,0,400.231
1047,0,453.213
1054.42,0,502.488
1044.99,0,372.89
153
-1408.5,0,-370.5
1027.8,0,306.247
1038.45,0,332.347
1027.67,0,346.112
1038.32,0,372.212
1029.1,0,378.315
1052.22,0,343.123
1053.65,0,375.327
1021.44,0,376.758
1039.75,0,404.415
1015.09,0,447.268
1033.52,0,435.061
1064.3,0,401.426
1053.39,0,455.057
1068.59,0,498.037
1045.98,0,373.769
154
-1421.5,0,-371.5
1030.9,0,298.728
1046.05,0,334.764
1034.67,0,348.031
1036.55,0,372.683
1019.48,0,376.466
1053.64,0,336.665
1051.72,0,376.483
1019.48,0,376.466
1046.02,0,399.235
1011.86,0,439.036
1051.68,0,440.954
1061.19,0,403.035
1063.05,0,459.922
1078.2,0,495.958
1053.62,0,368.9
155
-1435.5,0,-372.5
1033.21,0,298.241
1041.78,0,332.419
1047.76,0,341.816
1048.64,0,374.29
1023.85,0,376.867
1055.46,0,343.521
1048.64,0,374.29
1023.85,0,376.867
1051.21,0,399.071
1010.22,0,438.404
1046.97,0,454.621
1066.6,0,402.481
1070.05,0,459.735
1094,0,497.324
1056.33,0,375.995
156
-1447.5,0,-372.5
1034.09,0,298.786
1041.78,0,333.451
1039.85,0,341.152
1041.76,0,366.186
1022.5,0,377.729
1049.48,0,335.381
1049.46,0,368.116
1022.5,0,377.729
1049.44,0,400.851
1008.99,0,431.638
1039.77,0,472.092
1064.84,0,404.71
1076.37,0,456.708
1099.45,0,495.232
1057.16,0,370.046
157
-1460.5,0,-373.5
1033.14,0,295.51
1041.64,0,329.449
1049.28,0,331.142
1050.14,0,363.387
1025.54,0,365.947
1049.28,0,331.142
1050.14,0,363.387
1016.21,0,371.892
1041.68,0,401.578
1011.99,0,427.052
1026.44,0,470.322
1064.59,0,406.657
1079.04,0,449.927
1110.46,0,488.944
1048.45,0,371.026
158
-1474,0,-372.5
1030.03,0,296.018
1047.4,0,331.276
1055.1,0,332.693
1057.08,0,365.118
1037.41,0,385.54
1047.4,0,331.276
1049.39,0,363.701
1015.75,0,373.537
1042.25,0,402.461
1005.76,0,427.801
1012.58,0,477.147
1065.33,0,406.712
1081.27,0,449.723
1114.03,0,487.816
1047.96,0,371.453
159
-1486.5,0,-374.5
1035.18,0,296.806
1053.36,0,325.171
1059.42,0,334.627
1062.08,0,359.597
1039.78,0,387.232
1043.9,0,331.231
1044.87,0,363.959
1018.2,0,374.382
1044.14,0,404.445
1006.32,0,428.685
1009.95,0,486.383
1067.41,0,409.538
1082.2,0,453.419
1125.35,0,479.12
1050.93,0,373.415
160
-1501.5,0,-373
1032.72,0,291.695
1050.22,0,326.802
1057.97,0,328.25
1059.96,0,360.46
1038.72,0,388.324
1042.47,0,325.353
1044.47,0,357.563
1018.35,0,368.598
1043.59,0,405.153
1006.85,0,430.121
1004.53,0,485.401
1068.27,0,401.808
1082.89,0,452.295
1120.19,0,467.228
1050.78,0,366.701
161
-1516,0,-377.5
1033.41,0,292.967
1050.28,0,328.903
1058.05,0,330.517
1067.14,0,364.839
1046.75,0,384.932
1042.5,0,327.289
1043.82,0,359.998
1017.27,0,370.703
1041.91,0,408.253
1010.52,0,442.28
999.227,0,496.696
1066.85,0,405.321
1086.65,0,466.192
1120.97,0,457.1
1057.76,0,370.999
162
-1530.5,0,-378
1026.74,0,292.714
1044.15,0,327.743
1051.84,0,329.16
1061.56,0,362.771
1041.92,0,383.019
1044.15,0,327.743
1046.17,0,359.937
1011.15,0,377.349
1046.78,0,399.824
1007.5,0,440.319
997.579,0,494.177
1062.17,0,402.659
1075.33,0,460.77
1118.05,0,444.775
1052.45,0,369.048
163
-1543,0,-377.5
1031.76,0,288.851
1046.76,0,324.983
1054.33,0,326.92
1059.81,0,368.694
1031.26,0,385.622
1044.82,0,332.563
1044.65,0,364.819
1016.1,0,381.747
1042.54,0,404.656
1008.18,0,444.323
1009.78,0,501.257
1065.28,0,410.468
1076.4,0,461.759
1114.47,0,439.189
1052.23,0,366.757
164
-1560.5,0,-377.5
1023.65,0,290.615
1041.25,0,326.21
1047.6,0,335.473
1049.58,0,368.155
1013.98,0,385.749
1047.6,0,335.473
1040.32,0,374.505
1013.98,0,385.749
1042.3,0,407.188
1016.49,0,458.92
1014.1,0,515.022
1065.72,0,411.557
1071.13,0,469.115
1109.64,0,435.908
1049.58,0,368.155
165
-1573.5,0,-382
1026.54,0,294.223
1041.82,0,330.684
1039.86,0,338.324
1039.75,0,370.852
1010.8,0,387.872
1049.51,0,332.651
1047.44,0,372.819
1010.8,0,387.872
1037.68,0,411.019
1016.32,0,462.533
1025.73,0,521.915
1062.72,0,409.28
1062.49,0,474.334
1097.29,0,434.394
1047.44,0,372.819
166
-1587,0,-384
1025.73,0,294.384
1042.61,0,330.035
1033.3,0,336.187
1033.15,0,376.412
1014.53,0,388.716
1048.76,0,339.342
1040.87,0,377.99
1012.95,0,396.446
1034.56,0,408.908
1023.52,0,463.015
1035.67,0,521.854
1059.33,0,405.911
1052.86,0,477.054
1085.52,0,435.41
1050.18,0,371.838
167
-1596,0,-385
1024.14,0,296.373
1041.66,0,332.22
1032.37,0,338.617
1032.8,0,379.396
1014.23,0,392.191
1047.99,0,341.549
1040.61,0,380.862
1004.95,0,398.588
1042.52,0,413.779
1024.38,0,467.352
1053.08,0,529.719
1058.13,0,416.71
1046.32,0,479.611
1077.13,0,444.695
1048.42,0,382.328
168
-1608,0,-382.5
1025.24,0,294.394
1033.92,0,328.852
1030.5,0,344.372
1031.42,0,377.121
1010.77,0,396.982
1047.73,0,340.031
1037.47,0,386.59
1003.01,0,395.273
1040.1,0,411.579
1034.19,0,475.368
1062.73,0,530.474
1055.62,0,414.998
1034.19,0,475.368
1073.77,0,443.406
1046.94,0,380.54
169
-1625.5,0,-383
1020.19,0,292.504
1036.08,0,335.709
1017.61,0,348.268
1027.22,0,382.243
1016.51,0,396.278
1051.59,0,338.661
1034.98,0,383.719
999.527,0,401.081
1036.83,0,416.217
1040.53,0,481.213
1073.41,0,519.615
1053.82,0,411.413
1018.74,0,469.029
1069.7,0,454.619
1044.21,0,377.439
170
-1637.5,0,-383
1016.22,0,294.013
1033.01,0,329.74
1022.07,0,343.599
1023.4,0,376.123
1012.46,0,389.983
1046.87,0,340.673
1031.13,0,377.725
995.4,0,394.511
1040.18,0,411.85
1044.43,0,469.167
1081.21,0,525.16
1055.64,0,415.053
1005.78,0,461.16
1052.16,0,470.769
1046.59,0,380.928
171
-1652,0,-383
1022.58,0,291.404
1029.84,0,326.438
1015.95,0,347.583
1023.21,0,382.616
1005.69,0,386.245
1050.99,0,340.325
1032.99,0,376.936
995.91,0,391.926
1040.25,0,411.969
1054.77,0,482.035
1092.95,0,525.276
1055.72,0,416.073
997.012,0,450.156
1044.98,0,487.716
1040.73,0,378.987
172
-1660.5,0,-383.5
1013.77,0,288.105
1021.08,0,330.205
1010.17,0,344.181
1011.4,0,376.906
1002.11,0,383.098
1044.12,0,334.98
1026.77,0,380.089
992.81,0,389.29
1035.68,0,414.406
1055.13,0,475.257
1094.78,0,515.941
1043.37,0,415.998
989.206,0,445.366
1019.56,0,492.241
1036.06,0,373.898
173
-1677.5,0,-383.5
1012.03,0,291.608
1021.26,0,326.127
1010.29,0,340.23
1011.72,0,373.171
1000.76,0,387.274
1043.04,0,338.704
1027.31,0,376.328
985.176,0,384.117
1028.74,0,409.27
1056.57,0,472.047
1096.96,0,512.881
1044.32,0,412.427
981.846,0,440.58
1001.89,0,501.779
1035.1,0,377.907
174
-1692.5,0,-384.5
1013.07,0,289.904
1018.91,0,329.476
1004.35,0,339.71
1010.18,0,379.282
1010.18,0,379.282
1035.8,0,335.071
1018.05,0,378.122
978.729,0,383.921
1023.88,0,417.694
1056.81,0,477.531
1100.8,0,503.39
1039.61,0,415.375
980.203,0,448.396
981.676,0,512.87
1025.91,0,376.963
175
-1706.5,0,-385.5
1004.06,0,285.116
1013.75,0,326.978
1003.65,0,341.662
998.981,0,373.319
1006.74,0,374.464
1035.87,0,338.326
1014.51,0,375.609
973.36,0,385.714
1025.36,0,409.556
1047.07,0,477.45
1100.24,0,493.377
1033.12,0,410.701
979.547,0,451.319
969.043,0,522.548
1022.27,0,376.754
176
-1721.5,0,-386.5
1003.73,0,284.413
1011.46,0,326.514
992.739,0,338.959
1002.04,0,373.267
983.321,0,385.712
1034.84,0,331.223
1009.84,0,374.837
975.528,0,384.142
1019.14,0,409.145
1045.54,0,479.331
1093.87,0,480.958
1026.93,0,410.715
984.777,0,458.981
962.856,0,527.54
1019.2,0,368.614
177
-1737,0,-385.5
1002.21,0,279.956
1011.76,0,321.137
993.857,0,334.267
995.648,0,374.254
978.936,0,379.626
1026.09,0,331.283
1003.41,0,375.448
969.984,0,386.191
1014.15,0,408.87
1034.44,0,483.473
1084.57,0,467.359
1021.91,0,410.064
982.518,0,459.6
956.258,0,527.041
1020.12,0,370.076
178
-1749.5,0,-385
995.947,0,284.775
1006.91,0,326.159
989.201,0,340.014
993.238,0,372.543
966.672,0,393.326
1021.73,0,335.978
1001.13,0,373.507
966.672,0,393.326
1012.09,0,414.891
1019.2,0,487.841
1070.41,0,462.058
1019.98,0,415.855
981.673,0,467.24
965.108,0,537.298
1016.91,0,375.434
179
-1758.5,0,-385
990.837,0,285.042
1000.28,0,326.966
991.301,0,333.678
984.002,0,381.12
958.282,0,393.352
1014.59,0,337.261
991.765,0,382.314
958.282,0,393.352
1002.42,0,416.331
1007,0,489.882
1060.87,0,449.605
1017.95,0,418.719
977.168,0,477.198
966.22,0,548.361
1008.51,0,376.796
180
-1767,0,-389.5
981.289,0,288.046
998.936,0,330.326
997.8,0,338.1
984.348,0,375.838
950.979,0,386.846
1005.58,0,339.236
990.988,0,384.748
949.843,0,394.62
994.22,0,416.982
977.362,0,478.044
982.692,0,550.287
1010.91,0,411.479
977.362,0,478.044
982.692,0,550.287
999.898,0,378.109
181
-1788,0,-388
983.886,0,283.02
992.905,0,324.622
982.482,0,338.898
983.706,0,379.185
949.899,0,389.519
998.072,0,341.526
982.392,0,386.98
940.79,0,395.999
984.93,0,419.473
973.103,0,489.626
995.083,0,549.446
1009.63,0,415.621
980.898,0,490.94
995.083,0,549.446
999.296,0,381.814
182
-1802.5,0,-384
973.651,0,283.432
985.401,0,324.098
1000.27,0,333.477
995.594,0,380.408
986.993,0,387.451
983.844,0,339.742
979.171,0,386.672
938.505,0,398.422
983.878,0,418.738
953.404,0,486.798
983.913,0,497.735
1007.34,0,421.074
976.87,0,489.134
1002.71,0,547.002
995.594,0,380.408
183
-1817,0,-384.5
967.77,0,285.344
984.909,0,328.145
999.266,0,338.464
1000.79,0,378.753
976.116,0,382.791
982.397,0,343.758
974.86,0,390.597
925.509,0,398.674
977.642,0,423.08
936.367,0,480.508
970.106,0,469.919
993.255,0,425.592
981.95,0,495.851
1021.25,0,550.227
992.986,0,377.496
184
-1830,0,-390.5
967.888,0,283.596
986.649,0,326.304
1001.51,0,336.259
1024.31,0,347.223
1010.32,0,393.83
976.694,0,341.167
962.702,0,387.774
921.002,0,398.599
974.536,0,421.537
927.79,0,472.042
999.214,0,481.127
998.344,0,424.565
988.25,0,503.926
1030.82,0,549.662
987.519,0,382.866
185
-1845.5,0,-389
963.471,0,283.509
973.936,0,324.795
996.413,0,335.764
1026.73,0,347.776
1005.84,0,384.89
964.01,0,339.432
957.752,0,386.472
916.466,0,396.937
961.42,0,418.875
908.122,0,459.657
967.713,0,491.521
984.94,0,422.004
991.233,0,494.65
1040.9,0,541.151
974.475,0,380.718
186
-1862.5,0,-389
948.873,0,283.192
969.744,0,324.317
992.853,0,333.884
1023.29,0,351.901
997.386,0,381.78
960.736,0,339.536
949.491,0,386.312
901.595,0,390.845
963.032,0,418.988
897.12,0,453.96
948.989,0,505.211
970.921,0,419.548
997.443,0,492.789
1049.31,0,544.04
973.718,0,380.101
187
-1870,0,-389
946.861,0,277.911
965.068,0,320.013
979.627,0,329.886
1016.54,0,350.669
980.163,0,385.509
947.397,0,333.534
941.173,0,380.322
893.348,0,381.895
951.582,0,421.386
891.809,0,453.115
923.537,0,512.887
959.38,0,422.424
997.868,0,491.032
1048.3,0,529.486
965.604,0,375.636
188
-1890,0,-389
945.447,0,280.884
958.802,0,321.087
981.89,0,330.35
1019.74,0,356.258
979.069,0,377.466
942.157,0,335.852
931.484,0,382.498
884.368,0,379.677
944.838,0,422.701
880.137,0,450.351
899.464,0,522.435
952.691,0,423.171
996.046,0,488.812
1056.99,0,523.983
955.511,0,376.055
189
-1903,0,-393.5
940.205,0,284.184
955.282,0,323.88
979.092,0,332.305
1018.53,0,356.833
978.174,0,371.628
939.103,0,331.371
922.005,0,378.185
874.018,0,377.064
937.082,0,417.881
880.179,0,455.896
878.526,0,526.677
952.894,0,426.119
991.414,0,489.969
1054.85,0,515.057
953.996,0,378.932
190
-1915,0,-391
929.192,0,280.995
943.273,0,328.694
966.85,0,329.512
997.195,0,362.039
965.486,0,368.806
927.283,0,336.007
902.342,0,374.483
863.048,0,373.119
932.141,0,422.728
875.765,0,460.113
857.592,0,530.297
947.859,0,423.273
976.84,0,495.094
1047.57,0,497.549
949.496,0,376.12
191
-1932.5,0,-395.5
922.682,0,278.902
942.97,0,328.585
966.9,0,330.406
987.796,0,372.112
955.888,0,369.684
926.409,0,335.347
898.835,0,381.388
851.581,0,369.768
927.1,0,431.678
867.619,0,475.29
854.785,0,538.498
943.054,0,432.892
969.498,0,507.113
1042.5,0,496.623
938.72,0,384.423
192
-1942,0,-395
918.521,0,274.172
930.397,0,322.468
953.278,0,332.206
973.625,0,373.297
942.906,0,362.925
913.454,0,336.877
886.772,0,374.167
840.377,0,362.528
913.691,0,431.567
862.861,0,474.795
849.322,0,544.704
937.205,0,433.468
947.18,0,505.277
1020.26,0,479.626
933.167,0,385.806
193
-1964,0,-388.5
907.308,0,284.443
929.537,0,325.453
952.815,0,342.487
951.067,0,382.449
927.789,0,365.415
912.853,0,340.739
871.493,0,370.96
831.531,0,369.212
916.65,0,436.997
866.598,0,482.853
855.46,0,554.435
924.643,0,437.346
937.131,0,517.969
1002.47,0,488.797
927.09,0,381.4
194
-1986,0,-387.5
899.916,0,283.819
919.32,0,332.893
942.146,0,342.783
932.256,0,365.609
908.745,0,363.556
902.962,0,339.361
861.04,0,367.286
814.019,0,363.18
902.586,0,434.088
866.447,0,486.208
859.603,0,564.576
918.259,0,435.456
919.252,0,514.509
977.532,0,480.116
914.529,0,387.751
195
-1999,0,-388.5
898.401,0,285.325
910.871,0,334.042
933.994,0,343.626
923.893,0,374.822
,,
894.534,0,340.879
852.865,0,369.878
806.065,0,358.646
911.582,0,437.763
867.703,0,498.508
878.515,0,571.034
911.582,0,437.763
898.166,0,516.578
955.62,0,488.677
914.896,0,390.145
196
-2018,0,-388.5
892.103,0,290.717
904.504,0,336.812
924.002,0,348.043
913.356,0,400.338
808.181,0,346.249
891.206,0,348.628
845.111,0,361.029
802.566,0,355.998
908.326,0,442.883
871.084,0,518.81
885.552,0,572.587
900.643,0,444.95
871.084,0,518.81
940.225,0,500.209
903.607,0,394.722
197
-2023.5,0,-392.5
873.744,0,303.253
891.767,0,339.105
911.117,0,350.106
908.464,0,399.807
794.453,0,341.386
878.679,0,350.866
833.152,0,363.389
788.952,0,351.061
896.136,0,444.007
863.132,0,502.056
899.178,0,573.759
896.136,0,444.007
842.456,0,515.905
912.833,0,504.709
898.789,0,394.306
198
-2046.5,0,-391.5
872.942,0,291.141
889.013,0,342.031
904.726,0,344.531
838.122,0,358.102
838.122,0,358.102
879.906,0,348.638
830.266,0,356.853
775.268,0,348.103
896.334,0,447.919
869.372,0,516.13
909.013,0,570.77
888.478,0,446.669
831.338,0,502.024
892.942,0,519.88
888.12,0,398.279
199
-2062,0,-393.5
868.485,0,288.773
878.262,0,337.575
893.881,0,339.522
846.053,0,341.491
850.92,0,302.445
869.48,0,344.411
821.652,0,346.379
774.797,0,340.539
889.036,0,442.014
872.466,0,511.323
921.289,0,564.991
881.227,0,441.04
810.966,0,495.726
869.546,0,534.75
879.258,0,393.212
200
-2054.5,0,-392.5
872.732,0,285.787
875.44,0,333.579
882.411,0,342.254
836.324,0,329.316
847.558,0,298.875
873.735,0,349.225
810.297,0,350.228
764.21,0,337.289
872.18,0,436.133
871.478,0,515.218
929.802,0,561.155
872.18,0,436.133
795.803,0,483.223
836.775,0,543.101
876.443,0,397.017
201
-2069.5,0,-394.5
849.652,0,288.408
857.738,0,335.596
873.593,0,343.407
826.057,0,327.842
841.739,0,288.437
865.68,0,343.436
802.376,0,343.668
754.84,0,328.104
866.027,0,437.87
874.228,0,516.536
937.677,0,555.651
858.114,0,437.899
787.07,0,485.378
811.069,0,556.116
865.853,0,390.653
202
-2116.5,0,-400.5
853.095,0,286.514
857.029,0,334.237
864.223,0,342.734
818.455,0,323.133
829.559,0,284.558
848.532,0,341.431
793.615,0,336.869
747.195,0,325.113
856.402,0,436.878
874.071,0,509.441
934.227,0,546.037
848.556,0,436.226
773.386,0,485.278
774.714,0,564.383
852.467,0,389.155
203
-2135.5,0,-402.5
844.443,0,289.592
844.638,0,337.081
852.586,0,344.963
812.882,0,313.466
820.634,0,273.86
844.671,0,344.996
789.235,0,337.308
741.681,0,321.673
845.061,0,439.974
869.098,0,511.11
932.546,0,542.509
837.146,0,440.006
766.14,0,495.702
750.602,0,567.001
844.866,0,392.485
204
-2162.5,0,-403
828.891,0,296.019
837.694,0,335.833
845.787,0,343.655
805.325,0,304.544
820.266,0,264.202
829.957,0,344.007
774.376,0,337.239
664.991,0,403.685
840.003,0,439.808
857.609,0,519.436
921.282,0,534.026
824.174,0,440.159
762.277,0,505.55
739.954,0,570.061
831.023,0,391.995
205
-2182.5,0,-404
827.248,0,296.878
826.364,0,336.664
842.102,0,344.975
803.376,0,296.348
812.217,0,256.738
818.23,0,344.444
674.293,0,373.092
723.45,0,310.495
633.977,0,396.08
838.214,0,520.033
672.173,0,468.579
816.109,0,439.931
758.995,0,502.352
655.905,0,484.14
825.127,0,392.364
206
-2215,0,-405.5
654.273,0,317.491
652.49,0,339.93
640.389,0,350.14
632.555,0,377.685
806.238,0,252.07
674.017,0,353.167
683.444,0,376.615
686.82,0,405.169
647.141,0,407.247
649.625,0,447.02
681.471,0,472.486
664.401,0,403.151
666.885,0,442.924
668.478,0,493.916
654.974,0,379.703
207
-2226.5,0,-406
669.707,0,309.043
669.166,0,340.698
653.119,0,348.34
644.757,0,371.946
644.352,0,395.687
692.9,0,349.02
700.451,0,372.897
709.624,0,301.809
660.264,0,395.959
801.315,0,525.024
690.873,0,467.726
684.133,0,396.366
753.712,0,516.295
682.646,0,483.417
668.626,0,372.353
208
-2247.5,0,-405
678.424,0,308.032
685.467,0,340.068
669.335,0,347.566
660.7,0,371.195
660.018,0,395.052
701.144,0,348.475
716.366,0,372.787
702.509,0,300.762
675.923,0,395.507
674.558,0,443.221
697.505,0,475.712
691.827,0,395.962
690.463,0,443.676
697.278,0,483.665
684.557,0,371.878
209
-2260.5,0,-406
692.071,0,310.584
698.576,0,334.884
681.621,0,349.761
672.157,0,373.069
670.677,0,396.873
769.944,0,347.285
728.049,0,376.542
726.569,0,400.346
686.647,0,397.865
691.672,0,445.97
713.654,0,479.197
710.6,0,399.354
708.135,0,439.027
713.16,0,487.132
696.111,0,374.557
210
-2262.5,0,-405.5
778.081,0,294.33
711.557,0,337.511
694.629,0,352.296
684.978,0,375.644
683.196,0,399.577
726.704,0,346.661
720.615,0,322.141
699.38,0,288.472
698.936,0,400.749
695.967,0,440.639
725.072,0,474.894
722.547,0,402.507
719.577,0,442.396
724.478,0,482.872
708.588,0,377.401
211
-2286.5,0,-406.5
768.249,0,289.142
773.399,0,342.175
702.689,0,349.043
701.901,0,377.67
696.89,0,399.57
738.044,0,345.609
710.205,0,316.193
695.821,0,278.332
718.79,0,404.581
708.768,0,448.381
732.385,0,471.069
729.74,0,407.086
737.396,0,449.169
743.335,0,473.574
771.822,0,399.43
212
-2294,0,-407.5
769.455,0,282.412
761.106,0,328.307
778.899,0,330.149
709.568,0,304.985
702.946,0,264.734
738.648,0,336.772
719.876,0,309.65
803.084,0,235.539
750.05,0,435.067
698.628,0,480.098
754.83,0,493.111
760.358,0,439.731
765.137,0,497.776
757.651,0,500.597
758.4,0,389.173
213
-2293.5,0,-412
758.893,0,283.715
762.507,0,323.023
778.953,0,329.439
782.478,0,281.546
805.339,0,271.516
747.507,0,332.33
712.446,0,295.914
711.001,0,280.191
749.043,0,435.253
680.458,0,465.344
746.242,0,491.007
749.043,0,435.253
779.857,0,511.7
808.502,0,564.563
760.429,0,386.638
214
-2311.5,0,-413
573.307,0,336.349
566.881,0,360.817
566.881,0,360.817
714.409,0,287.093
786.577,0,410.673
582.847,0,359.78
584.404,0,383.729
585.96,0,407.679
739.716,0,429.752
668.905,0,450.389
727.901,0,494.655
576.939,0,392.231
579.534,0,432.147
581.609,0,464.08
752.569,0,380.816
215
-2329,0,-413
591.499,0,337.278
590.04,0,359.717
578.821,0,358.987
577.362,0,381.426
565.414,0,391.916
606.505,0,366.42
605.046,0,388.859
710.984,0,232.377
587.853,0,393.375
663.471,0,443.357
705.431,0,491.151
599.072,0,394.104
597.613,0,416.542
595.426,0,450.2
588.582,0,382.155
216
-2344.5,0,-415.5
599.571,0,337.966
598.752,0,361.513
771.974,0,351.82
582.235,0,384.513
573.84,0,399.938
803.369,0,352.911
613.631,0,385.605
809.308,0,408.127
777.912,0,407.035
588.446,0,431.88
587.355,0,463.275
605.236,0,401.03
604.144,0,432.426
610.901,0,464.094
598.206,0,377.21
217
-2360.5,0,-416.5
803.38,0,317.702
804.62,0,346.358
791.862,0,355.52
715.489,0,262.629
715.961,0,222.894
826.712,0,350.193
838.997,0,380.766
829.192,0,407.505
799.009,0,419.331
650.277,0,427.644
674.849,0,488.791
739.115,0,403.247
764.926,0,493.05
811.294,0,449.904
741.3,0,352.432
218
-2375.5,0,-418.5
806.646,0,320.695
817.532,0,350.381
795.268,0,358.545
796.011,0,383.531
789.332,0,411.239
835.097,0,352.359
838.561,0,384.767
839.304,0,409.753
806.897,0,413.217
795.518,0,451.068
804.426,0,498.318
824.461,0,415.196
838.069,0,452.303
846.976,0,499.554
813.575,0,385.51
219
-2389,0,-419.5
825.458,0,319.765
831.077,0,344.261
813.727,0,358.553
811.435,0,382.285
801.232,0,405.253
846.134,0,353.699
859.662,0,378.959
848.695,0,409.837
824.2,0,415.456
812.468,0,454.244
816.558,0,494.561
840.785,0,409.073
852.785,0,450.154
864.022,0,499.146
835.167,0,384.577
220
-2403.5,0,-420.5
836.445,0,325.765
842.602,0,350.302
826.042,0,357.066
823.616,0,388.974
813.819,0,412.298
857.95,0,359.492
872.084,0,384.636
862.287,0,407.961
837.75,0,414.118
826.74,0,453.396
823.101,0,501.258
853.704,0,415.331
866.625,0,456.429
879.546,0,497.527
847.547,0,390.794
221
-2419,0,-424.5
844.316,0,324.213
849.662,0,348.369
832.476,0,362.308
830.04,0,385.652
827.605,0,408.995
872.194,0,358.586
877.54,0,382.741
875.104,0,406.085
850.949,0,411.431
838.296,0,457.307
826.456,0,495.401
866.511,0,413.055
878.014,0,453.585
889.518,0,494.115
853.384,0,388.087
222
-2431.5,0,-426.5
859.725,0,320.662
862.406,0,353.021
853.362,0,359.52
840.501,0,389.333
836.684,0,412.648
884.449,0,364.609
896.174,0,390.469
884.585,0,412.511
859.998,0,416.465
853.636,0,455.323
838.23,0,500.679
884.585,0,412.511
893.766,0,453.913
901.674,0,503.087
865.088,0,385.379
223
-2444.5,0,-428.5
867.436,0,324.636
878.774,0,357.683
862.25,0,363.352
851.396,0,385.545
847.247,0,416.519
894.261,0,359.758
906.636,0,385.062
894.744,0,414.998
870.477,0,419.63
865.291,0,458.347
843.582,0,502.733
894.744,0,414.998
905.045,0,455.789
915.346,0,496.58
882.369,0,389.694
224
-2458,0,-429.5
885.425,0,326.425
888.042,0,358.757
871.362,0,364.002
866.275,0,395.072
862.459,0,418.374
903.449,0,361.28
915.042,0,387.105
909.954,0,418.175
885.571,0,422.159
871.508,0,459.735
856.173,0,505.079
902.251,0,416.914
911.299,0,458.274
928.052,0,500.896
890.658,0,391.088
225
-2472.5,0,-430.5
889.941,0,330.125
895.59,0,354.156
878.624,0,368.287
876.499,0,391.61
874.373,0,414.933
918.204,0,364.056
923.853,0,388.087
921.019,0,419.184
896.987,0,424.833
885.67,0,462.995
865.871,0,508.224
913.244,0,418.475
925.25,0,458.764
945.03,0,499.76
899.821,0,393.736
226
-2483.5,0,-431.5
903.118,0,333.233
906.954,0,358.197
896.576,0,372.695
884.89,0,395.085
880.965,0,418.762
928.928,0,369.949
940.524,0,396.199
936.598,0,419.876
902.938,0,430.514
896.396,0,469.975
880.784,0,516.042
927.529,0,426.482
936.508,0,468.516
953.248,0,511.838
915.933,0,400.232
227
-2496,0,-433.5
914.301,0,331.767
918.2,0,364.52
901.319,0,370.438
897.282,0,402.182
894.254,0,425.991
940.999,0,375.484
945.907,0,400.302
942.88,0,424.11
918.062,0,429.018
905.08,0,467.69
899.024,0,515.306
934.944,0,423.101
953.706,0,465.809
972.467,0,508.517
922.099,0,397.274
228
-2507,0,-435.5
924.564,0,333.652
928.391,0,366.414
911.496,0,372.295
907.39,0,404.03
904.31,0,427.831
951.166,0,377.428
956.02,0,402.256
952.94,0,426.058
928.111,0,430.911
914.018,0,477.488
908.884,0,517.157
945.006,0,425.031
963.674,0,467.78
982.342,0,510.529
932.218,0,399.176
229
-2519.5,0,-436.5
930.218,0,337.489
935.008,0,361.706
925.294,0,376.209
914.595,0,398.456
911.641,0,421.689
957.255,0,372.404
969.789,0,397.606
965.849,0,428.582
933.888,0,432.387
921.22,0,470.123
915.311,0,516.587
950.361,0,426.613
968.669,0,468.288
994.721,0,510.948
945.572,0,402.396
230
-2532,0,-438.5
943.658,0,339.835
948.587,0,364.087
930.715,0,377.517
927.71,0,400.743
924.705,0,423.969
971.387,0,374.909
984.249,0,400.188
972.308,0,430.129
947.504,0,434.791
934.561,0,472.474
928.55,0,518.925
964.374,0,429.102
983.166,0,470.892
1009.89,0,513.708
951.512,0,403.823
231
-2543.5,0,-441.5
956.011,0,341.805
960.845,0,366.076
942.922,0,379.437
939.828,0,402.651
928.803,0,424.808
975.673,0,375.928
988.438,0,401.257
984.312,0,432.209
951.561,0,435.718
946.402,0,474.408
940.212,0,520.836
976.382,0,431.152
995.013,0,473.013
1022.61,0,508.194
963.617,0,405.823
232
-2554.5,0,-444.5
966.671,0,345.948
972.564,0,370.55
955.239,0,385.105
945.192,0,408.323
943.114,0,432.233
987.811,0,379.905
1001.67,0,405.2
998.904,0,437.079
966.332,0,442.28
954.9,0,481.437
950.745,0,529.257
982.964,0,435.695
1003.41,0,477.622
1031.83,0,520.241
969.101,0,410.4
233
-2566,0,-446.5
969.288,0,342.322
974.525,0,374.889
965.871,0,382.176
955.166,0,413.375
953.116,0,437.288
998.437,0,376.939
1011.65,0,410.189
1009.59,0,434.101
977.028,0,439.338
965.641,0,478.508
961.54,0,526.333
992.97,0,440.705
1005.49,0,481.925
1042.61,0,517.226
979.762,0,407.455
234
-2579,0,-450.5
978.521,0,339.319
981.27,0,371.389
971.084,0,385.564
967.365,0,408.686
954.7,0,438.277
1004.39,0,375.107
1014.85,0,408.416
1011.13,0,431.538
977.823,0,441.995
971.625,0,480.532
971.896,0,528.016
1002.18,0,438.006
1011.4,0,479.022
1044.98,0,516.049
990.488,0,412.405
235
-2589,0,-451.5
988.647,0,345.89
992.899,0,378.063
976.367,0,384.1
972.799,0,415.381
970.123,0,438.841
1016.36,0,380.739
1020.61,0,412.912
1025.76,0,437.265
985.764,0,440.625
981.304,0,479.727
983.773,0,527.54
1010.12,0,435.481
1020.41,0,484.186
1055.94,0,519.927
997.152,0,410.236
236
-2599,0,-454.5
995.6,0,348.627
1001.02,0,372.711
983.916,0,386.679
981.567,0,409.98
970.667,0,440.265
1023.53,0,382.828
1028.17,0,414.679
1033.59,0,438.764
993.968,0,442.615
990.052,0,481.45
993.119,0,528.836
1017.27,0,444.964
1028.89,0,485.366
1064.59,0,520.35
1004.87,0,412.33
237
-2609.5,0,-457
1002.81,0,346.879
1007.3,0,378.751
990.96,0,384.879
987.69,0,415.934
985.238,0,439.224
1030.59,0,381.203
1042.85,0,413.892
1040.4,0,437.182
999.948,0,448.623
1003.62,0,488.258
1006.48,0,535.656
1024.06,0,443.311
1035.5,0,483.764
1071.04,0,518.904
1010.98,0,418.386
238
-2619,0,-459.5
1015.38,0,346.903
1020.25,0,378.974
1003.25,0,393.206
993.292,0,415.997
991.111,0,439.509
1035.07,0,388.253
1048.43,0,413.207
1045.52,0,444.556
1013.7,0,449.509
1010.07,0,488.696
1013.48,0,536.441
1029.98,0,443.114
1041.89,0,483.743
1077.84,0,518.698
1024.38,0,418.881
239
-2630,0,-462
1019.22,0,355.376
1025.54,0,379.45
1008.81,0,394.138
1007.28,0,417.701
997.899,0,440.754
1048.6,0,388.835
1054.41,0,420.763
1060.73,0,444.836
1020.95,0,450.139
1018.4,0,489.411
1023.19,0,537.048
1045.03,0,443.816
1049.82,0,491.453
1087.05,0,525.422
1030.85,0,419.232
240
-2638.5,0,-466.5
1027.49,0,350.369
1038.28,0,383.569
1020.52,0,396.688
1009.32,0,418.687
1005.84,0,441.846
1053.72,0,385.889
1064.52,0,419.089
1068.76,0,443.409
1029,0,445.327
1029.76,0,492.806
1030.52,0,540.284
1052.16,0,448.808
1054.08,0,488.567
1095.76,0,526.407
1040.2,0,423.328
241
-2647,0,-469.5
1032.79,0,352.591
1044.17,0,385.902
1027.51,0,391.589
1023.28,0,422.789
1012.32,0,445.132
1067.56,0,389.071
1071.14,0,421.327
1075.77,0,445.782
1035.71,0,448.3
1037.18,0,496.155
1046.44,0,545.067
1059.11,0,451.469
1061.63,0,491.525
1104.21,0,529.061
1047.74,0,418.158
242
-2656,0,-472.5
1047.8,0,358.129
1052.14,0,383.052
1033.94,0,396.496
1029.19,0,428.141
1025.62,0,451.874
1074.69,0,394.53
1085.75,0,428.553
1090.1,0,453.475
1049.35,0,455.441
1051.32,0,496.186
1060.01,0,546.031
1066.36,0,449.908
1075.05,0,499.753
1109.85,0,537.343
1054.11,0,423.797
243
-2667,0,-474.5
1051.91,0,362.57
1057.32,0,387.282
1039.72,0,401.499
1037.18,0,425.364
1033.8,0,457.185
1080.34,0,397.776
1093.71,0,423.334
1090.33,0,455.154
1057.66,0,459.724
1061.38,0,500.346
1064.26,0,548.923
1074.42,0,453.462
1077.3,0,502.039
1113.69,0,538.091
1061.05,0,427.904
244
-2674.5,0,-478.5
1059.39,0,359.542
1062.49,0,391.846
1053.54,0,398.46
1041.07,0,428.424
1037.56,0,451.775
1085.84,0,395.356
1096.73,0,428.83
1101,0,453.35
1060.91,0,455.285
1069.46,0,504.326
1070.23,0,552.197
1085.44,0,451.011
1078.42,0,497.712
1112.65,0,534.696
1065.59,0,424.15
245
-2685.5,0,-481.5
1063.49,0,362.787
1075.82,0,388.862
1057.66,0,402.36
1053,0,434.018
1041.59,0,456.596
1098.4,0,400.275
1109.57,0,434.265
1106.07,0,458.009
1073.24,0,461.26
1074.16,0,509.913
1084.16,0,551.818
1090.24,0,455.677
1091.16,0,504.33
1124.9,0,549.733
1077.91,0,429.601
246
-2695.5,0,-485.5
1068.2,0,362.563
1079.15,0,388.513
1060.88,0,400.934
1055.02,0,431.63
1050.63,0,454.653
1100.71,0,400.578
1111.67,0,426.529
1113.49,0,458.689
1073.65,0,459.044
1080.22,0,508.016
1088.25,0,549.315
1098.14,0,455.761
1089.36,0,501.806
1121.87,0,539.822
1079.51,0,428.347
247
-2707.5,0,-487.5
1078.87,0,369.306
1090.19,0,395.834
1071.53,0,408.627
1067.12,0,432.22
1061.25,0,463.677
1112.32,0,408.101
1123.64,0,434.629
1125.64,0,467.554
1086.31,0,460.215
1093.24,0,510.336
1100.16,0,560.457
1103.51,0,455.287
1101.1,0,511.804
1133.08,0,558.463
1090.72,0,436.623
248
-2717.5,0,-490.5
1088.33,0,371.236
1091.86,0,395.887
1081.3,0,409.979
1069.33,0,431.818
1063.71,0,462.813
1113.7,0,407.853
1124.98,0,433.91
1127.1,0,466.31
1086.95,0,467.03
1103.17,0,509.99
1110.23,0,559.292
1111.61,0,463.499
1103.17,0,509.99
1134.88,0,555.761
1100.33,0,437.442
249
-2726.5,0,-493.5
1093.51,0,372.223
1098.55,0,396.407
1081.23,0,410.119
1078.51,0,433.399
1067.14,0,463.535
1120.93,0,406.879
1132.83,0,439.727
1136.98,0,471.671
1098.18,0,467.151
1108.27,0,515.519
1119.28,0,556.127
1114.6,0,461.199
1108.27,0,515.519
1134.8,0,557.935
1101.79,0,436.111
250
-2736.5,0,-495.5
1102.65,0,369.659
1105.94,0,402.434
1088.25,0,416.111
1084.92,0,439.879
1073.85,0,462.563
1128.05,0,413.609
1140.19,0,439.545
1143.49,0,472.319
1104.8,0,466.899
1113.61,0,516.603
1122.43,0,566.307
1120.27,0,469.067
1113.61,0,516.603
1137.9,0,568.475
1108.13,0,443.131
251
-2747.5,0,-497.5
1107,0,371.609
1111.68,0,403.739
1094.44,0,417.834
1092.07,0,441.34
1081.87,0,464.058
1134.4,0,413.939
1147.71,0,439.021
1152.39,0,471.151
1113.21,0,467.211
1116.32,0,515.011
1135.1,0,564.389
1128.88,0,468.787
1124.16,0,515.8
1135.1,0,564.389
1115.58,0,443.704
252
-2755.5,0,-499.5
1115.12,0,379.794
1119.51,0,404.308
1101.65,0,417.622
1098.24,0,441
1085.91,0,471.034
1141.75,0,415.508
1153.93,0,441.158
1157.18,0,473.464
1118.21,0,467.785
1126.98,0,516.813
1143.55,0,566.976
1133.8,0,470.057
1126.98,0,516.813
1143.55,0,566.976
1121.62,0,444.407
253
-2765,0,-501
1119.93,0,377.389
1123.93,0,409.611
1106.39,0,423.336
1103.52,0,446.787
1092.84,0,469.283
1147.38,0,412.475
1159.2,0,445.652
1163.19,0,477.874
1124.11,0,473.101
1134.02,0,521.912
1151.74,0,571.677
1139.74,0,475.01
1134.02,0,521.912
1143.92,0,570.723
1126.97,0,449.65
254
-2771,0,-504
1126.19,0,377.275
1130.13,0,409.505
1112.56,0,423.195
1109.65,0,446.641
1098.93,0,469.116
1152.61,0,420.229
1165.33,0,445.614
1169.26,0,477.844
1130.19,0,472.995
1147.81,0,522.795
1157.62,0,571.625
1145.82,0,474.935
1132.18,0,520.855
1141.99,0,569.685
1133.1,0,449.55
255
-2779.5,0,-506
1130.94,0,384.444
1135.94,0,409.043
1126.13,0,423.839
1114.4,0,454.393
1103.64,0,477.068
1158.61,0,419.809
1170.52,0,453.249
1174.55,0,485.727
1135.15,0,480.916
1153.02,0,531.077
1171.84,0,573.358
1151.87,0,474.962
1137.26,0,529.152
1147.25,0,578.35
1146.88,0,450.363
256
-2788,0,-509
1137.2,0,386.444
1141.84,0,411.094
1131.92,0,425.778
1119.88,0,456.195
1108.9,0,478.746
1164.19,0,422.109
1175.57,0,455.675
1179.14,0,488.191
1147.93,0,483.993
1158.25,0,525.426
1175.31,0,575.774
1156.79,0,477.176
1141.58,0,531.193
1143.04,0,579.443
1152.16,0,452.526
257
-2796,0,-511
1144.72,0,383.841
1147.55,0,416.202
1137.22,0,430.49
1133.46,0,453.815
1114.04,0,474.618
1169.81,0,427.759
1181.72,0,453.606
1184.55,0,485.967
1153.21,0,480.923
1169.21,0,531.356
1185.2,0,581.788
1161.05,0,482.184
1153.54,0,528.834
1144.78,0,583.258
1158.22,0,449.823
258
-2803,0,-514
1149.01,0,390.127
1152.86,0,422.619
1144.02,0,429.498
1132.18,0,460
1121.34,0,482.628
1176.38,0,425.605
1188.06,0,459.093
1184.06,0,490.591
1160.54,0,487.604
1171.22,0,528.967
1195.58,0,588.068
1169.38,0,480.726
1154.54,0,534.85
1147.54,0,589.97
1164.54,0,456.107
259
-2809.5,0,-514
1153.48,0,387.236
1163.93,0,420.971
1145.58,0,433.844
1141.63,0,457.147
1129.82,0,479.119
1178.32,0,431.403
1190.07,0,457.37
1192.66,0,489.774
1169.1,0,485.778
1184.76,0,536.381
1200.42,0,586.984
1178.27,0,479.342
1161.19,0,532.386
1151.97,0,586.761
1165.19,0,461.143
260
-2816,0,-517
1155.35,0,390.066
1164.33,0,424.185
1153.31,0,437.956
1148.41,0,461.079
1135.75,0,482.558
1187.61,0,429.117
1196.59,0,463.235
1197.82,0,495.71
1166.78,0,489.134
1189.65,0,534.248
1210.89,0,587.07
1176.17,0,483.07
1164.74,0,537.024
1153.31,0,590.977
1173.32,0,458.303
261
-2822,0,-518
1163.39,0,394.051
1045.53,0,438.658
1156.81,0,433.199
1151.55,0,464.518
1139.94,0,486.719
1188.8,0,430.521
1198.87,0,464.415
1201.27,0,497.022
1037.64,0,485.636
1193.38,0,544
1209.81,0,587.012
1054.29,0,480.382
1056.7,0,512.989
1153.51,0,593.657
1175.87,0,460.552
262
-2827,0,-520
1165.04,0,397.534
1175.97,0,435.705
1036.14,0,449.323
1158.32,0,472.15
1139.14,0,497.469
1193.42,0,438.966
1067.79,0,473.3
1202.63,0,505.717
1047.07,0,487.494
1039.01,0,511.279
1043.62,0,544.655
1058.19,0,485.96
1062.8,0,519.335
1062.61,0,559.041
1050.33,0,470.039
263
-2833,0,-520
1169.89,0,404.635
1056.95,0,446.272
1040.99,0,453.8
1037.29,0,471.054
1146.45,0,497.101
1190.7,0,441.341
1205.38,0,473.184
1209.02,0,506.36
1044.63,0,486.976
1042.14,0,515.289
1216.29,0,572.711
1061.8,0,490.507
1065.44,0,523.682
1069.07,0,556.858
1183.29,0,475.849
264
-2841.5,0,-525
1178.29,0,404.997
1182.87,0,446.756
1173.16,0,452.106
1164.69,0,482.082
1150.75,0,502.421
1198.04,0,451.045
1214.43,0,479.96
1213.54,0,512.081
1188.67,0,513.142
1175.96,0,558.107
1165.37,0,595.578
1196.26,0,515.287
1175.96,0,558.107
1165.37,0,595.578
1189.56,0,481.021
265
-2847,0,-525.5
1177.69,0,399.703
1189,0,432.951
1179.29,0,447.58
1168.56,0,470.022
1157.83,0,492.464
1203.36,0,442.759
1214.67,0,476.007
1210.62,0,507.26
1196.26,0,497.452
1213.23,0,547.324
1238.9,0,590.38
1196.26,0,497.452
1182.49,0,543.334
1167.71,0,597.029
1191.62,0,473.015
266
-2852.5,0,-527.5
1186.53,0,400.375
1196,0,434.253
1185.38,0,448.275
1180.97,0,471.496
1168.88,0,493.258
1209.89,0,444.911
1220.83,0,471.05
1222.62,0,503.47
1199.59,0,499.093
1067.93,0,522.194
1244.83,0,595.907
1090.64,0,486.41
1189.3,0,553.276
1172.79,0,598.258
1078.22,0,468.012
267
-2857,0,-528.5
1082.47,0,425.375
1084.93,0,449.992
1067.45,0,449.255
1062.78,0,477.073
1051.7,0,490.613
1095.27,0,453.931
1220.08,0,483.711
1215.41,0,511.529
1076.32,0,488.15
1067.7,0,526.307
1066.23,0,561.264
1086.66,0,492.088
1092.32,0,523.844
1090.85,0,558.801
1199.4,0,475.834
268
-2858.5,0,-527.5
1087.04,0,422.471
1087.4,0,446.094
1189.88,0,452.417
1072.01,0,469.955
1174.85,0,499.9
1103.27,0,453.729
1111.5,0,477.232
1222.33,0,514.932
1080.12,0,485.583
1080.72,0,524.954
1073.32,0,556.57
1095.87,0,485.345
1096.47,0,524.715
1104.82,0,556.092
1087.76,0,469.716
269
-2867.5,0,-531
1094.61,0,426.277
1094.25,0,450.275
1198.23,0,451.85
1077.88,0,474.029
1069.64,0,489.906
1110.24,0,450.517
1117.88,0,474.635
1229.26,0,516.328
1085.64,0,490.149
1085.03,0,530.144
1084.55,0,562.14
1101.64,0,490.391
1109.03,0,530.508
1108.55,0,562.504
1093.88,0,474.272
270
-2872.5,0,-532
1104.1,0,426.66
1104.47,0,450.657
1088.87,0,458.895
1081.25,0,475.012
1183.93,0,505.46
1120.31,0,458.418
1120.67,0,482.416
1231.34,0,520.743
1089.35,0,490.891
1089.96,0,530.887
1090.44,0,562.883
1105.07,0,490.653
1113.54,0,530.529
1114.03,0,562.525
1215.01,0,480.986
271
-2877.5,0,-533
1109.92,0,426.325
1104.62,0,450.601
1207.86,0,455.309
1091.52,0,475.717
1077.57,0,493.021
1121.09,0,456.734
1234.66,0,484.038
1125.29,0,495.794
1101.01,0,490.502
1097.4,0,530.402
1092.94,0,562.49
1116.64,0,488.822
1120.83,0,527.883
1117.22,0,567.783
1107.14,0,474.038
272
-2883.5,0,-534
1115.2,0,423.061
1115.74,0,454.2
1099.74,0,454.476
1092.14,0,477.968
1084.41,0,493.675
1235.72,0,452.127
1132.14,0,477.277
1132.54,0,500.631
1108.41,0,493.261
1101.08,0,532.322
1101.62,0,563.46
1124.41,0,492.984
1124.95,0,524.122
1125.62,0,563.045
1116.01,0,469.769
273
-2890.5,0,-535
1216.22,0,408.547
1121.14,0,453.625
1105.43,0,453.354
1097.17,0,476.572
1089.04,0,492.005
1136.85,0,453.897
1136.45,0,477.25
1237.9,0,517.938
1112.61,0,492.412
1104.08,0,531.199
1103.41,0,570.122
1128.32,0,492.684
1127.65,0,531.606
1134.97,0,562.88
1120.74,0,476.979
274
-2896.5,0,-536
1119.24,0,438.261
1120.51,0,460.469
1109.42,0,461.285
1099.6,0,484.309
1207.19,0,515.42
1237.3,0,457.451
1239.2,0,490.763
1140.01,0,509.213
1111.96,0,505.701
1108,0,533.869
1109.9,0,567.182
1128.28,0,498.925
1136.05,0,537.381
1137.95,0,570.693
1228.11,0,491.58
275
-2902.5,0,-537
1130.7,0,428.066
1130.38,0,451.65
1114.49,0,459.296
1224.61,0,484.391
1216.39,0,507.867
1146.05,0,459.727
1153.61,0,483.419
1239.84,0,523.914
1121.84,0,498.71
1121.31,0,538.017
1112.99,0,569.354
1137.62,0,498.926
1145.08,0,530.479
1144.54,0,569.786
1232.49,0,484.499
276
-2908.5,0,-538
1224.79,0,410.464
1233.11,0,450.353
1116.69,0,459.947
1117.02,0,483.945
1218.45,0,514.56
1147.76,0,459.522
1155.86,0,483.414
1156.19,0,507.411
1125.01,0,499.837
1125.55,0,539.834
1118.22,0,571.937
1140.54,0,499.625
1148.86,0,539.515
1149.3,0,571.512
1233.66,0,490.35
277
-2914,0,-538.5
1135.91,0,443.75
1235.41,0,454.103
1125.41,0,465.871
1114.9,0,487.991
1109.78,0,504.563
1246.69,0,465.052
1247.47,0,498.122
1154.14,0,515.289
1131.83,0,504.414
1127.23,0,543.033
1127.75,0,565.079
1142.86,0,504.34
1149.28,0,542.884
1155.44,0,570.404
1136.95,0,487.843
278
-2921,0,-538.5
1144.93,0,431.463
1144.37,0,455.028
1128.19,0,462.505
1127.82,0,478.215
1119.26,0,501.592
1256.34,0,457.67
1167.62,0,487.014
1167.25,0,502.724
1143.44,0,494.303
1134.52,0,533.389
1133.59,0,572.664
1159.44,0,494.68
1158.51,0,533.955
1157.58,0,573.23
1151.81,0,478.782
279
-2926,0,-539.5
1151.81,0,431.345
1149.41,0,454.578
1133.19,0,460.729
1130.79,0,483.962
1121.48,0,498.654
1250.43,0,457.193
1169.34,0,487.947
1244.03,0,519.149
1144.61,0,501.045
1141.41,0,532.023
1138.21,0,563.001
1160.83,0,494.894
1164.53,0,534.413
1169.04,0,566.188
1154.72,0,478.609
280
-2931,0,-539.5
1157.36,0,432.636
1157.04,0,456.411
1141.54,0,464.128
1133.52,0,487.799
1125.61,0,503.545
1172.32,0,464.546
1172,0,488.321
1171.67,0,512.097
1148.7,0,503.858
1140.46,0,543.38
1140.14,0,567.155
1164.09,0,504.067
1163.55,0,543.693
1170.92,0,567.573
1156.71,0,480.187
281
-2937.5,0,-540
1160.23,0,435.72
1160.56,0,459.718
1144.76,0,467.933
1144.98,0,483.931
1129.29,0,500.146
1176.57,0,467.501
1184.85,0,491.391
1185.17,0,515.389
1153.15,0,499.822
1153.69,0,539.818
1146.07,0,563.924
1169.16,0,507.605
1177.55,0,539.494
1177.87,0,563.492
1160.88,0,483.715
282
,,
,,
,,
,,
,,
,,
,,
,,
,,
,,
,,
,,
,,
,,
,,
,,
283
,,
,,
,,
,,
,,
,,
,,
,,
,,
,,
,,
,,
,,
,,
,,
,,
284
,,
,,
,,
,,
,,
,,
,,
,,
,,
,,
,,
,,
,,
,,
,,
,,
285
,,
,,
,,
,,
,,
,,
,,
,,
,,
,,
,,
,,
,,
,,
,,
,,
286
,,
,,
,,
,,
,,
,,
,,
,,
,,
,,
,,
,,
,,
,,
,,
,,
287
,,
,,
,,
,,
,,
,,
,,
,,
,,
,,
,,
,,
,,
,,
,,
,,
288
,,
,,
,,
,,
,,
,,
,,
,,
,,
,,
,,
,,
,,
,,
,,
,,
289
,,
,,
,,
,,
,,
,,
,,
,,
,,
,,
,,
,,
,,
,,
,,
,,
290
,,
,,
,,
,,
,,
,,
,,
,,
,,
,,
,,
,,
,,
,,
,,
,,
291
,,
,,
,,
,,
,,
,,
,,
,,
,,
,,
,,
,,
,,
,,
,,
,,
292
,,
,,
,,
,,
,,
,,
,,
,,
,,
,,
,,
,,
,,
,,
,,
,,
293
,,
,,
,,
,,
,,
,,
,,
,,
,,
,,
,,
,,
,,
,,
,,
,,
294
,,
,,
,,
,,
,,
,,
,,
,,
,,
,,
,,
,,
,,
,,
,,
,,
295
,,
,,
,,
,,
,,
,,
,,
,,
,,
,,
,,
,,
,,
,,
,,
,,
296
,,
,,
,,
,,
,,
,,
,,
,,
,,
,,
,,
,,
,,
,,
,,
,,
297
,,
,,
,,
,,
,,
,,
,,
,,
,,
,,
,,
,,
,,
,,
,,
,,
298
,,
,,
,,
,,
,,
,,
,,
,,
,,
,,
,,
,,
,,
,,
,,
,,
299
,,
,,
,,
,,
,,
,,
,,
,,
,,
,,
,,
,,
,,
,,
,,
,,
300
,,
,,
,,
,,
,,
,,
,,
,,
,,
,,
,,
,,
,,
,,
,,
,,
301
,,
,,
,,
,,
,,
,,
,,
,,
,,
,,
,,
,,
,,
,,
,,
,,
302
,,
,,
,,
,,
,,
,,
,,
,,
,,
,,
,,
,,
,,
,,
,,
,,
303
,,
,,
,,
,,
,,
,,
,,
,,
,,
,,
,,
,,
,,
,,
,,
,,
304
,,
,,
,,
,,
,,
,,
,,
,,
,,
,,
,,
,,
,,
,,
,,
,,
305
,,
,,
,,
,,
,,
,,
,,
,,
,,
,,
,,
,,
,,
,,
,,
,,
306
,,
,,
,,
,,
,,
,,
,,
,,
,,
,,
,,
,,
,,
,,
,,
,,
307
,,
,,
,,
,,
,,
,,
,,
,,
,,
,,
,,
,,
,,
,,
,,
,,
308
,,
,,
,,
,,
,,
,,
,,
,,
,,
,,
,,
,,
,,
,,
,,
,,
309
,,
,,
,,
,,
,,
,,
,,
,,
,,
,,
,,
,,
,,
,,
,,
,,
310
,,
,,
,,
,,
,,
,,
,,
,,
,,
,,
,,
,,
,,
,,
,,
,,
311
,,
,,
,,
,,
,,
,,
,,
,,
,,
,,
,,
,,
,,
,,
,,
,,
312
,,
,,
,,
,,
,,
,,
,,
,,
,,
,,
,,
,,
,,
,,
,,
,,
313
,,
,,
,,
,,
,,
,,
,,
,,
,,
,,
,,
,,
,,
,,
,,
,,
314
,,
,,
,,
,,
,,
,,
,,
,,
,,
,,
,,
,,
,,
,,
,,
,,
315
,,
,,
,,
,,
,,
,,
,,
,,
,,
,,
,,
,,
,,
,,
,,
,,
316
,,
,,
,,
,,
,,
,,
,,
,,
,,
,,
,,
,,
,,
,,
,,
,,
317
,,
,,
,,
,,
,,
,,
,,
,,
,,
,,
,,
,,
,,
,,
,,
,,
318
,,
,,
,,
,,
,,
,,
,,
,,
,,
,,
,,
,,
,,
,,
,,
,,
319
,,
,,
,,
,,
,,
,,
,,
,,
,,
,,
,,
,,
,,
,,
,,
,,
320
,,
,,
,,
,,
,,
,,
,,
,,
,,
,,
,,
,,
,,
,,
,,
,,
321
,,
,,
,,
,,
,,
,,
,,
,,
,,
,,
,,
,,
,,
,,
,,
,,
322
,,
,,
,,
,,
,,
,,
,,
,,
,,
,,
,,
,,
,,
,,
,,
,,
323
,,
,,
,,
,,
,,
,,
,,
,,
,,
,,
,,
,,
,,
,,
,,
,,
324
,,
,,
,,
,,
,,
,,
,,
,,
,,
,,
,,
,,
,,
,,
,,
,,
325
,,
,,
,,
,,
,,
,,
,,
,,
,,
,,
,,
,,
,,
,,
,,
,,
326
,,
,,
,,
,,
,,
,,
,,
,,
,,
,,
,,
,,
,,
,,
,,
,,
327
,,
,,
,,
,,
,,
,,
,,
,,
,,
,,
,,
,,
,,
,,
,,
,,
328
,,
,,
,,
,,
,,
,,
,,
,,
,,
,,
,,
,,
,,
,,
,,
,,
329
,,
,,
,,
,,
,,
,,
,,
,,
,,
,,
,,
,,
,,
,,
,,
,,
330
,,
,,
,,
,,
,,
,,
,,
,,
,,
,,
,,
,,
,,
,,
,,
,,
331
,,
,,
,,
,,
,,
,,
,,
,,
,,
,,
,,
,,
,,
,,
,,
,,
332
,,
,,
,,
,,
,,
,,
,,
,,
,,
,,
,,
,,
,,
,,
,,
,,
333
,,
,,
,,
,,
,,
,,
,,
,,
,,
,,
,,
,,
,,
,,
,,
,,
334
,,
,,
,,
,,
,,
,,
,,
,,
,,
,,
,,
,,
,,
,,
,,
,,
335
,,
,,
,,
,,
,,
,,
,,
,,
,,
,,
,,
,,
,,
,,
,,
,,
336
,,
,,
,,
,,
,,
,,
,,
,,
,,
,,
,,
,,
,,
,,
,,
,,
337
,,
,,
,,
,,
,,
,,
,,
,,
,,
,,
,,
,,
,,
,,
,,
,,
338
,,
,,
,,
,,
,,
,,
,,
,,
,,
,,
,,
,,
,,
,,
,,
,,
339
,,
,,
,,
,,
,,
,,
,,
,,
,,
,,
,,
,,
,,
,,
,,
,,
340
,,
,,
,,
,,
,,
,,
,,
,,
,,
,,
,,
,,
,,
,,
,,
,,
341
,,
,,
,,
,,
,,
,,
,,
,,
,,
,,
,,
,,
,,
,,
,,
,,
342
,,
,,
,,
,,
,,
,,
,,
,,
,,
,,
,,
,,
,,
,,
,,
,,
343
,,
,,
,,
,,
,,
,,
,,
,,
,,
,,
,,
,,
,,
,,
,,
,,
344
,,
,,
,,
,,
,,
,,
,,
,,
,,
,,
,,
,,
,,
,,
,,
,,
345
,,
,,
,,
,,
,,
,,
,,
,,
,,
,,
,,
,,
,,
,,
,,
,,
346
,,
,,
,,
,,
,,
,,
,,
,,
,,
,,
,,
,,
,,
,,
,,
,,
347
,,
,,
,,
,,
,,
,,
,,
,,
,,
,,
,,
,,
,,
,,
,,
,,
348
,,
,,
,,
,,
,,
,,
,,
,,
,,
,,
,,
,,
,,
,,
,,
,,
349
,,
,,
,,
,,
,,
,,
,,
,,
,,
,,
,,
,,
,,
,,
,,
,,
350
,,
,,
,,
,,
,,
,,
,,
,,
,,
,,
,,
,,
,,
,,
,,
,,
351
,,
,,
,,
,,
,,
,,
,,
,,
,,
,,
,,
,,
,,
,,
,,
,,
352
,,
,,
,,
,,
,,
,,
,,
,,
,,
,,
,,
,,
,,
,,
,,
,,
353
,,
,,
,,
,,
,,
,,
,,
,,
,,
,,
,,
,,
,,
,,
,,
,,
354
,,
,,
,,
,,
,,
,,
,,
,,
,,
,,
,,
,,
,,
,,
,,
,,
355
,,
,,
,,
,,
,,
,,
,,
,,
,,
,,
,,
,,
,,
,,
,,
,,
356
,,
,,
,,
,,
,,
,,
,,
,,
,,
,,
,,
,,
,,
,,
,,
,,
357
,,
,,
,,
,,
,,
,,
,,
,,
,,
,,
,,
,,
,,
,,
,,
,,
358
,,
,,
,,
,,
,,
,,
,,
,,
,,
,,
,,
,,
,,
,,
,,
,,
359
,,
,,
,,
,,
,,
,,
,,
,,
,,
,,
,,
,,
,,
,,
,,
,,
360
,,
,,
,,
,,
,,
,,
,,
,,
,,
,,
,,
,,
,,
,,
,,
,,
361
,,
,,
,,
,,
,,
,,
,,
,,
,,
,,
,,
,,
,,
,,
,,
,,
362
,,
,,
,,
,,
,,
,,
,,
,,
,,
,,
,,
,,
,,
,,
,,
,,
363
,,
,,
,,
,,
,,
,,
,,
,,
,,
,,
,,
,,
,,
,,
,,
,,
364
,,
,,
,,
,,
,,
,,
,,
,,
,,
,,
,,
,,
,,
,,
,,
,,
365
,,
,,
,,
,,
,,
,,
,,
,,
,,
,,
,,
,,
,,
,,
,,
,,
366
,,
,,
,,
,,
,,
,,
,,
,,
,,
,,
,,
,,
,,
,,
,,
,,
367
,,
,,
,,
,,
,,
,,
,,
,,
,,
,,
,,
,,
,,
,,
,,
,,
368
,,
,,
,,
,,
,,
,,
,,
,,
,,
,,
,,
,,
,,
,,
,,
,,
369
,,
,,
,,
,,
,,
,,
,,
,,
,,
,,
,,
,,
,,
,,
,,
,,
370
,,
,,
,,
,,
,,
,,
,,
,,
,,
,,
,,
,,
,,
,,
,,
,,
371
,,
,,
,,
,,
,,
,,
,,
,,
,,
,,
,,
,,
,,
,,
,,
,,
372
,,
,,
,,
,,
,,
,,
,,
,,
,,
,,
,,
,,
,,
,,
,,
,,
373
,,
,,
,,
,,
,,
,,
,,
,,
,,
,,
,,
,,
,,
,,
,,
,,
374
,,
,,
,,
,,
,,
,,
,,
,,
,,
,,
,,
,,
,,
,,
,,
,,
