data/BP_videos/5.MOV
0
-875.5,0,-417
840.783,0,338.111
856.435,0,361.778
848.609,0,369.667
848.609,0,385.444
840.783,0,385.444
864.261,0,369.667
864.261,0,393.333
840.783,0,393.333
872.087,0,401.222
864.261,0,432.778
872.087,0,464.333
879.913,0,401.222
872.087,0,432.778
895.565,0,456.444
864.261,0,385.444
1
-878.5,0,-416.5
852.204,0,338.023
858.379,0,359.791
854.481,0,366.777
860.656,0,388.546
849.772,0,391.633
872.351,0,367.588
867.642,0,392.444
849.772,0,391.633
870.73,0,403.328
873.007,0,432.083
878.371,0,471.721
888.6,0,404.139
873.007,0,432.083
900.95,0,447.676
871.54,0,385.458
2
-881.5,0,-415.5
849.695,0,339.571
858.093,0,360.027
847.865,0,364.226
856.263,0,384.683
853.248,0,391.896
872.52,0,366.056
870.69,0,390.712
853.248,0,391.896
874.889,0,400.94
870.044,0,432.809
903.098,0,455.096
882.103,0,403.955
870.044,0,432.809
879.627,0,470.707
866.491,0,380.484
3
-883.5,0,-415.5
849.36,0,336.005
853.86,0,364.165
850.566,0,371.355
861.654,0,385.133
851.17,0,389.03
871.535,0,363.561
868.845,0,388.427
847.876,0,396.221
872.742,0,398.911
873.948,0,434.261
899.417,0,454.627
887.123,0,405.499
873.948,0,434.261
882.345,0,472.905
872.138,0,381.236
4
-886.5,0,-415.5
851.109,0,335.154
855.572,0,363.651
844.955,0,367.56
863.389,0,384.886
849.418,0,396.057
873.452,0,363.097
867.298,0,395.503
849.418,0,396.057
871.207,0,406.12
865.053,0,438.525
894.105,0,451.942
881.824,0,402.211
875.67,0,434.617
884.042,0,473.731
870.652,0,388.24
5
-889.5,0,-415
848.619,0,338.511
858.226,0,358.728
848.015,0,363.308
854.919,0,390.868
854.919,0,390.868
873.241,0,364.255
872.637,0,389.052
844.707,0,395.449
874.737,0,406.504
863.922,0,435.881
893.951,0,446.937
884.948,0,401.924
874.133,0,431.301
885.84,0,468.969
865.13,0,386.288
6
-891.5,0,-414.5
849.617,0,335.756
856.886,0,356.925
853.453,0,364.151
860.722,0,385.32
850.22,0,389.187
871.023,0,363.644
867.791,0,388.68
846.786,0,396.413
871.425,0,399.264
854.257,0,435.392
882.732,0,466.639
885.562,0,405.982
878.896,0,438.244
882.732,0,466.639
871.224,0,381.454
7
-895.5,0,-414.5
855.012,0,338.916
863.358,0,359.948
852.842,0,364.121
861.187,0,385.153
850.671,0,389.326
870.702,0,363.12
868.531,0,388.325
847.499,0,396.67
869.532,0,406.185
856.845,0,435.563
886.223,0,448.25
887.393,0,405.184
882.05,0,437.734
887.224,0,466.11
868.531,0,388.325
8
-897.5,0,-414.5
853.254,0,338.075
863.109,0,358.302
852.94,0,363.113
862.794,0,383.339
845.077,0,385.5
870.657,0,360.953
870.342,0,385.99
842.456,0,392.962
872.649,0,403.566
854.617,0,430.764
874.64,0,446.179
890.365,0,401.406
877.261,0,438.717
892.043,0,469.056
870.342,0,385.99
9
-901.5,0,-415
854.151,0,328.843
859.273,0,356.999
856.096,0,364.242
857.068,0,381.941
846.565,0,385.97
873.925,0,363.426
864.394,0,385.155
846.565,0,385.97
875.869,0,398.825
855.835,0,424.583
874.637,0,441.466
883.196,0,402.038
881.963,0,444.68
897.588,0,468.806
874.897,0,381.125
10
-903.5,0,-414
856.263,0,337.721
865.949,0,357.762
855.876,0,362.494
850.645,0,377.246
843.187,0,374.602
873.407,0,360.406
858.104,0,379.891
840.572,0,381.978
875.248,0,402.576
852.486,0,419.416
869.63,0,442.101
885.321,0,397.844
879.703,0,437.369
894.232,0,467.43
873.02,0,385.179
11
-907.5,0,-414
852.685,0,334.144
861.679,0,354.37
858.871,0,361.675
860.56,0,379.093
845.95,0,373.477
876.289,0,359.986
860.56,0,379.093
838.645,0,370.669
869.553,0,399.319
846.519,0,415.618
862.818,0,438.652
886.971,0,397.63
880.236,0,436.963
896.534,0,459.997
875.17,0,384.709
12
-910.5,0,-414
853.139,0,336.563
869.53,0,360.298
859.14,0,364.777
860.663,0,382.6
845.795,0,376.689
876.964,0,363.254
856.185,0,372.211
838.361,0,373.733
869.62,0,403.38
848.84,0,412.336
862.275,0,443.505
887.443,0,401.857
887.533,0,444.938
903.923,0,468.673
878.486,0,381.078
13
-914.5,0,-414
855.782,0,336.441
864.775,0,356.667
861.967,0,363.972
856.351,0,378.582
844.549,0,365.661
872.08,0,359.475
854.662,0,361.164
837.244,0,362.853
872.65,0,401.616
845.119,0,407.802
855.801,0,445.446
890.068,0,399.928
890.637,0,442.069
899.631,0,462.295
873.769,0,376.893
14
-917.5,0,-414
858.991,0,331.264
864.992,0,359.477
862.037,0,366.911
856.125,0,381.779
844.213,0,368.434
875.382,0,354.999
872.426,0,362.433
839.735,0,358.045
875.472,0,398.08
844.303,0,411.515
854.782,0,450.118
882.906,0,401.036
893.385,0,439.639
909.776,0,463.374
873.949,0,380.257
15
-920.5,0,-415
855.373,0,330.598
863.725,0,357.551
856.22,0,355.332
846.496,0,360.617
838.991,0,358.397
871.229,0,359.771
871.229,0,359.771
865.944,0,350.046
867.637,0,399.514
840.684,0,407.865
846.815,0,442.323
884.866,0,396.448
888.778,0,438.411
906.853,0,460.079
874.295,0,377
16
-923.5,0,-414
854.307,0,328.474
862.232,0,355.782
859.89,0,363.341
852.415,0,361.025
837.464,0,356.392
877.183,0,360.415
864.574,0,348.224
847.281,0,351.15
872.949,0,400.524
845.839,0,408.692
843.946,0,441.242
882.766,0,395.281
895.825,0,432.464
911.226,0,462.088
872.499,0,375.532
17
-927.5,0,-414
854.976,0,333.224
865.044,0,353.351
862.502,0,360.845
859.961,0,368.338
839.774,0,353.135
872.62,0,355.921
867.586,0,345.857
842.316,0,345.642
882.639,0,401.099
897.741,0,431.289
912.843,0,461.48
882.639,0,401.099
847.251,0,405.807
842.117,0,445.845
872.571,0,380.972
18
-930.5,0,-414
860.218,0,326.748
866.075,0,354.77
866.075,0,354.77
840.864,0,353.04
840.864,0,353.04
876.47,0,350.462
869.062,0,347.442
864.64,0,337.095
883.763,0,396.159
904.437,0,430.22
917.702,0,461.261
883.763,0,396.159
845.17,0,406.065
845.054,0,448.743
874.919,0,375.465
19
-934.5,0,-413
853.519,0,321.838
868.064,0,352.114
858.076,0,357.174
843.24,0,352.142
843.24,0,352.142
875.482,0,354.631
868.064,0,352.114
863.216,0,342.022
877.469,0,397.543
840.087,0,410.206
844.644,0,445.543
884.888,0,400.06
899.433,0,430.337
906.559,0,458.097
875.191,0,379.875
20
-939.5,0,-412.5
852.535,0,320.409
866.703,0,350.472
866.703,0,350.472
861.404,0,365.216
849.31,0,352.545
869.352,0,343.1
869.352,0,343.1
841.938,0,349.896
882.943,0,397.928
845.509,0,409.446
847.006,0,451.603
882.943,0,397.928
897.111,0,427.991
913.928,0,450.682
876.148,0,370.514
21
-943.5,0,-412.5
854.913,0,323.128
863.776,0,343.434
871.069,0,346.294
862.487,0,368.171
862.487,0,368.171
871.069,0,346.294
863.776,0,343.434
843.471,0,352.297
885.935,0,394.198
896.37,0,431.949
915.386,0,447.823
878.643,0,391.338
845.324,0,411.925
852.898,0,456.969
872.64,0,363.74
22
-947.5,0,-411.5
854.713,0,324.676
863.75,0,345.421
871.195,0,348.348
865.342,0,363.238
850.451,0,357.385
863.75,0,345.421
857.896,0,360.311
843.006,0,354.458
878.897,0,394.355
849.372,0,425.728
852.556,0,461.363
886.343,0,397.282
889.526,0,432.917
908.935,0,449.143
880.233,0,369.092
23
-951.5,0,-411.5
857.767,0,318.729
866.72,0,339.241
863.831,0,346.608
865.418,0,364.231
850.685,0,358.451
874.087,0,342.131
865.418,0,364.231
847.795,0,365.818
878.848,0,394.999
849.667,0,426.053
860.208,0,464.188
889.105,0,390.523
889.389,0,433.135
911.489,0,441.804
872.784,0,367.12
24
-955.5,0,-410.5
856.75,0,320.842
866.493,0,341.265
863.823,0,348.806
866.025,0,366.558
850.942,0,361.219
874.034,0,343.934
866.025,0,366.558
848.272,0,368.76
873.097,0,394.522
852.207,0,429.559
866.821,0,460.193
890.85,0,392.321
889.913,0,442.908
907.666,0,440.707
873.566,0,369.228
25
-960.5,0,-411.5
855.112,0,320.28
864.809,0,340.589
862.183,0,348.146
861.779,0,373.413
846.83,0,368.218
872.284,0,343.187
861.779,0,373.413
846.83,0,368.218
871.476,0,393.722
858.345,0,431.505
870.263,0,469.525
889.051,0,391.361
880.768,0,439.298
905.818,0,439.534
871.88,0,368.454
26
-965.5,0,-412.5
859.266,0,314.789
866.256,0,342.369
856.255,0,347.271
863.244,0,374.851
848.448,0,369.701
873.654,0,344.944
870.642,0,377.426
848.448,0,369.701
872.836,0,394.954
867.222,0,434.913
879.007,0,472.544
890.234,0,392.627
882.018,0,440.063
899.417,0,437.736
873.245,0,369.949
27
-969.5,0,-412.5
857.843,0,316.684
866.862,0,343.663
864.735,0,351.209
866.054,0,376.017
850.654,0,371.676
874.562,0,345.833
873.754,0,378.187
848.527,0,379.222
877.2,0,395.45
872.138,0,442.896
888.857,0,472.045
884.9,0,397.62
881.965,0,437.52
897.365,0,441.861
875.881,0,370.641
28
-973.5,0,-411.5
858.99,0,320.046
867.57,0,347.283
857.754,0,352.678
858.728,0,377.704
851.123,0,375.494
875.175,0,349.493
873.939,0,382.125
851.123,0,375.494
877.124,0,399.545
873.678,0,439.782
887.652,0,476.835
886.939,0,394.15
873.678,0,439.782
896.494,0,446.413
876.149,0,374.519
29
-978.5,0,-410.5
861.375,0,320.065
869.804,0,347.651
859.842,0,353.014
860.608,0,378.301
852.945,0,376.002
877.466,0,349.949
868.271,0,380.6
850.647,0,383.665
878.998,0,400.523
875.166,0,441.134
898.154,0,448.031
886.661,0,402.822
867.504,0,438.836
891.257,0,471.019
878.232,0,375.236
30
-983.5,0,-411.5
865.638,0,327.147
867.273,0,352.392
857.502,0,358.095
853.433,0,373.57
853.433,0,373.57
875.01,0,354.426
868.908,0,377.638
851.399,0,381.307
886.017,0,406.951
870.143,0,435.865
900.693,0,476.984
895.788,0,401.248
862.406,0,433.831
891.321,0,449.705
876.645,0,379.672
31
-987.5,0,-410.5
861.202,0,326.246
870.974,0,346.294
858.602,0,359.073
853.611,0,374.274
846.229,0,371.851
875.86,0,356.319
868.374,0,379.121
843.734,0,379.452
885.528,0,401.593
882.928,0,434.42
902.472,0,474.517
892.909,0,404.017
860.783,0,427.15
885.318,0,452.045
878.251,0,373.944
32
-993.5,0,-411.5
864.702,0,327.869
874.229,0,348.393
863.967,0,353.156
858.469,0,368.182
848.207,0,372.945
881.742,0,351.142
870.745,0,381.193
848.207,0,372.945
887.785,0,404.467
884.301,0,437.267
913.616,0,473.551
898.047,0,399.703
864.512,0,421.506
886.315,0,455.042
881.007,0,376.43
33
-997.5,0,-410.5
868.739,0,326.473
870.531,0,344.272
857.368,0,356.385
859.16,0,374.184
847.047,0,361.02
885.487,0,349.957
869.481,0,369.548
844.205,0,368.498
883.386,0,400.51
891.606,0,446.428
915.832,0,472.755
890.864,0,403.353
859.902,0,417.258
881.286,0,451.063
884.437,0,375.234
34
-1003.5,0,-410.5
864.44,0,324.617
874.304,0,351.723
856.865,0,355.708
854.971,0,363.48
847.198,0,361.587
882.077,0,353.617
870.516,0,367.268
847.198,0,361.587
886.258,0,404.04
892.334,0,446.691
919.636,0,469.812
895.925,0,398.162
868.819,0,408.025
874.895,0,450.676
876.395,0,376.935
35
-1008.5,0,-410.5
865.03,0,320.031
871.806,0,347.808
861.837,0,352.806
858.644,0,385.58
861.276,0,378.026
879.142,0,350.364
866.541,0,362.917
844.531,0,355.248
887.99,0,395.806
889.501,0,438.692
913.583,0,464.027
887.99,0,395.806
860.716,0,403.246
869.563,0,448.688
878.582,0,375.584
36
-1014.5,0,-410.5
869.532,0,316.302
877.884,0,343.911
867.908,0,349.247
866.285,0,382.192
860.949,0,372.216
885.541,0,346.23
865.588,0,356.903
840.3,0,357.6
886.934,0,396.808
898.303,0,442.049
924.288,0,466.641
894.59,0,399.128
866.982,0,407.48
863.038,0,448.082
878.581,0,369.199
37
-1019.5,0,-410.5
865.967,0,312.392
875.142,0,338.859
865.668,0,344.424
865.368,0,376.456
859.803,0,366.982
882.661,0,340.814
863.713,0,351.943
846.719,0,355.553
885.971,0,389.839
891.236,0,431.345
915.449,0,461.722
885.971,0,389.839
867.023,0,400.968
857.249,0,438.565
876.797,0,363.372
38
-1025.5,0,-410.5
873.497,0,311.42
875.19,0,335.93
865.725,0,341.509
865.476,0,373.542
857.953,0,371.599
882.713,0,337.873
863.782,0,349.032
846.794,0,352.668
886.1,0,386.893
898.952,0,430.334
923.213,0,460.672
893.622,0,388.836
867.169,0,398.052
855.512,0,443.186
882.463,0,369.905
39
-1030.5,0,-410.5
868.246,0,312.923
870.964,0,337.341
861.741,0,343.312
864.459,0,367.73
864.459,0,367.73
886.158,0,340.594
867.712,0,352.535
844.92,0,347.656
883.998,0,387.803
891.06,0,429.041
918.196,0,450.74
891.595,0,389.429
865.551,0,399.744
848.196,0,443.701
881.28,0,363.385
40
-1036.5,0,-411.5
870.761,0,308.073
880.096,0,335.271
868.426,0,348.782
862.425,0,372.02
862.425,0,372.02
887.764,0,337.252
876.095,0,350.763
843.421,0,350.586
881.428,0,393.453
896.431,0,430.378
923.103,0,453.792
891.097,0,387.688
869.759,0,406.964
850.087,0,451.458
879.762,0,368.235
41
-1041.5,0,-410.5
867.624,0,309.367
878.961,0,335.673
869.636,0,341.98
863.785,0,373.115
850.986,0,354.593
894.686,0,338.628
876.036,0,351.241
850.986,0,354.593
884.447,0,393.114
892.859,0,434.988
924.309,0,440.898
893.772,0,386.808
864.335,0,413.511
849.159,0,450.953
880.973,0,368.286
42
-1046.5,0,-410.5
871.18,0,304.508
880.365,0,331.546
870.672,0,337.159
864.552,0,360.117
868.124,0,377.463
895.67,0,335.627
874.244,0,354.504
849.246,0,356.037
881.389,0,389.196
886.494,0,431.54
924.757,0,441.741
889.042,0,391.236
865.576,0,417.766
855.375,0,456.03
879.857,0,364.197
43
-1051.5,0,-410.5
874.236,0,305.454
878.133,0,330.168
860.099,0,343.266
863.997,0,367.981
870.454,0,377.064
892.327,0,340.518
873.013,0,361.432
849.803,0,357.631
876.911,0,386.146
884.705,0,435.576
916.933,0,432.828
892.385,0,388.68
864.054,0,416.143
856.375,0,463.038
880.75,0,362.699
44
-1057.5,0,-410.5
872.727,0,309.066
877.639,0,333.883
868.695,0,340.811
864.662,0,372.556
871.59,0,381.5
901.448,0,336.908
882.551,0,358.7
849.798,0,362.603
878.518,0,390.445
881.413,0,431.134
913.158,0,435.167
894.391,0,392.461
874.485,0,422.19
860.5,0,468.799
889.479,0,367.644
45
-1062.5,0,-409.5
873.066,0,308.68
885.017,0,334.301
867.958,0,339.335
870.742,0,371.304
869.465,0,378.967
900.8,0,336.93
879.91,0,364.955
856.236,0,361.011
883.971,0,389.261
877.586,0,427.578
909.151,0,432.838
901.03,0,384.227
877.586,0,427.578
863.311,0,464.582
887.801,0,366.27
46
-1069.5,0,-409.5
881.551,0,303.094
881.582,0,335.127
872.166,0,340.789
872.198,0,372.822
870.321,0,380.362
896.661,0,338.881
875.952,0,357.744
849.58,0,367.192
875.983,0,389.778
874.137,0,429.35
872.292,0,468.922
900.477,0,387.869
874.137,0,429.35
872.292,0,468.922
881.614,0,367.16
47
-1075.5,0,-409
874.249,0,309.205
888.355,0,334.145
871.788,0,340.802
877.302,0,373.02
876.687,0,380.919
903.691,0,343.287
877.917,0,365.121
853.374,0,371.156
884.047,0,389.439
864.403,0,435.591
888.33,0,437.456
899.999,0,390.682
880.97,0,428.935
877.278,0,476.33
885.893,0,365.742
48
-1081.5,0,-408
879.244,0,304.816
880.161,0,336.871
870.895,0,342.798
871.812,0,374.853
870.142,0,382.45
895.354,0,340.211
875.152,0,359.66
849.023,0,369.844
876.069,0,391.716
860.123,0,428.028
890.509,0,434.707
898.858,0,396.725
882.912,0,433.038
889.756,0,474.359
888.675,0,370.596
49
-1088.5,0,-409
885.007,0,309.973
890.071,0,342.276
873.413,0,348.704
871.236,0,372.382
878.477,0,381.007
898.038,0,343.009
880.654,0,357.329
855.303,0,370.917
877.026,0,396.793
858.19,0,426.898
890.056,0,429.828
900.925,0,398.99
888.605,0,445.613
892.943,0,485.809
887.895,0,365.954
50
-1094.5,0,-408
881.856,0,314.468
888.652,0,338.155
880.452,0,345.579
871.198,0,376.336
871.198,0,376.336
896.15,0,346.287
871.901,0,360.78
848.002,0,367.495
885.844,0,400.378
853.745,0,414.516
884.791,0,423.711
901.542,0,401.086
884.089,0,439.267
898.032,0,478.864
887.248,0,369.267
51
-1101.5,0,-408
881.8,0,315.312
886.55,0,339.54
877.566,0,346.166
873.333,0,377.02
873.333,0,377.02
902.402,0,341.715
876.508,0,353.88
851.672,0,358.33
886.009,0,402.335
852.189,0,413.412
881.775,0,433.189
902.919,0,396.797
896.568,0,443.078
907.128,0,483.82
890.242,0,371.482
52
-1107.5,0,-407
878.985,0,309.903
889.712,0,343.297
882.012,0,342.14
868.474,0,379.832
856.579,0,354.208
897.411,0,344.454
880.845,0,349.91
856.579,0,354.208
889.236,0,398.843
848.404,0,408.597
875.697,0,436.535
896.935,0,400.001
897.627,0,447.777
908.354,0,481.171
893.907,0,367.764
53
-1113.5,0,-407
881.986,0,311.249
884.857,0,343.517
883.635,0,351.278
872.205,0,373.34
872.205,0,373.34
900.38,0,345.962
875.873,0,350.056
851.366,0,354.15
884.061,0,399.07
851.792,0,401.941
868.964,0,444.416
899.583,0,401.515
900.009,0,449.306
918.404,0,484.02
888.951,0,368.024
54
-1120.5,0,-407
888.793,0,310.742
893.231,0,343.427
884.401,0,350.5
873.814,0,373.476
873.814,0,373.476
901.183,0,344.305
876.449,0,349.622
860.546,0,347.865
887.082,0,399.088
854.397,0,403.526
865.909,0,445.041
902.986,0,400.845
905.667,0,449.433
926.009,0,483.875
897.669,0,376.112
55
-1127.5,0,-407
882.272,0,311.01
888.415,0,334.876
879.553,0,349.88
870.692,0,364.885
878.466,0,365.429
896.189,0,335.42
880.097,0,342.106
856.231,0,348.249
884.065,0,397.069
852.424,0,402.668
857.48,0,442.082
899.613,0,398.156
904.668,0,437.571
925.815,0,470.299
894.014,0,366.516
56
-1134.5,0,-406
891.664,0,309.724
896.102,0,342.409
887.272,0,349.482
878.442,0,356.555
862.539,0,354.799
896.98,0,334.457
896.98,0,334.457
855.465,0,345.969
889.953,0,398.07
857.269,0,402.508
851.998,0,450.218
905.857,0,399.827
917.368,0,441.342
929.758,0,474.905
893.467,0,366.264
57
-1140.5,0,-406
887.934,0,304.855
893.579,0,336.756
884.645,0,351.883
876.258,0,359.173
861.131,0,350.238
901.417,0,337.304
893.579,0,336.756
861.679,0,342.4
889.741,0,391.621
857.293,0,405.104
846.165,0,451.584
905.417,0,392.718
909.966,0,440.294
931.835,0,465.453
891.386,0,368.107
58
-1147.5,0,-405
886.042,0,306.392
891.287,0,330.471
890.433,0,338.209
880.058,0,360.563
880.058,0,360.563
899.097,0,331.333
874.813,0,336.484
858.339,0,342.497
892.258,0,393.242
859.31,0,405.269
846.371,0,450.838
907.878,0,394.968
911.413,0,434.524
932.277,0,460.328
895.678,0,362.288
59
-1154.5,0,-405
887.049,0,297.407
897.372,0,331.464
896.109,0,339.364
884.631,0,361.833
884.631,0,361.833
897.372,0,331.464
879.47,0,344.804
864.094,0,342.346
887.267,0,394.661
860.413,0,414.672
845.146,0,460.84
902.643,0,397.12
911.703,0,439.077
938.666,0,467.693
900.007,0,364.292
60
-1161.5,0,-405
889.873,0,300.722
895.819,0,324.847
895.19,0,332.679
884.844,0,363.378
884.215,0,371.21
903.022,0,333.308
886.101,0,347.714
862.605,0,345.828
890.789,0,387.503
856.947,0,416.316
853.175,0,463.307
906.453,0,388.76
909.884,0,444.212
940.583,0,454.559
892.676,0,364.007
61
-1170.5,0,-405
887.847,0,295.869
892.535,0,327.924
891.753,0,335.742
881.587,0,358.414
887.84,0,374.832
899.571,0,336.524
881.587,0,358.414
858.915,0,348.248
894.094,0,391.251
859.691,0,419.393
854.214,0,474.12
909.73,0,392.816
904.253,0,447.542
935.525,0,450.672
897.223,0,359.979
62
-1177,0,-403.5
894.287,0,298.074
897.692,0,330.076
888.648,0,336.629
893.18,0,360.92
890.925,0,376.342
905.607,0,331.234
885.265,0,359.762
861.517,0,356.289
897.713,0,385.211
867.199,0,428.004
868.347,0,475.428
913.544,0,387.527
905.65,0,441.504
937.313,0,446.135
901.096,0,362.078
63
-1184,0,-403.5
888.116,0,299.819
891.839,0,332.004
891.839,0,332.004
887.832,0,363.196
864.643,0,360.218
899.568,0,332.997
887.832,0,363.196
864.643,0,360.218
892.557,0,387.583
871.088,0,432.385
872.807,0,480.166
908.016,0,389.569
901.004,0,444.155
932.924,0,440.328
895.562,0,364.189
64
-1190,0,-403.5
896.403,0,300.824
900.056,0,333.067
892.13,0,331.981
895.784,0,364.224
864.08,0,359.877
907.982,0,334.154
894.716,0,372.013
864.08,0,359.877
892.579,0,387.592
878.245,0,433.24
887.688,0,482.149
908.431,0,389.765
900.955,0,444.29
933.726,0,440.848
903.71,0,365.311
65
-1199,0,-403.5
896.313,0,297.54
894.82,0,329.505
894.447,0,337.497
892.954,0,369.462
892.208,0,385.445
910.43,0,338.243
892.954,0,369.462
860.989,0,367.969
891.835,0,393.436
881.231,0,449.002
895.348,0,489.704
907.817,0,394.182
889.222,0,449.375
929.552,0,443.249
900.946,0,369.835
66
-1205,0,-402.5
894.757,0,299.749
893.591,0,331.728
885.437,0,339.436
884.27,0,371.414
891.548,0,387.69
901.16,0,340.009
892.132,0,371.701
860.686,0,370.554
891.257,0,395.685
881.353,0,451.361
920.952,0,444.801
906.979,0,396.259
889.506,0,443.653
920.952,0,444.801
899.993,0,371.988
67
-1214,0,-402.5
892.708,0,306.174
891.297,0,337.314
883.159,0,344.746
882.101,0,368.102
858.745,0,367.043
906.867,0,338.02
889.533,0,376.24
858.745,0,367.043
896.26,0,399.948
886.71,0,438.521
907.596,0,494.075
904.045,0,400.301
878.925,0,438.168
910.066,0,439.579
897.671,0,368.807
68
-1219,0,-402.5
897.274,0,302.366
894.746,0,334.266
885.507,0,349.584
883.611,0,373.509
860.318,0,363.638
910.064,0,343.505
891.586,0,374.141
859.686,0,371.613
905.009,0,407.305
901.218,0,455.155
921.983,0,496.926
912.984,0,407.937
878.556,0,437.309
909.824,0,447.812
907.536,0,375.405
69
-1227.5,0,-403
896.787,0,307.934
893.245,0,339.738
892.36,0,347.689
888.817,0,379.492
887.932,0,387.443
909.147,0,341.509
889.703,0,371.541
857.9,0,367.999
910.013,0,406.001
904.7,0,453.706
932.076,0,497.003
910.013,0,406.001
875.553,0,426.312
904.7,0,453.706
905.605,0,373.312
70
-1234,0,-402.5
892.006,0,300.838
895.535,0,333.082
886.746,0,339.839
881.486,0,378.841
881.486,0,378.841
902.219,0,341.926
883.59,0,363.24
859.329,0,367.91
909.276,0,406.416
902.964,0,453.218
929.701,0,488.593
909.276,0,406.416
868.49,0,416.799
895.227,0,452.174
898.011,0,373.127
71
-1243,0,-402.5
890.097,0,301.542
900.467,0,335.663
891.408,0,342.288
878.474,0,372.598
877.183,0,380.493
906.943,0,344.829
879.766,0,364.702
856.463,0,360.891
905.671,0,401.365
905.69,0,450.006
938.072,0,495.834
913.439,0,402.636
872.017,0,412.073
888.864,0,455.36
901.778,0,376.409
72
-1251,0,-402.5
889.574,0,300.531
898.971,0,334.182
889.816,0,340.367
885.359,0,363.376
883.873,0,371.046
906.641,0,335.668
886.844,0,355.706
854.679,0,357.434
910.096,0,399.999
908.852,0,447.504
941.26,0,485.612
910.096,0,399.999
868.775,0,407.911
876.687,0,449.231
900.699,0,366.348
73
-1257,0,-401.5
888.982,0,299.392
897.919,0,333.4
890.268,0,331.821
883.903,0,362.672
882.312,0,370.384
905.571,0,334.979
885.494,0,354.959
860.949,0,357.936
908.143,0,399.836
913.898,0,449.269
945.79,0,488.012
908.143,0,399.836
866.704,0,407.368
872.459,0,456.801
899.206,0,365.829
74
-1266,0,-401.5
895.299,0,294.609
897.131,0,327.026
887.92,0,333.286
882.017,0,364.228
882.017,0,364.228
904.867,0,328.502
884.969,0,348.757
860.287,0,352.066
908.532,0,393.337
915.149,0,442.702
947.924,0,481.022
908.532,0,393.337
865.428,0,409.165
864.309,0,457.054
905.224,0,368.655
75
-1273,0,-401.5
889.379,0,295.151
900.805,0,328.465
891.953,0,335.224
887.768,0,366.444
887.768,0,366.444
908.61,0,329.511
882.055,0,349.788
857.594,0,354.454
908.045,0,392.999
917.378,0,441.922
952.219,0,478.374
908.045,0,392.999
865.88,0,411.183
851.798,0,456.968
904.425,0,360.732
76
-1281,0,-401.5
892.695,0,291.68
894.467,0,324.086
885.317,0,330.357
879.414,0,361.299
879.414,0,361.299
909.815,0,327.014
882.365,0,345.828
857.867,0,349.172
904.208,0,398.097
912.178,0,439.703
946.121,0,470.229
904.208,0,398.097
869.084,0,415.448
844.882,0,458.933
902.436,0,365.691
77
-1289,0,-400.5
895.022,0,289.895
898.588,0,329.571
889.98,0,336.498
878.852,0,366.726
878.852,0,366.726
906.355,0,330.411
881.373,0,343.425
849.464,0,347.831
907.4,0,393.389
910.125,0,440.832
947.281,0,460.568
907.4,0,393.389
865.203,0,420.256
844.627,0,465.179
902.994,0,361.48
78
-1298,0,-400.5
889.445,0,290.808
901.336,0,323.939
884.771,0,329.885
881.032,0,361.146
887.913,0,369.896
909.152,0,324.873
882.902,0,345.515
850.706,0,349.592
900.739,0,395.211
902.946,0,443.037
948.903,0,456.461
908.555,0,396.146
865.739,0,422.733
844.501,0,467.755
904.478,0,363.95
79
-1307,0,-399.5
888.261,0,294.37
900.352,0,319.787
890.387,0,334.118
879.301,0,356.175
856.124,0,352.816
906.958,0,328.632
888.147,0,349.57
856.124,0,352.816
897.998,0,390.438
897.885,0,445.638
945.359,0,444.632
905.724,0,391.558
869.222,0,425.707
845.931,0,477.547
902.478,0,359.535
80
-1314,0,-399.5
893.636,0,287.783
897.014,0,319.792
888.196,0,326.434
876.113,0,356.267
852.923,0,353.003
911.387,0,329.698
884.932,0,349.625
852.923,0,353.003
894.952,0,390.452
895.066,0,445.652
934.805,0,443.362
902.682,0,391.54
874.051,0,426.928
858.704,0,479.951
899.304,0,359.531
81
-1325,0,-399.5
888.983,0,294.719
903.384,0,326.965
887.01,0,334.024
877.442,0,365.067
885.037,0,373.329
911.374,0,327.366
886.221,0,349.746
853.866,0,356.003
900.228,0,389.854
889.476,0,444.48
929.82,0,438.624
908.218,0,390.255
873.89,0,435.817
863.138,0,490.443
901.806,0,358.409
82
-1332,0,-399.5
893.228,0,288.014
902.442,0,329.362
885.769,0,334.671
880.797,0,365.777
858.897,0,354.301
910.156,0,330.595
883.283,0,350.224
849.939,0,360.844
892.497,0,391.572
883.796,0,446.006
924.855,0,436.619
907.926,0,394.038
876.081,0,444.773
876.337,0,492.663
905.184,0,361.7
83
-1340,0,-398.5
891.043,0,291.972
896.851,0,324.179
888.404,0,331.572
878.372,0,362.723
885.764,0,371.171
912.163,0,333.155
878.9,0,354.803
854.612,0,361.14
892.101,0,395.459
872.566,0,449.843
913.221,0,436.642
907.941,0,396.514
880.486,0,450.37
884.711,0,506.338
902.132,0,364.307
84
-1351,0,-398.5
892.985,0,295.823
898.049,0,328.135
889.572,0,335.373
879.046,0,366.34
886.158,0,374.922
905.161,0,336.718
880.412,0,350.52
847.868,0,363.649
891.904,0,399.325
864.424,0,444.767
894.919,0,455.368
907.493,0,400.671
887.125,0,454.695
890.823,0,502.828
902.43,0,368.358
85
-1358,0,-398.5
890.942,0,298.754
896.722,0,330.721
896.215,0,338.587
878.573,0,369.045
855.151,0,367.535
904.529,0,331.224
879.587,0,353.313
847.85,0,359.166
892.16,0,401.515
858.396,0,438.833
905.24,0,441.852
907.774,0,402.521
888.611,0,456.577
901.185,0,504.78
901.995,0,370.554
86
-1369,0,-397.5
889.271,0,299.277
894.34,0,331.134
893.659,0,338.928
868.234,0,360.266
852.646,0,358.903
909.928,0,332.496
877.39,0,345.359
844.852,0,358.222
888.21,0,401.278
846.516,0,429.048
885.485,0,432.454
911.591,0,403.322
899.029,0,457.197
910.53,0,505.323
898.728,0,370.784
87
-1376,0,-397.5
895.814,0,299.462
900.419,0,331.634
899.61,0,339.474
874.47,0,352.729
850.139,0,358.143
908.26,0,332.443
875.279,0,344.888
850.139,0,358.143
892.329,0,410.041
843.667,0,420.868
888.284,0,449.245
908.82,0,403.818
902.348,0,466.544
921.825,0,508.175
904.215,0,371.646
88
-1389,0,-396.5
895.168,0,294.209
901.285,0,334.225
901.285,0,334.225
883.779,0,373.195
852.983,0,355.933
901.285,0,334.225
869.435,0,340.763
845.109,0,355.584
890.248,0,405.277
842.298,0,419.051
879.914,0,460.462
905.997,0,405.975
903.538,0,461.508
932.928,0,510.504
899.528,0,373.892
89
-1396,0,-395.5
890.884,0,297.486
897.931,0,329.227
897.722,0,337.11
889.003,0,368.432
888.793,0,376.315
897.931,0,329.227
865.981,0,344.156
850.006,0,351.621
888.166,0,399.964
840.45,0,414.475
870.728,0,462.609
903.932,0,400.382
910.142,0,463.655
940.629,0,503.906
896.886,0,368.641
90
-1410,0,-397
895.542,0,293.106
893.562,0,332.485
901.437,0,332.881
884.101,0,363.592
845.119,0,353.735
901.437,0,332.881
869.538,0,339.172
845.119,0,353.735
890.393,0,395.491
842.346,0,408.865
855.324,0,464.788
906.144,0,396.283
918.727,0,460.081
948.249,0,501.045
899.853,0,364.384
91
-1421,0,-395
892.7,0,295.167
899.804,0,326.909
899.804,0,326.909
915.057,0,350.979
890.609,0,373.996
891.864,0,326.698
867.835,0,333.95
843.596,0,349.084
897.922,0,397.856
841.924,0,412.147
848.609,0,459.656
905.862,0,398.066
920.279,0,453.668
950.785,0,501.808
898.758,0,366.324
92
-1434,0,-394
896.335,0,287.293
892.798,0,326.849
900.709,0,327.557
915.117,0,344.794
850.412,0,354.957
892.798,0,326.849
867.649,0,340.549
842.501,0,354.25
886.431,0,398.051
837.548,0,409.629
840.508,0,465.715
902.254,0,399.466
921.035,0,456.967
949.851,0,491.442
897.172,0,367.113
93
-1446,0,-393.5
886.012,0,292.915
894.465,0,324.54
894.465,0,324.54
910.659,0,348.083
887.432,0,372.33
886.58,0,324.681
863.211,0,340.987
847.584,0,349.211
887.858,0,396.155
840.977,0,420.826
826.202,0,476.699
903.627,0,395.873
920.39,0,451.182
952.638,0,490.326
895.174,0,364.248
94
-1455,0,-394
886.374,0,285.233
891.261,0,317.377
898.371,0,325.969
912.59,0,343.152
886.815,0,364.482
890.52,0,325.228
865.485,0,338.707
840.451,0,352.185
883.851,0,395.885
841.633,0,423.584
828.596,0,477.799
899.553,0,397.367
910.068,0,453.805
955.691,0,473.952
894.666,0,365.223
95
-1466,0,-395
887.362,0,281.561
893.397,0,321.601
901.329,0,321.98
916.055,0,346.536
891.121,0,369.194
885.465,0,321.222
860.53,0,343.88
835.975,0,358.606
889.982,0,392.99
840.493,0,430.374
821.972,0,485.14
897.914,0,393.369
910.743,0,457.585
957.577,0,475.726
891.5,0,361.261
96
-1473,0,-393.5
881.636,0,280.255
895.252,0,321.128
895.252,0,321.128
909.81,0,346.029
891.953,0,377.031
887.265,0,320.657
861.422,0,351.188
836.993,0,357.76
891.01,0,393.003
848.253,0,438.564
828.982,0,493.524
898.997,0,393.475
903.213,0,457.835
950.658,0,468.648
892.895,0,361.059
97
-1489,0,-393
885.876,0,281.952
889.131,0,322.041
897.019,0,322.974
910.015,0,348.334
845.059,0,356.53
889.131,0,322.041
861.761,0,350.565
836.244,0,363.427
880.792,0,392.52
851.569,0,436.707
836.269,0,498.423
896.567,0,394.387
897.043,0,457.969
945.296,0,455.737
892.386,0,362.129
98
-1496,0,-394.5
879.919,0,281.73
886.911,0,321.919
886.71,0,329.916
877.908,0,361.705
837.92,0,360.7
886.71,0,329.916
862.114,0,353.306
837.719,0,368.697
885.101,0,393.896
851.703,0,449.074
842.097,0,512.853
893.098,0,394.097
883.291,0,465.873
939.474,0,459.284
885.905,0,361.906
99
-1506,0,-391.5
880.302,0,285.106
885.668,0,317.652
884.364,0,333.598
866.461,0,356.214
833.263,0,369.553
892.989,0,326.277
865.809,0,364.188
833.263,0,369.553
879.147,0,397.385
857.984,0,459.868
861.393,0,516.334
895.094,0,398.689
873.931,0,461.172
930.397,0,457.763
889.729,0,366.144
100
-1520,0,-391.5
871.185,0,283.34
876.722,0,323.476
876.243,0,331.408
866.396,0,362.655
871.455,0,410.723
884.175,0,331.887
858.465,0,362.176
826.26,0,368.192
879.865,0,403.27
860.171,0,465.765
872.682,0,522.243
895.728,0,404.228
868.581,0,458.312
916.649,0,453.254
882.259,0,363.613
101
-1527,0,-392.5
872.97,0,285.073
875.396,0,325.255
866.497,0,331.997
854.36,0,362.201
829.819,0,366.785
882.138,0,334.155
854.36,0,362.201
829.819,0,366.785
880.248,0,405.62
857.054,0,458.207
880.785,0,517.267
889.148,0,398.878
857.054,0,458.207
905.057,0,456.86
885.643,0,366.517
102
-1537,0,-392.5
869.587,0,292.072
874.277,0,324.489
865.63,0,331.611
854.609,0,362.456
822.395,0,367.219
881.341,0,333.184
854.609,0,362.456
822.395,0,367.219
889.929,0,405.927
867.094,0,475.525
893.767,0,526.117
889.929,0,405.927
845.902,0,449.443
892.244,0,462.068
885.239,0,373.509
103
-1550,0,-393
870.711,0,289.952
871.545,0,330.467
862.324,0,336.893
848.91,0,366.789
824.042,0,370.42
879.369,0,331.865
848.91,0,366.789
824.042,0,370.42
890.26,0,406.47
871.254,0,467.66
901.985,0,521.59
881.039,0,412.895
834.932,0,445.024
880.476,0,461.234
880.204,0,372.38
104
-1557,0,-390
871.149,0,288.803
866.229,0,328.234
865.245,0,336.12
845.432,0,365.684
820.633,0,370.599
881.122,0,338.101
845.432,0,365.684
820.633,0,370.599
888.143,0,411.058
880.272,0,474.148
914.06,0,526.418
880.205,0,410.068
828.638,0,435.67
873.317,0,465.271
876.202,0,377.532
105
-1572,0,-389
861.528,0,289.924
865.991,0,321.965
857.355,0,328.932
838.414,0,358.47
813.34,0,371.569
872.959,0,330.602
846.215,0,359.304
813.34,0,371.569
880.216,0,410.287
882.175,0,465.733
916.176,0,516.716
872.414,0,409.453
823.101,0,427.85
858.771,0,463.23
868.786,0,369.61
106
-1581,0,-390
860.146,0,288.148
863.286,0,328.063
854.386,0,334.871
835.626,0,356.275
809.886,0,368.913
871.226,0,329.042
843.566,0,357.254
809.886,0,368.913
878.465,0,401.084
886.665,0,465.34
921.565,0,509.17
869.565,0,407.893
820.006,0,417.594
846.006,0,468.233
874.366,0,368.957
107
-1591,0,-389
861.879,0,284.747
865.119,0,325.151
856.234,0,332.095
836.584,0,361.767
811.812,0,366.818
872.122,0,333.989
836.584,0,361.767
811.812,0,366.818
871.598,0,405.96
888.844,0,464.041
922.918,0,516.125
871.598,0,405.96
814.111,0,415.114
831.356,0,473.195
867.418,0,373.447
108
-1603,0,-388
861.705,0,280.459
858.508,0,320.331
849.894,0,327.666
831.388,0,358.285
806.186,0,372.316
865.843,0,328.945
831.388,0,358.285
798.211,0,371.676
868.063,0,401.354
886.87,0,467.068
923.545,0,510.137
868.063,0,401.354
810.324,0,420.801
813.822,0,477.262
862.646,0,368.817
109
-1613,0,-389
854.543,0,283.968
852.482,0,323.145
844.235,0,330.568
827.328,0,353.25
802.998,0,367.685
860.318,0,323.557
827.328,0,353.25
795.163,0,367.273
864.033,0,402.322
876.819,0,457.994
921.771,0,499.643
864.033,0,402.322
808.361,0,415.109
797.23,0,477.379
858.258,0,362.734
110
-1622,0,-387
851.033,0,282.518
847.857,0,322.127
839.3,0,329.414
821.55,0,351.91
796.514,0,365.848
863.701,0,323.398
829.472,0,352.545
796.514,0,365.848
857.349,0,402.617
876.668,0,459.977
921.659,0,495.476
865.271,0,403.253
807.276,0,430.494
786.986,0,484.677
852.603,0,362.372
111
-1633,0,-387
848.004,0,276.773
844.648,0,316.103
836.11,0,323.298
817.693,0,353.42
792.752,0,367.138
859.709,0,325.312
825.559,0,354.091
792.752,0,367.138
852.996,0,403.973
864.029,0,460.379
917.749,0,480.81
860.862,0,404.645
803.114,0,431.41
774.145,0,492.325
848.486,0,363.971
112
-1647,0,-387
845.168,0,276.694
842.375,0,316.596
833.942,0,324.026
815.957,0,354.846
791.214,0,369.153
849.692,0,325.128
815.957,0,354.846
783.338,0,368.602
851.984,0,405.484
855.392,0,469.879
910.52,0,473.737
851.984,0,405.484
801.939,0,442.08
773.845,0,504.27
846.9,0,365.03
113
-1655,0,-387
835.775,0,268.915
841.174,0,317.268
832.815,0,324.837
815.252,0,355.952
782.661,0,370.25
848.688,0,325.677
815.252,0,355.952
782.661,0,370.25
844.46,0,405.565
849.014,0,469.895
904.99,0,464.847
852.396,0,405.985
802.665,0,443.409
775.474,0,506.059
846.574,0,365.621
114
-1666,0,-386
827.786,0,275.846
831.987,0,315.632
831.265,0,323.445
812.75,0,353.252
780.054,0,365.988
846.89,0,324.89
804.937,0,352.529
780.054,0,365.988
839.667,0,403.018
833.888,0,465.521
890.023,0,454.951
847.48,0,403.74
796.269,0,446.283
782.677,0,508.064
843.279,0,363.954
115
-1676,0,-385
819.214,0,274.463
829.905,0,315.833
828.928,0,323.722
809.449,0,353.348
775.372,0,373.158
836.715,0,324.686
800.685,0,360.272
767.585,0,372.194
834.736,0,404.535
819.137,0,466.679
875.597,0,457.649
842.523,0,405.499
796.754,0,455.898
788.941,0,519.007
839.619,0,365.092
116
-1685,0,-386
824.807,0,274.195
833.572,0,324.026
824.483,0,330.763
803.949,0,360.061
777.857,0,372.356
841.485,0,325.203
796.036,0,358.884
769.944,0,371.18
829.717,0,404.333
812.39,0,466.46
802.976,0,529.764
845.543,0,406.687
804.477,0,465.283
802.976,0,529.764
835.601,0,364.768
117
-1696,0,-384
820.795,0,278.454
824.82,0,319.037
824.042,0,327
820.154,0,366.81
771.903,0,370.136
831.954,0,327.772
788.505,0,363.72
763.213,0,377.326
824.179,0,407.393
794.222,0,468.773
811.739,0,534.787
840.004,0,408.939
810.047,0,470.318
819.651,0,535.56
828.067,0,367.583
118
-1707,0,-386
813.02,0,280.364
817.486,0,320.17
824.677,0,328.679
854.805,0,347.07
765.48,0,370.824
816.805,0,327.994
782.588,0,356.547
757.608,0,370.138
817.863,0,406.92
781.603,0,458.945
811.731,0,477.336
834.29,0,400.467
812.412,0,469.512
822.706,0,533.476
821.27,0,367.799
119
-1718,0,-385
807.579,0,285.133
819.136,0,326.089
826.163,0,334.78
848.075,0,352.992
759.135,0,367.417
810.446,0,333.116
775.684,0,361.222
750.445,0,374.443
810.817,0,404.674
765.701,0,455.524
805.825,0,451.826
826.534,0,406.338
811.188,0,476.233
836.799,0,534.57
822.003,0,374.072
120
-1727,0,-384
803.751,0,283.431
815.862,0,324.227
823.006,0,332.821
844.437,0,358.605
827.974,0,365.023
807.268,0,331.37
772.89,0,359.945
739.963,0,372.782
807.883,0,410.787
757.042,0,445.779
819.269,0,459.452
824.347,0,404.368
809.223,0,482.334
844.216,0,533.175
811.51,0,371.441
121
-1739,0,-383
800.385,0,281.822
811.549,0,331.171
819.51,0,331.964
840.221,0,366.185
824.299,0,364.6
802.796,0,338.339
768.575,0,359.05
735.147,0,371.8
803.621,0,410.778
743.933,0,445.031
797.279,0,474.463
819.543,0,412.363
820.368,0,484.802
855.415,0,536.529
807.585,0,370.975
122
-1748,0,-383
793.503,0,283.042
797.954,0,322.858
812.934,0,332.037
833.716,0,365.376
810.907,0,355.521
789.45,0,330.01
755.435,0,358.62
731.276,0,364.422
806.178,0,410.318
733.699,0,427.722
776.614,0,478.743
806.178,0,410.318
816.43,0,474.293
859.345,0,525.315
801.728,0,370.502
123
-1759,0,-384
788.688,0,278.154
800.716,0,318.832
815.08,0,336.054
827.887,0,368.914
806.341,0,343.08
791.977,0,325.858
749.059,0,353.168
723.62,0,366.426
800.112,0,405.628
734.091,0,422.741
760.483,0,480.641
800.112,0,405.628
825.725,0,471.347
860.857,0,522.221
804.005,0,366.535
124
-1769,0,-383
783.229,0,281.798
787.548,0,321.629
802.498,0,330.857
814.643,0,371.389
809.623,0,339.384
779.021,0,328.753
745.614,0,349.425
712.908,0,362.271
788.36,0,400.588
722.949,0,426.28
741.517,0,483.165
795.485,0,409.115
813.351,0,473.825
856.799,0,517.162
791.166,0,369.285
125
-1779,0,-383
782.141,0,280.831
791.023,0,319.833
802.376,0,333.657
803.951,0,369.399
717.066,0,348.161
780.458,0,323.88
734.938,0,347.373
713.807,0,355.467
787.655,0,405.93
724.264,0,430.211
730.674,0,494.389
787.655,0,405.93
808.677,0,476.627
860.607,0,517.312
789.339,0,362.881
126
-1788,0,-382
775.654,0,280.754
781.809,0,320.576
789.355,0,328.819
779.721,0,367.945
779.025,0,383.734
765.671,0,327.775
725.501,0,341.825
693.574,0,348.327
778.329,0,399.524
721.326,0,436.562
718.542,0,499.72
786.224,0,399.872
798.881,0,471.621
852.753,0,505.636
779.721,0,367.945
127
-1799,0,-382
770.707,0,277.281
776.471,0,317.664
784.014,0,326.096
773.803,0,365.59
702.804,0,345.612
768.039,0,325.207
727.211,0,338.958
694.371,0,353.155
779.567,0,405.973
721.43,0,442.798
709.884,0,506.254
779.567,0,405.973
791.539,0,478.751
854.106,0,506.271
773.803,0,365.59
128
-1810,0,-381
765.443,0,279.189
770.627,0,319.641
778.009,0,328.168
729.872,0,332.873
689.667,0,338.124
762.147,0,327.076
713.46,0,339.762
681.186,0,345.559
764.583,0,407.433
713.699,0,452.043
709.304,0,515.892
772.515,0,407.979
775.501,0,480.355
845.783,0,501.231
767.331,0,367.527
129
-1818,0,-380.5
757.126,0,281.844
764.107,0,322.024
763.914,0,330.022
747.052,0,369.626
676.296,0,335.907
763.914,0,330.022
708.087,0,336.675
676.103,0,343.905
761.981,0,409.999
713.135,0,456.832
711.396,0,528.811
769.929,0,410.191
767.996,0,490.167
831.577,0,491.704
762.947,0,370.01
130
-1829,0,-380.5
760.916,0,281.051
750.238,0,319.677
749.699,0,327.513
701.812,0,324.216
669.349,0,329.853
757.68,0,328.062
701.273,0,332.051
668.809,0,337.688
752.286,0,406.413
716.586,0,459.061
719.713,0,530.127
760.267,0,406.963
754.873,0,485.314
819.262,0,481.874
754.983,0,367.238
131
-1845,0,-379.5
749.416,0,281.479
743.026,0,321.254
743.317,0,329.151
720.647,0,353.712
711.632,0,322.414
751.166,0,328.862
696.227,0,330.89
656.986,0,332.34
754.082,0,407.832
717.174,0,472.458
719.507,0,535.634
754.082,0,407.832
733.162,0,479.775
796.24,0,485.353
752.624,0,368.347
132
-1860,0,-381
744.273,0,282.771
742.815,0,322.256
750.518,0,330.448
710.545,0,328.972
711.128,0,313.178
742.523,0,330.153
694.556,0,328.382
654.291,0,334.802
747.31,0,417.316
720.993,0,479.607
734.649,0,543.373
747.31,0,417.316
720.993,0,479.607
784.658,0,489.865
749.059,0,369.933
133
-1867,0,-378.5
737.01,0,288.456
736.123,0,327.731
735.946,0,335.586
696.848,0,326.845
697.202,0,311.135
736.123,0,327.731
688.815,0,334.523
649.717,0,325.781
742.028,0,414.315
709.189,0,476.447
747.047,0,540.175
742.028,0,414.315
701.157,0,484.125
763.998,0,485.543
735.06,0,374.862
134
-1881,0,-380
730.444,0,290.22
728.878,0,329.474
728.565,0,337.325
689.311,0,335.76
690.25,0,312.207
728.878,0,329.474
681.773,0,327.596
642.518,0,326.031
741.137,0,416.46
722.617,0,486.493
751.83,0,542.701
732.973,0,423.998
683.676,0,477.076
745.857,0,495.283
734.851,0,376.893
135
-1891,0,-378
729.77,0,288.598
719.928,0,327.434
719.529,0,335.281
688.54,0,325.838
689.737,0,302.297
727.376,0,335.68
672.447,0,332.887
633.611,0,323.044
731.232,0,414.549
719.395,0,492.62
764.083,0,542.096
730.833,0,422.396
673.51,0,466.685
726.843,0,500.866
725.381,0,374.915
136
-1902,0,-377
723.148,0,285.429
714.907,0,324.875
714.83,0,332.779
675.623,0,324.492
683.71,0,300.856
714.83,0,332.779
667.689,0,332.32
628.482,0,324.034
721.841,0,419.804
721.149,0,490.943
767.829,0,538.828
721.841,0,419.804
658.526,0,466.619
705.282,0,506.599
714.446,0,372.301
137
-1914,0,-378
710.698,0,284.443
703.223,0,323.803
711.157,0,331.584
663.94,0,324.185
671.491,0,292.682
711.157,0,331.584
656.083,0,324.262
616.723,0,316.787
719.854,0,417.932
720.465,0,480.786
768.064,0,527.468
711.997,0,418.008
649.525,0,457.903
689.344,0,512.519
711.539,0,370.868
138
-1925,0,-377
705.376,0,283.416
703.83,0,322.91
703.521,0,330.808
553.445,0,324.933
665.574,0,289.769
703.521,0,330.808
656.129,0,328.953
665.574,0,289.769
708.018,0,418.003
721.342,0,481.811
774.778,0,531.368
708.018,0,418.003
643.283,0,455.023
664.505,0,519.14
701.975,0,370.302
139
-1940,0,-376.5
698.605,0,286.157
540.993,0,298.8
525.109,0,306.356
532.511,0,330.106
548.241,0,330.415
556.569,0,306.973
556.106,0,330.569
611.471,0,315.919
532.047,0,353.701
718.495,0,475.384
530.658,0,424.488
555.643,0,354.164
640.152,0,458.11
646.782,0,521.185
540.376,0,330.26
140
-1946,0,-374.5
544.815,0,278.021
544.349,0,301.744
536.332,0,309.497
543.729,0,333.374
647.023,0,280.028
685.402,0,328.245
567.47,0,325.93
599.229,0,310.732
543.418,0,349.189
542.642,0,388.727
542.021,0,420.358
559.142,0,349.498
627.728,0,461.593
557.745,0,420.666
684.626,0,367.783
141
-1962,0,-374.5
683.159,0,282.278
555.516,0,303.627
547.411,0,311.419
642.949,0,305.343
643.573,0,273.55
682.223,0,329.969
578.893,0,327.941
595.102,0,312.356
554.58,0,351.318
703.104,0,481.458
553.175,0,422.854
570.476,0,351.63
631.88,0,464.157
569.072,0,423.166
681.443,0,369.711
142
-1968,0,-373.5
563.807,0,275.46
571.335,0,299.613
555.181,0,307.297
562.865,0,323.451
643.949,0,269.032
674.687,0,333.648
626.853,0,324.707
595.016,0,316.081
562.394,0,347.447
687.7,0,485.933
560.824,0,427.431
586.39,0,347.918
577.606,0,387.753
576.821,0,427.745
570.707,0,331.607
143
-1981,0,-374.5
574,0,277.052
659.409,0,325.838
565.536,0,308.292
628.478,0,301.676
629.248,0,262.434
659.409,0,325.838
620.167,0,325.067
581.387,0,300.752
572.614,0,347.688
571.843,0,386.931
571.227,0,418.325
588.311,0,347.997
617.394,0,466.34
586.924,0,418.633
580.77,0,332.146
144
-1990,0,-372.5
656.638,0,286.044
585.289,0,300.436
577.241,0,308.174
624.755,0,301.211
625.53,0,261.745
655.708,0,333.403
616.397,0,324.736
625.53,0,261.745
584.359,0,347.795
583.584,0,387.261
575.071,0,418.679
600.146,0,348.105
621.346,0,474.862
598.751,0,419.144
654.933,0,372.87
145
-2003,0,-372.5
598.521,0,275.968
598.056,0,299.639
590.011,0,307.375
621.882,0,292.214
622.502,0,260.652
644.779,0,332.13
621.263,0,323.775
574.23,0,307.065
589.236,0,346.827
588.462,0,386.278
587.687,0,425.73
605.017,0,347.136
618.32,0,473.692
603.623,0,418.15
651.895,0,371.737
146
-2012,0,-372
653.511,0,286.922
638.411,0,327.226
646.511,0,335.068
621.897,0,295.544
621.269,0,263.55
638.568,0,335.224
614.582,0,327.694
566.453,0,304.634
648.081,0,415.053
625.351,0,471.51
600.58,0,423.987
648.081,0,415.053
625.508,0,479.508
616.309,0,415.677
647.296,0,375.061
147
-2025,0,-373
642.283,0,283.861
635.3,0,329.415
645.654,0,333.676
627.596,0,289.923
621.577,0,275.339
620.613,0,335.477
586.544,0,315.4
562.828,0,299.585
646.376,0,418.722
610.019,0,476.399
644.45,0,538.998
636.023,0,414.461
620.372,0,480.66
647.459,0,546.29
638.671,0,379.23
148
-2032,0,-372
627.446,0,287.754
626.271,0,330.067
636.461,0,334.638
627.446,0,287.754
629.406,0,270.272
618.824,0,332.846
575.318,0,307.21
562.384,0,295.288
638.813,0,409.134
592.956,0,468.124
652.924,0,537.865
631.367,0,411.913
623.528,0,481.838
652.924,0,537.865
632.542,0,369.6
149
-2044,0,-371
623.892,0,283.038
629.245,0,323.449
644.425,0,332.41
623.892,0,283.038
626.378,0,243.116
605.73,0,321.985
575.37,0,304.064
553.843,0,270.662
631.615,0,411.767
581.602,0,456.746
628.136,0,467.659
631.615,0,411.767
627.141,0,483.628
662.854,0,541.96
626.262,0,371.356
150
-2052,0,-372
643.945,0,274.441
650.493,0,298.877
634.043,0,305.904
619.988,0,273.004
622.384,0,233.075
665.986,0,307.821
673.013,0,324.271
556.582,0,261.185
639.154,0,354.297
569.52,0,446.292
635.321,0,418.183
655.125,0,355.256
631.967,0,474.082
668.542,0,532.377
648.577,0,330.82
151
-2066,0,-372
651.43,0,273.517
650.492,0,297.107
634.453,0,304.345
620.29,0,264.403
621.853,0,225.086
665.906,0,305.596
673.144,0,321.635
549.832,0,253.726
648.616,0,344.287
647.053,0,383.604
645.489,0,422.921
664.343,0,344.913
662.467,0,392.093
661.529,0,415.683
608.987,0,350.587
152
-2071,0,-372.5
658.834,0,273.925
665.113,0,298.431
648.587,0,305.277
655.433,0,321.804
679.373,0,323.504
680.506,0,307.545
687.352,0,324.071
548.816,0,242.049
661.712,0,346.31
658.878,0,386.21
656.044,0,426.109
677.672,0,347.444
674.838,0,387.344
672.571,0,419.263
605.286,0,350.323
153
-2083,0,-370
670.372,0,271.111
674.751,0,296.027
657.748,0,301.584
565.149,0,271.626
554.035,0,237.619
689.399,0,306.295
694.956,0,323.299
679.131,0,320.943
666.507,0,351.417
669.709,0,384.246
663.82,0,423.81
683.51,0,345.86
685.534,0,386.602
680.823,0,418.253
677.953,0,328.856
154
-2091,0,-370
682.308,0,272.098
680.875,0,296.056
672.464,0,303.567
678.964,0,327.998
622.186,0,212.402
696.264,0,304.99
563.31,0,264.981
548.876,0,240.075
677.532,0,351.956
538.846,0,407.775
673.233,0,423.827
693.398,0,352.905
691.487,0,384.848
689.099,0,424.776
686.898,0,328.473
155
-2108,0,-370
689.824,0,274.057
688.882,0,298.038
680.627,0,305.72
555.138,0,260.758
548.139,0,236.464
704.45,0,306.656
711.763,0,322.956
695.881,0,322.332
686.997,0,346.001
685.427,0,385.97
683.856,0,425.94
702.88,0,346.625
701.309,0,386.595
700.052,0,418.57
592.017,0,334.263
156
-2115,0,-369.5
695.52,0,277.73
701.806,0,302.235
685.281,0,309.085
692.132,0,325.61
620.238,0,208.241
717.766,0,303.364
724.052,0,327.869
546.724,0,227.098
698.417,0,350.115
695.593,0,390.015
693.334,0,421.935
714.377,0,351.244
711.553,0,391.145
709.294,0,423.065
700.112,0,326.175
157
-2125,0,-368.5
708.637,0,274.218
713.076,0,298.69
696.094,0,304.095
701.691,0,320.803
726.586,0,316.578
728.902,0,301.049
734.499,0,317.758
621.79,0,205.711
706.131,0,345.275
708.255,0,385.276
703.624,0,416.332
723.113,0,339.87
725.238,0,379.871
719.449,0,418.692
709.604,0,321.982
158
-2134,0,-369
717.448,0,274.017
715.354,0,297.925
706.738,0,305.201
713.261,0,321.834
729.098,0,323.22
731.191,0,299.312
744.935,0,324.607
546.731,0,218.916
711.168,0,345.742
707.679,0,385.59
535.809,0,434.786
727.004,0,347.129
607.773,0,433.056
728.643,0,419.548
721.179,0,322.527
159
-2145,0,-367.5
725.623,0,271.485
725.09,0,295.04
709.209,0,302.536
716.706,0,318.417
740.261,0,318.95
740.616,0,303.247
748.112,0,319.128
732.409,0,318.773
716.173,0,341.972
715.285,0,381.23
714.397,0,420.489
739.728,0,342.505
730.988,0,381.586
730.278,0,412.992
724.38,0,326.447
160
-2154,0,-366.5
728.227,0,273.055
735.322,0,297.301
719.29,0,304.778
726.649,0,321.029
750.302,0,321.807
750.828,0,305.815
758.187,0,322.066
742.418,0,321.547
725.86,0,345.016
724.545,0,384.994
723.23,0,424.973
749.513,0,345.794
740.314,0,385.513
739.262,0,417.496
734.27,0,329.284
161
-2163,0,-367.5
743.307,0,272.237
748.091,0,296.877
731.32,0,302.69
737.133,0,319.46
752.874,0,321.518
763.832,0,298.936
768.615,0,323.576
745.003,0,320.489
741.916,0,344.1
736.77,0,383.453
731.625,0,422.806
757.657,0,346.159
752.512,0,385.511
748.395,0,416.993
745.003,0,320.489
162
-2173,0,-366
750.457,0,274.405
748.385,0,297.713
739.925,0,304.791
746.313,0,321.021
761.852,0,322.402
763.924,0,299.094
777.391,0,323.783
761.852,0,322.402
744.241,0,344.329
748.558,0,383.866
738.026,0,414.253
767.549,0,346.401
764.096,0,385.247
761.334,0,416.325
754.082,0,321.711
163
-2183,0,-365
756.581,0,273.546
762.559,0,297.43
746.438,0,304.003
753.011,0,320.124
776.3,0,321.909
770.322,0,298.025
784.063,0,322.504
768.537,0,321.314
751.226,0,343.413
756.014,0,382.822
753.634,0,413.874
774.515,0,345.198
771.54,0,384.012
769.16,0,415.064
760.774,0,320.719
164
-2192,0,-365
771.791,0,269.114
769.687,0,292.79
752.5,0,307.171
766.881,0,324.358
783.366,0,317.869
784.769,0,302.085
790.557,0,326.463
775.474,0,317.168
764.776,0,348.034
761.97,0,379.602
758.463,0,419.062
780.56,0,349.437
777.754,0,381.005
774.247,0,420.465
774.773,0,325.06
165
-2201,0,-365
771.165,0,270.567
778.677,0,293.959
763.054,0,301.557
770.651,0,317.18
786.189,0,317.351
794.129,0,301.899
801.726,0,317.522
778.42,0,317.265
770.394,0,340.486
769.967,0,379.33
761.77,0,418.088
785.846,0,348.426
785.419,0,387.27
785.076,0,418.345
778.334,0,325.034
166
-2211,0,-365
788.838,0,272.225
788.574,0,296.224
772.487,0,304.047
780.31,0,320.134
804.308,0,320.399
804.485,0,304.399
812.308,0,320.487
796.309,0,320.31
780.046,0,344.133
779.605,0,384.13
779.164,0,424.128
804.044,0,344.397
795.604,0,384.307
795.252,0,416.305
788.309,0,320.222
167
-2220,0,-363
794.549,0,269.214
794.284,0,293.213
778.357,0,301.038
786.1,0,317.124
809.859,0,317.386
810.035,0,301.387
817.69,0,325.472
801.939,0,317.298
785.836,0,341.122
785.395,0,381.12
784.955,0,421.118
809.595,0,341.384
801.234,0,381.295
800.794,0,421.292
793.932,0,325.211
168
-2230,0,-363
800.541,0,272.214
800.277,0,296.212
792.269,0,304.125
800.013,0,320.211
815.852,0,320.385
816.028,0,304.386
823.771,0,320.473
807.932,0,320.298
799.748,0,344.21
799.308,0,384.207
791.036,0,416.118
815.587,0,344.384
815.147,0,384.382
806.875,0,416.292
807.932,0,320.298
169
-2239,0,-362.5
812.101,0,268.918
811.842,0,292.437
796.077,0,300.104
803.743,0,315.869
827.262,0,316.128
827.435,0,300.449
835.015,0,324.054
819.423,0,316.042
803.484,0,339.388
803.053,0,378.585
802.621,0,417.783
819.163,0,339.56
818.732,0,378.758
818.3,0,417.956
811.497,0,323.795
170
-2248,0,-360
816.613,0,266.174
816.354,0,289.692
800.588,0,297.359
808.169,0,320.964
831.774,0,313.384
831.947,0,297.705
839.527,0,321.31
823.934,0,313.297
815.749,0,344.569
807.478,0,383.68
807.133,0,415.038
831.428,0,344.742
823.157,0,383.853
822.812,0,415.211
823.848,0,321.137
171
-2255,0,-360.5
,,
826.17,0,290.447
813.308,0,302.358
817.883,0,312.458
,,
823.407,0,297.784
,,
,,
,,
,,
,,
,,
,,
,,
,,
172
-2263,0,-359.5
,,
832.9,0,283.285
827.375,0,297.96
,,
,,
827.375,0,297.96
,,
,,
,,
,,
,,
,,
,,
,,
,,
173
-2277,0,-357
,,
,,
,,
,,
,,
,,
,,
,,
,,
,,
694.418,0,425.996
,,
,,
,,
,,
174
-2282,0,-358.5
,,
,,
,,
,,
,,
,,
,,
,,
,,
,,
,,
,,
,,
,,
,,
175
-2294,0,-357.5
,,
,,
,,
,,
,,
,,
,,
,,
,,
,,
,,
,,
,,
,,
,,
176
-2300,0,-358
,,
,,
,,
,,
,,
,,
,,
,,
,,
,,
,,
,,
,,
,,
,,
177
-2309,0,-356.5
,,
,,
,,
,,
,,
,,
,,
,,
,,
,,
,,
,,
,,
,,
,,
178
-2318,0,-357
,,
,,
,,
,,
,,
,,
,,
,,
,,
,,
,,
,,
,,
,,
,,
179
-2325,0,-356.5
,,
,,
,,
,,
,,
,,
,,
,,
,,
,,
,,
,,
,,
,,
,,
180
-2338,0,-355
,,
,,
,,
,,
,,
,,
,,
,,
,,
,,
,,
,,
,,
,,
,,
181
-2342,0,-353
,,
,,
,,
,,
,,
,,
,,
,,
,,
,,
,,
,,
,,
,,
,,
182
-2350,0,-354
,,
,,
,,
,,
,,
,,
,,
,,
,,
,,
,,
,,
,,
,,
,,
183
-2357,0,-355
,,
,,
,,
,,
,,
,,
,,
,,
,,
,,
,,
,,
,,
,,
,,
184
-2365,0,-353
,,
,,
,,
,,
,,
,,
,,
,,
,,
,,
,,
,,
,,
,,
,,
185
-2371,0,-352
,,
,,
,,
,,
,,
,,
,,
,,
,,
,,
,,
,,
,,
,,
,,
186
-2383,0,-350.5
,,
,,
,,
,,
,,
,,
589.741,0,247.286
,,
,,
,,
,,
,,
,,
,,
,,
187
-2388,0,-349.5
,,
,,
,,
,,
,,
,,
,,
,,
,,
,,
,,
,,
,,
,,
,,
188
-2394,0,-349.5
,,
,,
,,
,,
,,
,,
,,
,,
,,
,,
,,
,,
,,
,,
,,
189
-2399,0,-348.5
,,
,,
,,
,,
,,
,,
,,
,,
,,
,,
,,
,,
,,
,,
,,
190
-2410,0,-348.5
,,
,,
,,
,,
,,
,,
,,
,,
,,
,,
,,
,,
,,
,,
,,
191
-2414,0,-346.5
,,
,,
,,
,,
,,
,,
,,
,,
,,
,,
,,
,,
,,
,,
,,
192
-2422,0,-346.5
,,
,,
,,
,,
,,
,,
,,
,,
,,
,,
,,
,,
,,
,,
,,
193
-2427,0,-345.5
,,
,,
,,
,,
,,
,,
,,
,,
,,
,,
,,
,,
,,
,,
,,
194
-2434,0,-345.5
,,
,,
,,
,,
,,
,,
,,
,,
,,
,,
,,
,,
,,
,,
,,
195
-2439,0,-344.5
,,
,,
,,
,,
,,
,,
,,
,,
,,
,,
,,
,,
,,
,,
,,
196
-2448,0,-344.5
,,
,,
,,
,,
,,
,,
,,
,,
,,
,,
,,
,,
,,
,,
,,
197
-2454,0,-343.5
,,
,,
,,
,,
,,
,,
,,
,,
,,
,,
,,
,,
,,
,,
,,
198
-2460,0,-343.5
,,
,,
,,
,,
,,
,,
,,
,,
,,
,,
,,
,,
,,
,,
,,
199
-2466,0,-340.5
,,
,,
,,
,,
,,
,,
,,
,,
,,
,,
,,
,,
,,
,,
,,
200
-2474,0,-340.5
,,
,,
,,
,,
,,
,,
,,
,,
,,
,,
,,
,,
,,
,,
,,
201
-2479,0,-340.5
,,
,,
,,
,,
,,
,,
,,
,,
,,
,,
,,
,,
,,
,,
,,
202
-2484,0,-340.5
,,
,,
,,
,,
,,
,,
,,
,,
,,
,,
,,
,,
,,
,,
,,
203
-2491,0,-337.5
,,
,,
,,
,,
,,
,,
,,
,,
,,
,,
,,
,,
,,
,,
,,
204
-2496,0,-336.5
,,
,,
,,
,,
,,
,,
,,
,,
,,
,,
,,
,,
,,
,,
,,
205
-2502,0,-336
,,
,,
,,
,,
,,
,,
,,
,,
,,
,,
,,
,,
,,
,,
,,
206
-2507,0,-334
,,
,,
,,
,,
,,
,,
,,
,,
,,
,,
638.619,0,335.502
,,
,,
638.619,0,335.502
,,
207
-2513,0,-333
,,
,,
,,
,,
,,
,,
,,
,,
,,
,,
639.705,0,325.657
,,
,,
639.705,0,325.657
,,
208
-2521,0,-332
,,
,,
,,
,,
,,
,,
,,
,,
,,
,,
643.185,0,317.767
,,
,,
643.185,0,317.767
,,
209
-2525,0,-332
774.283,0,163.952
,,
787.283,0,200.934
,,
,,
,,
,,
,,
,,
622.773,0,300.318
635.37,0,312.511
,,
,,
635.37,0,312.511
,,
210
-2529,0,-331
,,
,,
,,
,,
,,
,,
,,
,,
,,
583.531,0,282.144
631.356,0,298.352
,,
583.531,0,282.144
639.269,0,306.28
,,
211
-2535,0,-329.5
,,
,,
,,
,,
,,
,,
,,
,,
,,
583.366,0,280.126
630.23,0,296.323
,,
583.366,0,280.126
637.984,0,304.249
,,
212
-2540,0,-327.5
,,
,,
,,
581.807,0,273.158
,,
,,
,,
,,
,,
581.807,0,273.158
631.789,0,297.138
,,
581.807,0,273.158
631.789,0,297.138
,,
213
-2547,0,-326.5
,,
,,
,,
,,
,,
,,
,,
,,
,,
582.411,0,275.006
621.433,0,291.437
,,
582.411,0,275.006
629.272,0,291.523
,,
214
-2551,0,-326.5
,,
,,
,,
581.57,0,267.019
618.256,0,280.831
,,
574.233,0,264.256
,,
563.183,0,293.605
,,
625.594,0,283.593
,,
,,
632.931,0,286.356
,,
215
-2556,0,-325.5
443.979,0,146.831
469.384,0,171.82
469.384,0,171.82
432.403,0,184.82
404.907,0,177.526
469.384,0,171.82
455.155,0,202.262
430.876,0,227.757
534.987,0,216.597
503.876,0,269.934
,,
534.987,0,216.597
563.046,0,249.133
,,
502.186,0,194.208
216
-2562,0,-324.5
,,
469.037,0,164.444
480.029,0,165.897
444.149,0,183.524
415.943,0,185.389
480.029,0,165.897
464.68,0,197.42
444.561,0,222.721
541.623,0,207.587
575.012,0,251.141
559.663,0,282.665
541.623,0,207.587
575.012,0,251.141
554.893,0,276.443
505.33,0,186.015
217
-2567,0,-323.5
441.664,0,153.499
473.188,0,168.848
473.188,0,168.848
457.839,0,200.371
448.712,0,227.125
473.188,0,168.848
437.307,0,186.475
398.109,0,186.887
541.004,0,205.768
547.226,0,200.998
574.393,0,249.323
534.782,0,210.538
505.536,0,262.592
,,
504.711,0,184.197
218
-2571,0,-322.5
444.338,0,165.359
466.442,0,163.582
477.494,0,162.694
435.063,0,188.351
408.765,0,207.149
466.442,0,163.582
458.055,0,197.626
438.615,0,232.558
536.305,0,202.461
507.591,0,260.384
558.656,0,272.965
530.335,0,197.379
573.013,0,244.003
558.656,0,272.965
501.374,0,183.022
219
-2577,0,-320.5
431.426,0,153.49
463.594,0,166.622
469.437,0,161.502
434.377,0,192.223
411.727,0,201.741
463.594,0,166.622
456.304,0,193.67
448.291,0,231.68
538.892,0,193.612
568.89,0,239.635
561.601,0,266.682
533.049,0,198.732
501.663,0,257.223
555.757,0,271.802
495.761,0,179.755
220
-2582,0,-320.5
437.343,0,149.224
460.816,0,165.563
468.017,0,162.624
458.51,0,201.069
619.08,0,265.129
463.84,0,172.97
514.527,0,255.968
436.907,0,209.889
535.412,0,204.237
575.157,0,239.856
562.627,0,270.895
535.412,0,204.237
575.157,0,239.856
555.426,0,273.835
501.714,0,183.43
221
-2587,0,-319.5
432.943,0,139.429
459.315,0,170.499
472.921,0,162.867
457.452,0,199.063
619.227,0,264.25
476.835,0,169.844
506.283,0,254.225
528.555,0,214.213
531.443,0,203.42
575.335,0,233.835
553.063,0,273.847
531.443,0,203.42
568.532,0,237.651
553.063,0,273.847
502.182,0,183.144
222
-2592,0,-319
413.999,0,163.094
448.636,0,169.467
459.664,0,167.915
432.787,0,216.684
407.544,0,237.106
453.374,0,163.177
453.291,0,202.552
446.919,0,237.189
519.461,0,193.241
563.492,0,226.408
607.522,0,259.576
514.723,0,199.531
500.426,0,257.776
547.642,0,273.625
489.563,0,180.578
223
-2597,0,-317
414.48,0,158.217
446.517,0,173.524
459.048,0,163.77
434.698,0,222.968
408.249,0,253.616
463.924,0,170.036
503.649,0,259.847
546.828,0,276.543
523.122,0,194.385
558.647,0,227.099
611.579,0,256.325
516.857,0,199.261
503.649,0,259.847
546.828,0,276.543
484.82,0,183.954
224
-2602,0,-316
411.516,0,152.983
449.05,0,172.901
455.125,0,167.786
440.98,0,200.305
605.261,0,247.458
455.125,0,167.786
427.834,0,221.679
413.689,0,254.197
520.039,0,195.563
556.575,0,226.625
605.261,0,247.458
513.964,0,200.678
502.902,0,261.515
551.587,0,282.348
481.507,0,186.789
225
-2605,0,-315
406.733,0,170.801
440.657,0,171.887
446.492,0,166.414
456.714,0,200.7
455.628,0,234.623
446.492,0,166.414
456.714,0,200.7
469.832,0,144.522
507.78,0,196.675
557.761,0,226.574
550.478,0,277.278
507.78,0,196.675
500.135,0,258.687
544.643,0,282.751
474.219,0,184.281
226
-2611,0,-313
418.7,0,167.908
449.289,0,178.845
457.903,0,171.778
511.341,0,272.058
549.771,0,283.769
449.289,0,178.845
,,
609.299,0,242.142
486.944,0,198.396
555.962,0,221.043
601.459,0,241.368
495.559,0,191.329
555.962,0,221.043
601.459,0,241.368
472.811,0,181.167
227
-2616,0,-313
425.663,0,164.83
458.795,0,186.14
456.051,0,178.755
499.107,0,272.023
595.119,0,236.353
453.307,0,171.369
503.749,0,261.894
547.01,0,287.846
503.954,0,194.578
547.216,0,220.53
602.505,0,233.609
496.569,0,197.322
547.216,0,220.53
602.505,0,233.609
476.31,0,188.038
228
-2619,0,-313
398.862,0,169.289
425.886,0,186.915
424.801,0,209.171
429.013,0,237.178
433.767,0,254.057
443.402,0,170.783
416.377,0,153.157
416.377,0,153.157
497.992,0,194.908
500.035,0,267.427
585.445,0,231.281
497.992,0,194.908
500.035,0,267.427
590.742,0,237.032
464.587,0,193.787
229
-2624,0,-312
401.537,0,182.748
431.814,0,174.923
439.384,0,172.966
434.026,0,214.726
439.895,0,237.435
446.953,0,171.01
434.026,0,214.726
597.153,0,221.018
496.538,0,206.646
538.298,0,212.004
589.584,0,222.974
494.582,0,199.076
540.255,0,219.573
591.54,0,230.544
462.348,0,199.332
230
-2629,0,-311
421.866,0,219.374
421.33,0,179.204
436.739,0,175.907
429.57,0,217.726
437.811,0,256.248
436.739,0,175.907
429.57,0,217.726
436.163,0,248.544
485.15,0,213.894
533.025,0,211.709
584.196,0,224.934
485.15,0,213.894
542.377,0,217.766
584.196,0,224.934
449.388,0,197.373
231
-2633,0,-310
378.534,0,198.251
409.724,0,208.982
407.654,0,232.892
429.493,0,258.874
452.023,0,276.885
427.045,0,194.422
450.265,0,204.463
455.475,0,237.034
471.415,0,238.414
507.815,0,281.716
545.595,0,309.078
480.766,0,223.164
520.616,0,226.615
576.408,0,231.447
448.885,0,220.403
232
-2638,0,-309
389.361,0,193.07
423.989,0,198.123
428.908,0,188.181
428.972,0,213.064
555.28,0,295.458
428.908,0,188.181
456.125,0,195.706
458.616,0,203.177
480.914,0,220.644
527.872,0,213.283
555.28,0,295.458
478.422,0,213.174
527.872,0,213.283
572.403,0,223.335
446.286,0,215.591
233
-2641,0,-308
426.728,0,221.225
405.469,0,202.403
409.489,0,217.631
423.133,0,238.464
446.402,0,264.901
428.312,0,196.373
453.164,0,197.957
459.194,0,220.8
478.443,0,232.008
524.128,0,219.948
573.833,0,223.117
476.433,0,224.394
524.128,0,219.948
571.823,0,215.503
405.469,0,202.403
234
-2645,0,-308
424.686,0,227.602
414.772,0,212.815
424.686,0,227.602
419.132,0,244.517
453.338,0,264.037
423.595,0,219.677
436.882,0,201.698
453.44,0,207.496
464.444,0,230.208
518.579,0,222.761
573.805,0,223.24
472.178,0,229.144
518.579,0,222.761
566.071,0,224.304
465.534,0,238.134
235
-2650,0,-307
420.735,0,241.26
404.213,0,222.16
401.123,0,214.781
447.6,0,264.703
457.942,0,269.045
415.627,0,208.707
430.13,0,202.633
450.814,0,211.318
455.923,0,243.871
506.686,0,222.613
559.468,0,226.53
460.085,0,233.455
506.686,0,222.613
559.468,0,226.53
449.743,0,229.113
236
-2655,0,-306
371.611,0,224.305
401.871,0,242.166
400.232,0,265.681
431.039,0,275.704
455.099,0,269.504
410.801,0,227.036
434.316,0,228.675
449.992,0,229.767
455.099,0,269.504
501.036,0,288.458
546.972,0,307.411
456.192,0,253.828
496.475,0,240.883
544.05,0,236.322
432.677,0,252.189
237
-2661,0,-305
403.339,0,225.098
430.758,0,241.999
447.346,0,247.673
,,
,,
425.685,0,225.218
442.615,0,219.723
442.615,0,219.723
447.346,0,247.673
498.138,0,231.189
546.534,0,292.88
452.761,0,253.286
498.138,0,231.189
543.173,0,220.259
436.515,0,236.445
238
-2664,0,-304
,,
442.361,0,246.007
454.347,0,256.605
512.89,0,287.014
,,
436.367,0,240.708
435.674,0,229.415
413.089,0,230.803
466.333,0,267.204
492.83,0,237.238
543.298,0,228.47
460.34,0,261.905
498.823,0,242.538
543.298,0,228.47
448.354,0,251.306
239
-2669,0,-304
,,
,,
466.357,0,273.596
509.752,0,286.438
553.147,0,299.279
,,
504.715,0,243.652
536.652,0,235.404
463.147,0,284.445
516.781,0,282.618
553.147,0,299.279
470.176,0,280.626
493.866,0,240.441
536.652,0,235.404
466.357,0,273.596
240
-2675,0,-303
,,
460.689,0,269.868
454.846,0,264.702
421.962,0,278.34
,,
383.235,0,286.812
415.031,0,250.854
525.913,0,231.431
455.934,0,287.021
505.803,0,277.723
540.319,0,297.564
455.39,0,275.861
487.729,0,251.063
531.756,0,236.598
466.532,0,275.035
241
-2677,0,-302
,,
462.628,0,286.154
461.443,0,278.242
490.721,0,257.68
529.096,0,243.845
461.443,0,278.242
490.721,0,257.68
511.284,0,286.958
407.245,0,294.446
511.284,0,286.958
529.096,0,243.845
407.245,0,294.446
511.284,0,286.958
,,
438.893,0,289.708
242
-2681,0,-302.5
482.089,0,259.772
469.166,0,285.003
465.347,0,277.973
482.089,0,259.772
520.177,0,248.183
466.132,0,295.756
504.22,0,284.167
511.073,0,280.443
420.405,0,293.286
431.967,0,396.258
390.06,0,400.818
424.224,0,300.316
431.967,0,396.258
,,
444.786,0,289.144
243
-2686,0,-300.5
,,
,,
,,
,,
,,
,,
,,
417.852,0,265.237
,,
,,
,,
,,
,,
,,
,,
244
-2688,0,-299.5
,,
379.385,0,295.603
383.598,0,288.802
419.227,0,292.052
427.653,0,278.45
384.561,0,317.63
416.639,0,281.038
420.852,0,274.237
444.806,0,326.718
490.486,0,298.552
,,
444.806,0,326.718
470.083,0,285.913
504.749,0,260.335
417.602,0,309.866
245
-2692,0,-300.5
,,
398.055,0,294.153
384.453,0,285.727
,,
,,
387.146,0,296.571
413.071,0,285.104
,,
448.354,0,334.487
482.493,0,309.759
524.713,0,317.562
453.876,0,310.382
466.198,0,290.489
500.338,0,265.761
467.477,0,318.807
246
-2699,0,-296.5
,,
,,
,,
,,
,,
,,
,,
,,
,,
475.844,0,310.384
,,
,,
,,
,,
,,
247
-2700,0,-295.5
351.246,0,323.456
390.606,0,323.007
393.2,0,351.513
388.013,0,294.5
386.835,0,305.611
388.251,0,345.229
395.318,0,278.563
,,
443.638,0,352.523
464.377,0,315.823
514.815,0,316.832
438.688,0,346.238
454.478,0,303.253
491.244,0,274.297
416.533,0,343.32
248
-2704,0,-293.5
,,
,,
,,
467.463,0,305.074
,,
,,
,,
,,
,,
,,
,,
,,
,,
,,
,,
249
-2705,0,-293.5
,,
,,
,,
463.924,0,308.038
,,
,,
463.924,0,308.038
490.848,0,278.765
,,
,,
,,
418.088,0,351.093
,,
,,
,,
250
-2709,0,-292.5
,,
,,
,,
,,
,,
,,
,,
,,
,,
410.093,0,280.686
,,
,,
,,
,,
,,
251
-2713,0,-290
,,
,,
524.238,0,267.478
483.532,0,277.84
452.013,0,300.809
,,
,,
,,
460.027,0,285.318
411.843,0,272.175
,,
,,
,,
,,
,,
252
-2715,0,-290.5
,,
,,
,,
483.13,0,270.99
399.654,0,302.126
,,
,,
,,
459.507,0,278.306
,,
,,
,,
,,
,,
,,
253
-2721,0,-288.5
,,
472.768,0,278.839
464.787,0,278.293
462.054,0,318.2
,,
472.768,0,278.839
462.054,0,318.2
480.203,0,287.367
400.39,0,281.902
335.993,0,285.511
,,
408.917,0,274.467
335.993,0,285.511
,,
440.296,0,284.635
254
-2722,0,-287.5
,,
,,
,,
459.713,0,320.663
499.709,0,321.212
,,
,,
,,
,,
443.824,0,312.444
471.439,0,282.42
,,
,,
,,
,,
255
-2728,0,-287
,,
,,
,,
461.561,0,319.223
502.001,0,314.173
,,
,,
,,
,,
,,
,,
,,
,,
,,
,,
256
-2731,0,-284.5
,,
,,
,,
,,
,,
,,
,,
,,
324.495,0,409.029
,,
,,
,,
,,
,,
,,
257
-2734,0,-285
,,
412.308,0,378.501
413.347,0,353.224
,,
350.813,0,396.231
,,
,,
350.813,0,396.231
,,
,,
,,
,,
,,
,,
,,
258
-2740,0,-284
,,
,,
,,
,,
352.294,0,394.592
,,
,,
359.981,0,392.376
,,
,,
,,
,,
291.837,0,387.045
,,
,,
259
-2741,0,-281.5
,,
,,
497.93,0,318.579
459.687,0,306.852
493.218,0,312.113
,,
,,
,,
425.607,0,341.587
,,
,,
,,
,,
,,
,,
260
-2741,0,-283
,,
,,
,,
,,
,,
,,
,,
,,
,,
,,
,,
,,
,,
,,
,,
261
-2750,0,-279.5
,,
,,
,,
,,
,,
,,
,,
,,
,,
,,
,,
,,
,,
,,
,,
262
-2748,0,-280
,,
,,
,,
,,
,,
,,
,,
,,
,,
,,
,,
,,
,,
,,
,,
263
-2753,0,-279
,,
,,
,,
,,
,,
,,
,,
,,
,,
,,
,,
,,
,,
,,
,,
264
-2756,0,-277.5
,,
,,
,,
,,
,,
,,
,,
,,
,,
,,
,,
,,
,,
,,
,,
265
-2757,0,-277
,,
,,
,,
,,
,,
,,
,,
,,
,,
,,
,,
,,
,,
,,
,,
266
-2761,0,-276
,,
,,
,,
,,
,,
,,
,,
,,
,,
,,
,,
,,
,,
,,
,,
267
-2764,0,-275
,,
,,
,,
,,
,,
,,
,,
,,
,,
,,
,,
,,
,,
,,
,,
268
-2766,0,-274
,,
,,
,,
,,
,,
,,
,,
,,
,,
,,
,,
,,
,,
,,
,,
269
-2769,0,-273
,,
,,
,,
,,
,,
,,
,,
,,
,,
,,
,,
,,
,,
,,
,,
270
-2771,0,-272
,,
,,
,,
,,
,,
,,
,,
,,
,,
,,
,,
,,
,,
,,
,,
271
-2774,0,-271
,,
,,
,,
,,
,,
,,
,,
,,
,,
,,
,,
,,
,,
,,
,,
272
-2777,0,-270
,,
,,
,,
,,
,,
,,
,,
,,
,,
,,
,,
,,
,,
,,
,,
273
-2779,0,-269
,,
,,
,,
,,
,,
,,
,,
,,
,,
,,
,,
,,
,,
,,
,,
274
-2782,0,-269
518.794,0,232.887
,,
,,
,,
,,
,,
,,
,,
,,
,,
,,
,,
,,
,,
,,
275
-2785,0,-267
,,
,,
,,
,,
,,
,,
,,
,,
,,
,,
,,
,,
,,
,,
,,
276
-2787,0,-266
,,
,,
,,
,,
,,
,,
,,
,,
,,
,,
,,
,,
,,
,,
,,
277
-2789,0,-267
,,
,,
,,
,,
,,
,,
,,
,,
,,
,,
,,
,,
,,
,,
,,
278
-2793,0,-265.5
,,
,,
,,
,,
,,
,,
,,
,,
,,
,,
,,
,,
,,
,,
,,
279
-2795,0,-264
,,
,,
,,
,,
,,
,,
,,
,,
,,
,,
,,
,,
,,
,,
,,
280
-2797,0,-263
,,
,,
,,
,,
,,
,,
,,
,,
,,
,,
,,
,,
,,
,,
,,
281
-2799,0,-262
,,
,,
,,
,,
,,
,,
,,
,,
,,
,,
,,
,,
,,
,,
,,
282
-2801,0,-262
,,
,,
,,
,,
,,
,,
,,
,,
,,
,,
,,
,,
,,
,,
,,
283
-2803,0,-261
,,
,,
,,
,,
,,
,,
,,
,,
,,
,,
,,
,,
,,
,,
,,
284
-2805,0,-260.5
,,
,,
,,
,,
,,
,,
,,
,,
,,
,,
,,
,,
,,
,,
,,
285
-2807,0,-259
,,
,,
,,
,,
,,
,,
,,
,,
,,
,,
,,
,,
,,
,,
,,
286
-2808,0,-258.5
,,
,,
,,
,,
,,
,,
,,
,,
,,
,,
,,
,,
,,
,,
,,
287
-2809,0,-258
,,
,,
,,
,,
,,
,,
,,
,,
,,
,,
,,
,,
,,
,,
,,
288
-2812,0,-257
559.065,0,240.635
534.028,0,254.958
533.481,0,262.939
524.953,0,270.374
533.481,0,262.939
543.102,0,239.542
544.195,0,223.579
559.065,0,240.635
493.575,0,260.207
477.612,0,259.114
477.612,0,259.114
503.196,0,236.809
478.705,0,243.151
,,
518.065,0,253.865
289
-2814,0,-257
,,
,,
,,
,,
,,
,,
,,
,,
,,
,,
,,
,,
,,
,,
,,
