data/BP_videos/5.MOV
0
,,
,,
,,
,,
,,
,,
,,
,,
,,
,,
,,
,,
,,
,,
,,
,,
1
,,
,,
,,
,,
,,
,,
,,
,,
,,
,,
,,
,,
,,
,,
,,
,,
2
,,
,,
,,
,,
,,
,,
,,
,,
,,
,,
,,
,,
,,
,,
,,
,,
3
,,
,,
,,
,,
,,
,,
,,
,,
,,
,,
,,
,,
,,
,,
,,
,,
4
,,
,,
,,
,,
,,
,,
,,
,,
,,
,,
,,
,,
,,
,,
,,
,,
5
,,
,,
,,
,,
,,
,,
,,
,,
,,
,,
,,
,,
,,
,,
,,
,,
6
,,
,,
,,
,,
,,
,,
,,
,,
,,
,,
,,
,,
,,
,,
,,
,,
7
,,
,,
,,
,,
,,
,,
,,
,,
,,
,,
,,
,,
,,
,,
,,
,,
8
,,
,,
,,
,,
,,
,,
,,
,,
,,
,,
,,
,,
,,
,,
,,
,,
9
,,
,,
,,
,,
,,
,,
,,
,,
,,
,,
,,
,,
,,
,,
,,
,,
10
,,
,,
,,
,,
,,
,,
,,
,,
,,
,,
,,
,,
,,
,,
,,
,,
11
,,
,,
,,
,,
,,
,,
,,
,,
,,
,,
,,
,,
,,
,,
,,
,,
12
,,
,,
,,
,,
,,
,,
,,
,,
,,
,,
,,
,,
,,
,,
,,
,,
13
,,
,,
,,
,,
,,
,,
,,
,,
,,
,,
,,
,,
,,
,,
,,
,,
14
,,
,,
,,
,,
,,
,,
,,
,,
,,
,,
,,
,,
,,
,,
,,
,,
15
,,
,,
,,
,,
,,
,,
,,
,,
,,
,,
,,
,,
,,
,,
,,
,,
16
,,
,,
,,
,,
,,
,,
,,
,,
,,
,,
,,
,,
,,
,,
,,
,,
17
,,
,,
,,
,,
,,
,,
,,
,,
,,
,,
,,
,,
,,
,,
,,
,,
18
,,
,,
,,
,,
,,
,,
,,
,,
,,
,,
,,
,,
,,
,,
,,
,,
19
,,
,,
,,
,,
,,
,,
,,
,,
,,
,,
,,
,,
,,
,,
,,
,,
20
,,
,,
,,
,,
,,
,,
,,
,,
,,
,,
,,
,,
,,
,,
,,
,,
21
,,
,,
,,
,,
,,
,,
,,
,,
,,
,,
,,
,,
,,
,,
,,
,,
22
,,
,,
,,
,,
,,
,,
,,
,,
,,
,,
,,
,,
,,
,,
,,
,,
23
,,
,,
,,
,,
,,
,,
,,
,,
,,
,,
,,
,,
,,
,,
,,
,,
24
,,
,,
,,
,,
,,
,,
,,
,,
,,
,,
,,
,,
,,
,,
,,
,,
25
,,
,,
,,
,,
,,
,,
,,
,,
,,
,,
,,
,,
,,
,,
,,
,,
26
,,
,,
,,
,,
,,
,,
,,
,,
,,
,,
,,
,,
,,
,,
,,
,,
27
,,
,,
,,
,,
,,
,,
,,
,,
,,
,,
,,
,,
,,
,,
,,
,,
28
,,
,,
,,
,,
,,
,,
,,
,,
,,
,,
,,
,,
,,
,,
,,
,,
29
,,
,,
,,
,,
,,
,,
,,
,,
,,
,,
,,
,,
,,
,,
,,
,,
30
,,
,,
,,
,,
,,
,,
,,
,,
,,
,,
,,
,,
,,
,,
,,
,,
31
,,
,,
,,
,,
,,
,,
,,
,,
,,
,,
,,
,,
,,
,,
,,
,,
32
,,
,,
,,
,,
,,
,,
,,
,,
,,
,,
,,
,,
,,
,,
,,
,,
33
,,
,,
,,
,,
,,
,,
,,
,,
,,
,,
,,
,,
,,
,,
,,
,,
34
,,
,,
,,
,,
,,
,,
,,
,,
,,
,,
,,
,,
,,
,,
,,
,,
35
,,
,,
,,
,,
,,
,,
,,
,,
,,
,,
,,
,,
,,
,,
,,
,,
36
,,
,,
,,
,,
,,
,,
,,
,,
,,
,,
,,
,,
,,
,,
,,
,,
37
,,
,,
,,
,,
,,
,,
,,
,,
,,
,,
,,
,,
,,
,,
,,
,,
38
,,
,,
,,
,,
,,
,,
,,
,,
,,
,,
,,
,,
,,
,,
,,
,,
39
,,
,,
,,
,,
,,
,,
,,
,,
,,
,,
,,
,,
,,
,,
,,
,,
40
,,
,,
,,
,,
,,
,,
,,
,,
,,
,,
,,
,,
,,
,,
,,
,,
41
,,
,,
,,
,,
,,
,,
,,
,,
,,
,,
,,
,,
,,
,,
,,
,,
42
,,
,,
,,
,,
,,
,,
,,
,,
,,
,,
,,
,,
,,
,,
,,
,,
43
-880.5,0,-346
875.2,0,307
875.2,0,330.7
867.3,0,338.6
867.3,0,378.1
867.3,0,378.1
891,0,338.6
875.2,0,354.4
851.5,0,354.4
883.1,0,386
883.1,0,433.4
914.7,0,433.4
891,0,386
867.3,0,417.6
851.5,0,465
883.1,0,362.3
44
-886.5,0,-345.5
876.023,0,306.248
880.374,0,331.17
863.364,0,336.708
866.529,0,369.54
872.067,0,386.55
895.01,0,341.455
875.627,0,362.816
851.893,0,359.255
879.978,0,387.737
881.956,0,428.481
913.602,0,433.228
895.801,0,390.11
874.045,0,427.294
913.602,0,433.228
883.539,0,364.002
45
-892,0,-345.5
874.523,0,304.631
877.827,0,336.787
868.953,0,343.434
865.611,0,366.715
871.144,0,383.35
893.348,0,339.015
874.486,0,360.068
850.09,0,364.487
878.904,0,384.464
873.335,0,423.266
904.376,0,427.722
894.425,0,386.692
873.335,0,423.266
866.651,0,469.829
882.246,0,361.182
46
-898,0,-347
875.765,0,303.103
886.978,0,336.209
870.003,0,341.519
873.304,0,373.439
872.152,0,381.122
902.801,0,338.583
882.368,0,366.942
858.634,0,363.382
878.911,0,389.992
873.148,0,428.409
875.297,0,468.012
894.734,0,392.366
873.148,0,428.409
874.145,0,475.695
890.28,0,368.129
47
-904,0,-347
876.88,0,307.536
881.691,0,331.656
872.036,0,346.122
876.847,0,370.242
867.192,0,384.708
896.157,0,341.311
877.816,0,362.525
853.695,0,367.336
881.658,0,394.363
861.379,0,431.011
884.531,0,433.918
898.061,0,388.583
876.814,0,432.949
879.687,0,472.504
885.533,0,363.494
48
-910,0,-347.5
877.129,0,309.157
881.397,0,333.427
872.375,0,339.903
875.454,0,371.859
873.077,0,387.232
895.874,0,343.536
876.643,0,364.173
851.955,0,368.226
880.91,0,388.443
859.301,0,424.453
899.654,0,422.823
896.575,0,390.866
881.611,0,435.773
891.334,0,476.628
884.475,0,365.384
49
-917,0,-348
881.159,0,310.684
885.609,0,335.35
876.632,0,342.063
872.105,0,373.442
870.974,0,381.287
900.166,0,345.458
882.213,0,358.884
848.571,0,370.047
876.555,0,398.108
856.338,0,427.223
895.562,0,432.882
901.221,0,393.658
886.586,0,439.595
895.485,0,488.927
888.926,0,367.861
50
-923,0,-348
881.446,0,315.386
887.141,0,339.571
878.606,0,346.686
867.942,0,377.277
875.767,0,377.986
894.966,0,340.281
877.187,0,362.336
853.002,0,368.032
882.172,0,394.346
848.033,0,422.807
879.333,0,425.646
897.822,0,395.766
885.738,0,442.006
897.839,0,482.551
892.127,0,371.581
51
-929,0,-348
884.711,0,316.251
890.007,0,340.527
873.544,0,346.662
870.19,0,377.911
856.243,0,360.609
897.82,0,341.365
871.867,0,362.286
848.43,0,359.771
883.299,0,403.025
850.373,0,415.295
879.945,0,434.274
898.923,0,404.702
894.731,0,443.763
906.162,0,484.502
886.653,0,371.776
52
-935,0,-348
882.624,0,311.677
888.17,0,343.595
887.598,0,351.431
869.635,0,381.631
855.68,0,356.978
896.006,0,344.167
879.761,0,350.859
855.68,0,356.978
891.999,0,399.021
851.673,0,411.831
873.464,0,437.058
899.835,0,399.594
896.401,0,446.611
909.783,0,479.101
893.717,0,375.512
53
-942,0,-348
886.487,0,313.585
890.752,0,337.856
881.816,0,344.375
869.377,0,373.987
870.545,0,366.29
898.52,0,339.035
880.648,0,352.073
856.176,0,356.235
890.346,0,392.918
856.938,0,403.6
866.636,0,444.445
898.115,0,394.097
898.876,0,441.461
916.342,0,483.484
893.849,0,369.825
54
-949,0,-348
886.935,0,310.305
891.725,0,342.345
883.147,0,349.408
873.053,0,372.112
873.053,0,372.112
899.546,0,343.103
875.326,0,348.65
859.685,0,347.135
886.421,0,397.089
854.381,0,401.879
858.414,0,441.739
902.062,0,398.604
905.337,0,446.285
925.768,0,479.84
897.273,0,366.564
55
-956,0,-348
884.996,0,310.918
890.83,0,335.488
881.669,0,350.779
872.509,0,366.07
880.339,0,366.724
898.66,0,336.142
874.505,0,342.154
858.18,0,348.819
885.507,0,399.267
853.522,0,404.625
858.025,0,445.14
901.167,0,400.574
905.67,0,441.088
926.498,0,474.938
888.168,0,367.377
56
-962.5,0,-348
892.097,0,311.235
897.863,0,335.45
880.467,0,349.603
879.001,0,365.249
864.537,0,348.11
897.863,0,335.45
881.933,0,333.957
856.571,0,347.364
884.766,0,389.464
859.405,0,402.87
855.006,0,449.807
907.929,0,399.526
912.228,0,439.386
933.191,0,472.917
894.931,0,366.741
57
-969.5,0,-348
889.697,0,305.676
895.957,0,337.179
887.713,0,344.554
879.072,0,359.704
863.775,0,351.128
895.957,0,337.179
880.263,0,336.378
856.325,0,342.951
885.331,0,391.207
853.15,0,405.156
850.768,0,451.81
901.025,0,392.008
914.337,0,439.463
936.29,0,471.767
894.369,0,368.281
58
-976.5,0,-348
887.509,0,301.332
894.23,0,333.058
893.912,0,340.909
884.965,0,364.137
884.965,0,364.137
902.224,0,333.382
877.925,0,340.261
861.938,0,339.614
891.686,0,395.864
859.076,0,410.27
849.175,0,457.051
907.673,0,396.511
914.076,0,436.089
936.785,0,468.463
900.952,0,364.785
59
-983.5,0,-348
887.825,0,299.638
891.545,0,332.378
891.545,0,332.378
879.68,0,363.118
879.68,0,363.118
899.339,0,333.378
881.716,0,347.248
858.336,0,344.248
891.194,0,396.858
856.966,0,416.663
843.064,0,463.272
907.798,0,390.922
909.483,0,439.532
937.601,0,467.337
895.266,0,365.118
60
-989.5,0,-349
894.121,0,301.092
899.188,0,325.277
890.291,0,332.028
886.46,0,362.964
885.502,0,370.698
898.23,0,333.011
888.375,0,347.496
864.557,0,344.547
891.526,0,387.15
863.877,0,415.136
850.191,0,460.557
907.405,0,389.116
916.579,0,445.22
939.44,0,455.904
894.399,0,363.947
61
-998.5,0,-348
893.334,0,298.786
899.393,0,330.646
890.926,0,337.998
889.963,0,353.683
888.519,0,377.21
899.393,0,330.646
889.963,0,353.683
858.023,0,351.722
896.022,0,385.543
861.675,0,422.794
858.786,0,469.848
911.992,0,386.523
908.622,0,441.42
940.08,0,451.223
897.467,0,362.016
62
-1004.5,0,-348
891.893,0,302.738
896.919,0,327.532
888.007,0,334.501
885.092,0,358.323
861.27,0,355.409
903.888,0,336.444
885.092,0,358.323
861.27,0,355.409
897.088,0,392.029
868.408,0,428.819
869.549,0,485.376
912.97,0,393.972
906.169,0,449.558
938.904,0,445.503
900.974,0,360.266
63
-1012,0,-347
892.918,0,296.854
896.169,0,329.106
887.257,0,335.754
883.86,0,359.094
860.52,0,355.698
903.949,0,330.239
890.508,0,368.007
860.52,0,355.698
896.023,0,384.699
873.67,0,429.115
874.656,0,476.928
911.584,0,386.964
902.525,0,449.205
935.91,0,438.174
899.42,0,361.359
64
-1020,0,-348
892.355,0,302.156
897.381,0,326.95
896.41,0,334.891
892.524,0,366.654
890.581,0,382.536
904.351,0,335.863
892.524,0,366.654
868.702,0,363.74
897.55,0,391.448
875.84,0,437.15
885.893,0,486.738
913.432,0,393.391
898.691,0,448.005
931.426,0,443.95
900.465,0,367.626
65
-1027,0,-348
888.603,0,297.911
891.829,0,329.909
890.705,0,337.627
886.212,0,368.502
891.684,0,385.063
906.143,0,339.874
886.212,0,368.502
863.056,0,365.132
890.561,0,392.781
882.697,0,446.812
892.518,0,487.652
905.998,0,395.028
891.539,0,440.217
923.537,0,436.992
895.054,0,361.907
66
-1036.5,0,-349
892.993,0,304.576
898.413,0,329.244
888.981,0,344.374
886.574,0,368.253
884.97,0,384.173
905.438,0,337.993
885.772,0,376.213
863.093,0,365.887
891.192,0,400.881
886.378,0,448.639
905.847,0,490.804
906.846,0,402.459
886.378,0,448.639
918.488,0,443.835
902.228,0,369.831
67
-1043.5,0,-349
889.978,0,308.187
896.476,0,332.637
887.5,0,348.11
878.029,0,371.569
862.059,0,370.578
903.965,0,341.117
886.013,0,372.064
862.059,0,370.578
900.496,0,397.009
889.538,0,444.422
910.023,0,501.801
908.48,0,397.505
881.553,0,443.926
913.492,0,445.908
901.982,0,373.055
68
-1049.5,0,-349
893.405,0,302.237
896.112,0,334.577
887.078,0,341.08
882.015,0,372.154
859.975,0,360.589
902.615,0,343.611
889.784,0,373.42
858.71,0,368.358
901.524,0,399.257
900.434,0,454.902
918.677,0,489.773
909.293,0,400.522
879.659,0,435.568
910.733,0,440.631
905.321,0,375.951
69
-1056.5,0,-349
891.354,0,303.339
895.39,0,336.076
894.414,0,344.016
890.51,0,375.777
889.534,0,383.717
902.355,0,344.992
891.486,0,367.837
858.749,0,371.873
910.427,0,410.466
905.547,0,450.167
932.428,0,493.772
910.427,0,410.466
875.738,0,430.383
905.547,0,450.167
906.391,0,377.729
70
-1064,0,-350.5
892.277,0,301.637
894.676,0,333.805
893.306,0,341.497
887.828,0,372.263
886.459,0,379.955
909.058,0,344.301
889.198,0,364.571
856.324,0,366.654
915.225,0,400.947
907.008,0,447.096
931.666,0,491.163
915.225,0,400.947
871.736,0,417.01
897.763,0,453.385
903.581,0,375.068
71
-1071.5,0,-350.5
891.657,0,299.776
899.845,0,333.742
890.475,0,339.595
883.439,0,370.042
881.68,0,377.654
907.457,0,335.5
885.198,0,362.43
862.362,0,357.154
908.61,0,399.914
905.669,0,447.344
936.693,0,486.586
908.61,0,399.914
874.645,0,408.102
888.686,0,451.438
900.422,0,365.948
72
-1082.5,0,-350.5
889.824,0,301.329
900.014,0,334.749
891.007,0,341.148
879.392,0,362.953
885.791,0,371.96
907.717,0,336.053
880.696,0,355.25
856.283,0,359.04
912.69,0,400.284
912.568,0,447.806
945.867,0,485.138
912.69,0,400.284
871.567,0,409.17
880.453,0,450.292
902.501,0,366.865
73
-1090,0,-350.5
890.491,0,299.181
898.68,0,333.146
891.068,0,331.387
882.273,0,369.447
882.273,0,369.447
906.291,0,334.905
885.791,0,354.223
861.196,0,356.558
907.444,0,399.318
912.115,0,448.508
944.898,0,480.138
907.444,0,399.318
873.479,0,407.506
870.537,0,454.937
906.868,0,367.112
74
-1098,0,-350.5
896.3,0,301.392
898.662,0,334.247
890.959,0,332.943
884.282,0,372.382
884.282,0,372.382
906.365,0,335.552
880.585,0,347.415
856.141,0,351.39
903.385,0,399.958
910.778,0,449.892
943.951,0,487.964
911.088,0,401.262
869.902,0,410.517
861.89,0,457.843
901.023,0,367.103
75
-1105.5,0,-351.5
890.064,0,296.648
894.405,0,328.566
886.64,0,327.71
882.36,0,366.537
882.36,0,366.537
909.936,0,330.277
884.928,0,343.241
853.01,0,347.582
903.089,0,392.401
913.485,0,440.706
948.888,0,476.047
903.089,0,392.401
870.315,0,404.508
856.559,0,458.011
898.747,0,360.483
76
-1113.5,0,-351.5
890.643,0,292.068
902.183,0,325.933
893.178,0,332.781
879.859,0,371.338
880.938,0,363.411
910.11,0,327.011
883.094,0,347.557
858.235,0,352.249
900.405,0,398.354
917.716,0,449.151
954.116,0,478.323
908.332,0,399.432
873.389,0,418.9
851.066,0,464.305
904.719,0,366.646
77
-1121.5,0,-351.5
893.764,0,292.242
897.53,0,324.233
888.785,0,330.986
884.803,0,361.981
884.803,0,361.981
913.027,0,326.224
886.794,0,346.483
854.803,0,350.25
904.066,0,395.963
913.59,0,444.447
950.343,0,464.923
904.066,0,395.963
870.084,0,415.227
847.617,0,467.477
900.3,0,363.972
78
-1129.5,0,-350.5
895.867,0,294.163
900.715,0,326.283
891.977,0,333.325
880.904,0,363.864
880.904,0,363.864
916.637,0,327.865
890.421,0,348.99
857.799,0,353.659
901.674,0,397.566
904.967,0,445.351
951.954,0,457.928
909.635,0,398.357
866.719,0,425.733
846.129,0,471.146
904.786,0,366.236
79
-1139.5,0,-350.5
890.542,0,291.704
895.422,0,323.788
886.847,0,330.885
883.891,0,362.23
852.546,0,359.274
911.094,0,325.266
885.369,0,346.558
853.285,0,351.438
896.608,0,395.053
899.271,0,450.645
947.028,0,447.242
904.444,0,395.792
870.143,0,424.181
849.298,0,477.556
899.564,0,363.708
80
-1147.5,0,-350.5
894.47,0,287.099
898.534,0,327.027
889.945,0,334.108
879.848,0,356.858
848.509,0,353.841
914.203,0,328.535
880.602,0,349.023
848.509,0,353.841
900.335,0,390.459
895.056,0,445.302
942.818,0,441.993
908.17,0,391.213
873.06,0,427.37
852.111,0,480.705
903.352,0,359.12
81
-1159,0,-351.5
893.453,0,289.439
898.297,0,321.285
889.786,0,328.329
879.074,0,358.708
855.74,0,356.507
913.12,0,330.53
879.808,0,350.93
855.74,0,356.507
899.474,0,392.02
886.562,0,445.733
933.964,0,442.355
907.252,0,392.754
871.74,0,436.488
866.605,0,490.934
902.408,0,360.908
82
-1165.5,0,-351.5
896.182,0,290.557
901.002,0,322.667
884.57,0,328.996
881.552,0,360.351
858.035,0,358.088
908.086,0,331.26
882.306,0,352.513
850.196,0,357.333
894.211,0,393.216
881.844,0,439.494
921.038,0,443.266
909.888,0,394.725
881.844,0,439.494
876.562,0,494.365
905.068,0,362.615
83
-1178.5,0,-352.5
888.493,0,289.486
901.889,0,329.4
885.835,0,336.32
876.701,0,359.294
883.621,0,375.348
909.695,0,329.843
877.144,0,351.489
852.841,0,365.771
890.541,0,391.402
871.829,0,445.156
884.783,0,492.876
906.152,0,392.288
879.635,0,445.599
884.34,0,500.681
900.118,0,360.623
84
-1188.5,0,-352.5
889.692,0,289.994
901.694,0,331.029
893.03,0,338.172
882.085,0,369.022
881.324,0,376.925
909.597,0,331.79
883.606,0,353.216
850.473,0,365.979
894.847,0,402.155
866.574,0,447.29
881.619,0,456.714
910.653,0,403.677
890.283,0,449.572
892.86,0,505.653
905.793,0,371.304
85
-1198,0,-352.5
892.191,0,292.739
903.407,0,334.007
894.607,0,340.983
883.069,0,371.625
883.069,0,371.625
911.296,0,334.919
877.005,0,354.936
852.427,0,360.088
895.198,0,405.004
859.082,0,440.799
907.326,0,438.383
911.887,0,398.94
896.701,0,461.137
907.005,0,510.293
899.759,0,365.561
86
-1207.5,0,-352.5
895.187,0,296.569
899.723,0,329.213
891.053,0,336.355
872.885,0,358.596
848.528,0,364.108
906.74,0,337.985
873.712,0,350.639
848.528,0,364.108
892.281,0,400.827
848.929,0,436.538
895.99,0,441.428
915.812,0,403.272
893.51,0,465.3
912.079,0,515.488
903.432,0,369.814
87
-1219,0,-353.5
895.29,0,295.451
899.824,0,335.686
899.824,0,335.686
880.784,0,373.941
850.016,0,363.386
907.682,0,336.346
874.92,0,349.536
850.016,0,363.386
893.841,0,406.921
844.698,0,426.706
889.852,0,454.411
909.557,0,408.241
904.903,0,463.646
924.489,0,513.115
905.023,0,368.006
88
-1230,0,-353.5
894.182,0,295.494
899.887,0,335.885
899.887,0,335.885
889.617,0,375.364
850.596,0,357.107
907.874,0,336.342
875.469,0,342.503
850.596,0,357.107
895.778,0,407.768
846.943,0,421.003
885.052,0,455.233
911.752,0,408.681
908.556,0,464.59
937.765,0,514.338
905.591,0,376.277
89
-1239,0,-353.5
889.773,0,294.937
894.961,0,327.048
902.154,0,335.576
891.62,0,366.35
890.284,0,382.071
902.154,0,335.576
870.043,0,340.764
845.125,0,354.481
888.948,0,397.793
840.448,0,409.505
867.881,0,459.341
904.669,0,399.129
915.044,0,463.35
943.145,0,505.325
899.481,0,367.019
90
-1250,0,-353.5
889.046,0,291.123
894.243,0,331.012
902.114,0,331.547
884.233,0,361.96
883.698,0,369.831
894.243,0,331.012
870.096,0,337.278
845.414,0,351.415
889.964,0,393.978
841.135,0,414.381
861.538,0,463.21
905.706,0,395.048
917.168,0,459.083
945.977,0,500.576
899.974,0,363.03
91
-1260,0,-353.5
891.255,0,294.349
896.443,0,326.46
904.304,0,327.128
918.688,0,344.185
846.607,0,353.893
896.443,0,326.46
863.665,0,339.508
846.607,0,353.893
890.429,0,397.205
841.93,0,408.917
845.113,0,464.609
906.15,0,398.541
917.194,0,454.901
953.156,0,497.545
893.102,0,365.762
92
-1270,0,-353.5
894.349,0,289.451
899.619,0,329.901
899.619,0,329.901
914.497,0,346.949
850.102,0,350.592
891.637,0,329.359
867.15,0,335.713
850.102,0,350.592
886.756,0,401.193
837.782,0,413.902
841.967,0,470.316
902.719,0,402.278
922.867,0,459.776
952.624,0,493.872
897.449,0,361.828
93
-1281,0,-353.5
892.372,0,291.99
892.261,0,323.989
900.261,0,324.017
916.178,0,348.072
892.095,0,371.989
892.261,0,323.989
868.206,0,339.906
844.151,0,355.823
892.012,0,395.989
843.929,0,419.823
827.736,0,475.767
908.012,0,396.044
915.818,0,452.072
955.68,0,492.21
892.123,0,363.989
94
-1291,0,-353.5
890.015,0,287.603
895.609,0,319.871
902.949,0,328.374
917.629,0,345.381
884.197,0,366.818
887.688,0,319.289
862.178,0,341.308
845.171,0,355.988
889.791,0,399.086
840.517,0,419.36
827.941,0,482.15
905.634,0,400.249
917.405,0,456.864
955.849,0,475.616
892.7,0,359.478
95
-1301,0,-353.5
886.712,0,285.188
892.501,0,317.661
899.933,0,326.191
914.251,0,351.231
896.644,0,374.078
891.952,0,325.643
866.364,0,347.941
841.872,0,354.278
887.018,0,397.473
844.371,0,434.638
824.571,0,489.41
902.98,0,398.57
906.576,0,462.968
953.915,0,474.238
897.74,0,358.116
96
-1312,0,-353.5
881.679,0,282.519
887.233,0,314.555
894.52,0,322.997
908.516,0,347.746
891.054,0,370.184
886.655,0,322.419
860.751,0,352.145
836.58,0,358.276
889.321,0,393.778
846.533,0,438.077
826.761,0,491.973
897.186,0,394.355
900.43,0,457.849
947.617,0,461.315
891.632,0,362.32
97
-1322.5,0,-353.5
881.294,0,282.09
885.939,0,314.285
893.025,0,322.948
906.384,0,348.118
887.328,0,377.853
885.125,0,322.128
866.068,0,351.863
833.653,0,356.427
885.7,0,393.54
849.215,0,437.323
834.803,0,499.252
893.6,0,394.36
894.99,0,457.929
943.206,0,455.004
888.956,0,362.166
98
-1333,0,-353.5
877.134,0,284.837
890.705,0,317.941
890.109,0,325.918
871.77,0,356.637
839.263,0,362.231
890.109,0,325.918
863.792,0,356.041
831.285,0,361.635
884.746,0,397.718
848.663,0,451.179
844.491,0,507.023
892.723,0,398.314
887.956,0,462.136
936.418,0,457.734
887.13,0,365.807
99
-1343.5,0,-353
871.77,0,285.702
884.248,0,318.701
883.444,0,326.549
864.531,0,356.331
840.183,0,361.766
883.444,0,326.549
864.531,0,356.331
831.531,0,368.809
876.204,0,397.179
854.074,0,458.352
856.291,0,514.091
892.704,0,390.94
877.617,0,460.766
926.312,0,449.896
888.074,0,358.745
100
-1352,0,-353
876.447,0,286.266
880.723,0,318.55
879.805,0,326.388
860.244,0,355.881
834.571,0,368.768
887.751,0,327.318
859.326,0,363.72
826.625,0,367.838
879.493,0,397.863
856.261,0,458.71
873.676,0,516.369
895.385,0,399.724
864.207,0,459.64
921.662,0,450.474
883.163,0,366.51
101
-1364.5,0,-355
872.871,0,289.201
877.656,0,321.387
868.267,0,336.328
857.344,0,366.979
825.926,0,363.91
884.744,0,330.008
857.344,0,366.979
825.926,0,363.91
885.693,0,401.466
856.759,0,454.146
882.039,0,520.051
893.547,0,402.233
856.759,0,454.146
904.653,0,450.895
880.907,0,369.281
102
-1375,0,-353.5
869.603,0,285.904
871.58,0,326.638
870.404,0,334.551
857.838,0,365.034
825.223,0,368.273
886.123,0,336.888
857.838,0,365.034
825.223,0,368.273
891.253,0,410.443
873.98,0,472.578
897.183,0,532.644
891.253,0,410.443
844.895,0,452.077
892.053,0,459.089
880.24,0,376.453
103
-1388.5,0,-354
869.985,0,289.11
871.148,0,329.131
861.923,0,335.491
856.548,0,366.412
823.677,0,368.662
886.912,0,331.871
857.891,0,358.682
823.677,0,368.662
889.238,0,411.914
871.949,0,464.655
903.296,0,517.887
881.356,0,410.543
835.228,0,442.344
881.175,0,458.295
880.193,0,370.522
104
-1398.5,0,-356.5
874.24,0,283.927
869.263,0,323.616
859.387,0,338.503
847.521,0,369.266
822.868,0,374.238
876.154,0,332.543
847.521,0,369.266
814.983,0,373.249
881.972,0,413.899
881.896,0,478.39
908.462,0,522.034
881.972,0,413.899
830.678,0,439.718
875.006,0,469.464
879.063,0,373.221
105
-1407.5,0,-353.5
859.804,0,287.97
865.306,0,327.597
857.008,0,334.964
847.312,0,365.827
815.516,0,371.795
872.672,0,335.896
839.479,0,365.361
815.982,0,363.963
876.311,0,406.852
880.415,0,469.977
916.781,0,519.301
876.311,0,406.852
820.087,0,427.087
856.918,0,468.579
870.342,0,375.057
106
-1420.5,0,-356.5
863.196,0,289.639
858.879,0,320.725
857.8,0,328.497
837.941,0,357.425
812.468,0,369.731
873.343,0,330.655
837.941,0,357.425
804.696,0,368.652
871.403,0,401.678
878.314,0,466.009
919.548,0,511.342
871.403,0,401.678
821.536,0,418.519
846.148,0,469.465
867.948,0,369.513
107
-1430.5,0,-356
863.202,0,287.137
860.279,0,327.03
851.716,0,334.424
834.006,0,357.191
808.901,0,371.395
867.673,0,335.593
834.006,0,357.191
808.901,0,371.395
870.392,0,407.985
882.258,0,465.004
926.623,0,516.383
870.392,0,407.985
813.372,0,419.851
825.238,0,476.87
865.336,0,367.507
108
-1440.5,0,-355
855.576,0,279.044
853.2,0,318.973
844.893,0,326.493
827.328,0,357.504
802.881,0,372.078
868.39,0,327.891
835.16,0,357.97
802.881,0,372.078
864.114,0,399.764
883.809,0,465.049
920.12,0,515.294
863.639,0,407.75
807.862,0,420.459
812.368,0,476.827
858.182,0,367.354
109
-1452.5,0,-353
852.774,0,282.215
850.134,0,321.871
841.675,0,329.274
831.633,0,360.471
799.38,0,366.291
865.469,0,330.858
832.161,0,352.54
799.38,0,366.291
860.718,0,402.238
880.817,0,459.34
925.765,0,502.163
868.65,0,402.766
803.617,0,422.337
799.922,0,477.855
854.899,0,369.986
110
-1465,0,-354.5
848.703,0,280.304
844.838,0,319.344
836.257,0,326.379
825.356,0,356.838
801.159,0,362.326
860.454,0,320.89
826.129,0,349.03
793.351,0,361.553
860.531,0,399.743
870.735,0,455.945
922.298,0,492.589
860.531,0,399.743
802.782,0,425.563
780.981,0,486.481
855.815,0,367.738
111
-1472,0,-354
845.045,0,276.018
849.038,0,316.345
840.346,0,323.471
821.396,0,353.539
796.104,0,367.007
856.164,0,325.037
821.396,0,353.539
788.195,0,366.224
856.241,0,404.907
866.576,0,461.834
920.371,0,483.133
856.241,0,404.907
805.656,0,431.843
775.665,0,492.763
852.248,0,364.58
112
-1484.5,0,-353
839.366,0,275.257
843.792,0,315.528
835.239,0,322.763
816.758,0,353.067
791.787,0,366.852
850.97,0,324.129
816.758,0,353.067
783.922,0,366.169
851.957,0,403.988
854.32,0,468.012
909.376,0,472.794
851.957,0,403.988
801.328,0,439.476
772.23,0,500.767
847.531,0,363.717
113
-1495.5,0,-352
836.522,0,274.322
840.59,0,314.911
831.071,0,330.056
812.81,0,352.385
787.367,0,365.972
847.773,0,323.652
812.031,0,360.347
779.405,0,365.193
847.948,0,404.05
849.679,0,468.525
906.192,0,466.015
855.91,0,404.829
803.465,0,447.929
781.311,0,510.067
843.879,0,363.462
114
-1505,0,-350
833.44,0,271.623
835.849,0,319.314
826.982,0,326.165
815.348,0,356.391
781.724,0,368.212
851.738,0,321.195
807.403,0,355.451
781.724,0,368.212
842.513,0,399.113
842.154,0,470.179
891.666,0,460.239
850.457,0,400.053
804.277,0,449.892
788.951,0,511.285
846.203,0,367.946
115
-1514,0,-350.5
826.02,0,279.518
829.897,0,319.863
829.091,0,327.771
810.051,0,357.79
776.808,0,370.38
836.999,0,328.577
802.143,0,356.983
768.9,0,369.574
837.651,0,400.553
822.488,0,470.916
879.455,0,460.744
845.559,0,401.359
800.378,0,452.682
793.122,0,523.852
840.876,0,368.922
116
-1528,0,-352.5
820.831,0,277.538
831.407,0,318.467
822.621,0,325.254
803.052,0,354.4
812.629,0,403.116
830.407,0,326.254
794.267,0,361.187
768.91,0,373.762
828.201,0,405.114
804.635,0,465.405
804.427,0,528.693
835.987,0,406.114
804.635,0,465.405
862.135,0,449.041
833.197,0,366.184
117
-1535.5,0,-351
819.213,0,277.923
823.7,0,318.221
823.004,0,326.141
818.825,0,373.657
815.343,0,413.255
830.973,0,326.842
795.614,0,363.635
762.344,0,376.671
824.008,0,406.036
794.529,0,467.289
812.865,0,532.747
839.947,0,407.438
810.468,0,468.691
820.834,0,533.448
827.491,0,366.439
118
-1551,0,-350.5
808.809,0,283.378
820.567,0,324.003
827.608,0,332.593
849.505,0,350.547
760.438,0,373.29
819.793,0,331.819
785.433,0,359.982
760.438,0,373.29
812.048,0,409.973
775.366,0,461.582
812.894,0,481.085
828.453,0,403.706
805.853,0,472.496
823.878,0,529.527
824.51,0,363.855
119
-1559,0,-350.5
800.714,0,285
812.73,0,325.551
819.826,0,334.095
849.657,0,352.635
761.461,0,368.123
812.005,0,333.371
777.826,0,361.752
745.096,0,374.493
813.303,0,404.477
761.309,0,454.869
808.954,0,451.398
828.943,0,405.926
806.78,0,474.858
832.987,0,532.498
816.202,0,373.196
120
-1567,0,-351.5
800.486,0,280.045
808.084,0,329.132
823.57,0,331.761
842.854,0,358.933
826.054,0,364.047
806.769,0,336.874
770.539,0,362.587
744.681,0,374.129
802.68,0,407.875
756.078,0,447.758
832.192,0,468.648
819.481,0,402.761
815.391,0,473.761
844.903,0,534.535
816.996,0,370.475
121
-1577,0,-351.5
803.845,0,285.396
808.446,0,325.928
823.715,0,335.247
844.933,0,369.156
829.664,0,359.836
799.8,0,333.225
765.217,0,362.415
740.628,0,368.364
809.002,0,414.289
742.533,0,440.782
804.283,0,470.09
816.973,0,414.963
819.552,0,479.409
854.69,0,538.581
812.372,0,374.431
122
-1589,0,-351.5
791.487,0,284.36
804.39,0,324.657
811.673,0,333.049
832.967,0,366.063
810.009,0,356.562
788.16,0,331.386
754.592,0,360.518
730.525,0,366.692
806.682,0,403.587
733.926,0,429.947
778.179,0,472.462
806.128,0,411.425
817.367,0,475.234
861.065,0,525.586
801.063,0,371.682
123
-1601,0,-350.5
786.55,0,285.019
797.34,0,326.618
811.978,0,336.45
823.73,0,370.107
802.254,0,351.389
788.578,0,333.615
746.691,0,352.716
721.366,0,365.765
795.519,0,406.982
729.27,0,431.191
762.498,0,483.567
803.319,0,407.927
819.023,0,474.298
860.051,0,527.619
799.367,0,375.215
124
-1612,0,-353.5
789.075,0,279.135
792.925,0,327.644
802.623,0,333.471
812.299,0,372.283
800.666,0,358.694
777.4,0,331.515
742.459,0,356.717
719.172,0,362.523
788.991,0,411.074
728.828,0,434.319
742.375,0,488.656
796.754,0,409.139
814.172,0,479
866.531,0,523.66
794.839,0,368.392
125
-1627,0,-353.5
780.223,0,278.208
787.688,0,325.7
797.633,0,330.731
802.611,0,370.719
790.179,0,358.185
772.772,0,330.644
730.51,0,352.98
708.136,0,360.397
780.24,0,403.118
715.605,0,432.871
728.044,0,495.369
790.185,0,408.149
805.112,0,478.151
859.813,0,518.313
785.208,0,368.16
126
-1636.5,0,-355
774.054,0,276.066
772.209,0,323.173
787.911,0,323.788
770.672,0,362.428
708.478,0,344.267
764.358,0,322.865
724.18,0,344.881
692.468,0,351.503
776.986,0,401.991
720.798,0,431.244
710.18,0,501.596
784.837,0,402.299
797.772,0,473.574
851.5,0,507.13
778.523,0,362.736
127
-1645,0,-356.5
769.851,0,277.055
775.596,0,316.938
783.058,0,325.258
773.021,0,364.283
771.733,0,387.955
759.385,0,323.97
719.073,0,337.606
687.081,0,343.78
778.766,0,404.166
713.494,0,440.186
709.631,0,511.203
778.766,0,404.166
790.685,0,476.041
852.523,0,503.147
773.021,0,364.283
128
-1655,0,-356.5
767.444,0,275.375
764.147,0,322.382
771.982,0,322.931
716.592,0,326.919
684.155,0,340.391
756.313,0,321.832
716.042,0,334.754
684.155,0,340.391
766.487,0,401.275
716.184,0,444.985
703.405,0,514.945
774.322,0,401.825
776.662,0,480.718
838.788,0,492.948
769.235,0,362.103
129
-1667.5,0,-356.5
755.068,0,278.028
754.147,0,317.285
753.962,0,325.137
706.669,0,331.883
683.115,0,331.33
761.814,0,325.321
714.521,0,332.067
675.079,0,338.997
759.972,0,403.836
711.573,0,457.691
710.099,0,520.503
767.823,0,404.02
765.981,0,482.535
828.609,0,491.86
760.893,0,364.578
130
-1677,0,-356.5
754.537,0,280.985
751.79,0,320.157
751.24,0,327.991
733.082,0,358.21
670.887,0,330.229
759.22,0,328.551
702.808,0,332.468
670.337,0,338.063
753.726,0,406.895
709.978,0,458.938
720.994,0,530.567
761.706,0,407.455
748.232,0,485.239
820.605,0,482.442
756.473,0,367.723
131
-1688,0,-356.5
744.487,0,277.161
743.3,0,324.268
750.954,0,332.317
719.153,0,347.228
711.896,0,323.477
751.152,0,324.466
695.996,0,330.932
656.542,0,337.794
749.173,0,402.977
715.988,0,472.847
722.257,0,535.854
756.827,0,411.026
731.493,0,481.094
802.153,0,482.874
750.162,0,363.722
132
-1699,0,-357.5
742.139,0,280.448
746.982,0,328.868
746.982,0,328.868
721.986,0,343.264
707.591,0,318.269
746.982,0,328.868
698.561,0,333.711
658.647,0,331.094
749.207,0,417.203
720.548,0,487.479
732.851,0,544.406
749.207,0,417.203
720.548,0,487.479
784.411,0,491.666
744.365,0,368.783
133
-1708.5,0,-357
742.635,0,287.268
732.7,0,326.331
740.186,0,334.633
692.821,0,332.185
701.531,0,316.805
740.186,0,334.633
692.821,0,332.185
645.456,0,329.737
744,0,413.984
708.751,0,483.399
744.958,0,548.593
743.592,0,421.878
700.857,0,482.991
764.011,0,486.256
738.146,0,374.104
134
-1719,0,-357.5
734.21,0,283.937
733.854,0,323.936
733.712,0,339.935
733.356,0,379.934
693.998,0,307.581
733.783,0,331.936
677.785,0,331.438
637.787,0,331.082
741,0,420.003
724.36,0,491.858
755.861,0,548.14
741,0,420.003
684.433,0,483.503
748.288,0,500.071
733.356,0,379.934
135
-1728,0,-357.5
730.631,0,287.139
720.764,0,326.231
720.369,0,334.128
680.884,0,332.157
682.066,0,308.466
728.267,0,334.522
672.987,0,331.763
682.46,0,300.569
731.829,0,421.785
720.384,0,492.465
765.403,0,542.212
731.829,0,421.785
674.184,0,466.409
727.888,0,500.756
726.296,0,374.008
136
-1720,0,-357.5
723.282,0,285.976
715.066,0,325.905
714.995,0,333.905
675.765,0,325.555
683.839,0,301.626
714.995,0,333.905
667.834,0,333.485
676.05,0,293.557
729.933,0,422.041
721.432,0,493.968
768.166,0,542.386
722.072,0,421.971
658.764,0,469.41
705.57,0,509.828
714.639,0,373.903
137
-1728,0,-357.5
709.909,0,281.42
709.118,0,320.947
708.96,0,328.852
669.433,0,328.062
670.224,0,288.535
708.96,0,328.852
661.528,0,327.904
622.159,0,319.208
715.126,0,415.97
721.609,0,487.277
775.998,0,535.816
715.126,0,415.97
650.934,0,462.137
689.355,0,518.266
708.012,0,376.285
138
-1735.5,0,-359
712.801,0,287.243
703.567,0,318.909
710.941,0,335.207
671.591,0,317.669
535.073,0,328.388
703.257,0,326.903
655.293,0,325.043
615.323,0,323.493
707.841,0,415.147
729.343,0,480.029
775.447,0,529.853
541.827,0,360.674
650.023,0,460.941
663.531,0,525.513
701.397,0,374.867
139
-1744.5,0,-359
538.1,0,283.63
536.531,0,306.018
524.548,0,316.489
534.962,0,328.406
557.358,0,329.852
552.936,0,312.7
557.358,0,329.852
608.927,0,316.315
527.401,0,356.03
530.255,0,395.57
527.901,0,429.153
549.798,0,357.476
547.444,0,391.058
545.091,0,424.64
540.169,0,334.365
140
-1753.5,0,-359
690.764,0,282.551
549.429,0,297.277
533.684,0,305.016
541.369,0,328.607
651.534,0,282.282
565.068,0,305.23
572.806,0,320.976
604.244,0,313.344
689.906,0,408.086
540.993,0,383.529
540.725,0,422.759
564.746,0,352.306
556.685,0,383.636
556.417,0,422.866
549.215,0,328.661
141
-1763.5,0,-359
557.415,0,277.624
557.076,0,306.272
543.749,0,314.93
552.407,0,328.256
576.726,0,321.932
568.068,0,308.606
581.055,0,328.595
594.381,0,319.938
552.068,0,356.903
551.728,0,385.551
549.054,0,425.191
569.723,0,354.909
625.66,0,470.178
566.71,0,423.196
556.736,0,334.919
142
-1773.5,0,-359
566.335,0,275.566
565.284,0,299.21
557.053,0,306.74
636.214,0,302.363
637.615,0,270.838
666.687,0,327.408
627.282,0,325.656
588.577,0,308.142
563.182,0,346.496
561.43,0,385.902
559.678,0,425.307
578.944,0,347.197
577.192,0,386.603
575.791,0,418.127
672.817,0,367.163
143
-1783.5,0,-358
577.034,0,276.521
574.933,0,308.209
567.126,0,307.692
630.628,0,295.99
632.73,0,264.302
659.752,0,329.749
620.72,0,327.16
582.739,0,308.727
572.305,0,347.819
569.678,0,387.429
567.051,0,427.039
587.918,0,348.855
585.291,0,388.465
583.189,0,420.153
664.931,0,369.877
144
-1794.5,0,-359
662.415,0,286.438
590.369,0,299.116
582.101,0,306.644
630.02,0,300.815
631.705,0,261.476
660.392,0,333.645
621.078,0,324.078
574.171,0,306.304
664.951,0,412.663
586.66,0,385.661
577.044,0,424.66
657.021,0,412.323
602.521,0,386.341
601.172,0,417.812
589.02,0,330.587
145
-1804.5,0,-359
656.564,0,291.957
601.559,0,300.388
585.906,0,308.372
625.436,0,323.538
570.077,0,300.745
649.136,0,331.076
601.824,0,323.806
570.166,0,308.551
657.979,0,416.853
594.662,0,386.343
587.234,0,425.462
610.049,0,354.94
619.247,0,471.94
602.886,0,417.477
601.913,0,331.612
146
-1815.5,0,-359
600.296,0,279.755
605.897,0,303.092
592.583,0,314.515
584.992,0,316.337
558.485,0,306.246
622.946,0,307.227
603.909,0,328.251
566.076,0,304.424
600.052,0,345.631
601.798,0,386.349
595.953,0,428.888
617.101,0,349.766
618.847,0,390.483
611.135,0,425.244
611.499,0,326.429
147
-1827,0,-360
645.198,0,286.13
630.617,0,329.509
640.17,0,335.294
621.818,0,291.55
622.572,0,259.376
622.823,0,331.315
586.37,0,315.766
555.951,0,290.818
649.974,0,413.019
,,
609.248,0,414.459
640.421,0,407.233
,,
609.248,0,414.459
639.416,0,367.468
148
-1838.5,0,-361
627.517,0,283
627.517,0,329.759
635.31,0,329.759
,,
619.724,0,384.31
619.724,0,329.759
580.759,0,306.379
557.379,0,283
635.31,0,407.69
596.345,0,462.241
627.517,0,477.828
635.31,0,407.69
619.724,0,477.828
643.103,0,501.207
635.31,0,368.724
149
-1847.5,0,-361
621.065,0,288.699
626.619,0,328.088
642.588,0,329.086
651.544,0,314.029
644.046,0,305.752
611.136,0,319.312
580.171,0,301.76
557.189,0,284.707
637.726,0,406.865
578.919,0,450.04
634.81,0,453.533
629.742,0,406.366
625.367,0,476.368
,,
632.173,0,367.477
150
-1857,0,-361
605.149,0,289.92
617.316,0,322.58
627.562,0,300.167
625.897,0,315.664
656.891,0,318.994
658.556,0,303.497
663.807,0,327.575
649.142,0,318.161
638.064,0,348.323
565.253,0,442.393
639.152,0,411.143
653.561,0,349.988
632.492,0,473.131
653.816,0,420.557
620.901,0,362.155
151
-1865,0,-360
654.468,0,271.539
609.584,0,308.652
642.953,0,302.449
570.011,0,281.486
552.684,0,250.185
671.795,0,302.841
682.526,0,329.615
669.335,0,320.56
651.224,0,346.941
652.9,0,386.906
647.981,0,422.344
668.943,0,349.401
670.619,0,389.366
670.227,0,418.208
664.807,0,327.155
152
-1873.5,0,-360
656.777,0,272.073
662.851,0,296
646.709,0,302.644
653.354,0,318.786
676.71,0,320.498
677.851,0,304.926
684.496,0,321.068
549.49,0,240.729
659.428,0,342.713
656.575,0,381.641
653.723,0,420.569
674.999,0,343.854
671.576,0,390.568
669.864,0,413.924
604.358,0,346.505
153
-1882,0,-359
673.326,0,276.37
669.873,0,299.931
660.93,0,306.642
666.42,0,323.492
682.004,0,325.775
685.457,0,302.215
563.091,0,268.236
550.96,0,242.392
670.759,0,348.194
665.004,0,387.462
660.4,0,418.877
686.342,0,350.478
680.587,0,389.746
675.983,0,421.161
674.212,0,324.634
154
-1894,0,-359
677.349,0,275.043
683.567,0,299.367
667.162,0,306.152
673.947,0,322.557
697.704,0,324.258
699.405,0,300.501
705.623,0,324.825
552.911,0,234.294
680.165,0,346.882
677.33,0,386.477
675.062,0,418.154
696.003,0,348.016
693.168,0,387.611
690.9,0,419.288
681.866,0,323.124
155
-1901,0,-359
686.473,0,275.662
690.803,0,300.22
674.046,0,305.707
687.334,0,323.621
549.534,0,231.443
706.404,0,302.533
710.735,0,327.09
624.364,0,210.65
683.864,0,347.022
533.048,0,396.409
681.256,0,418.383
700.622,0,341.535
702.64,0,381.694
698.014,0,412.895
695.134,0,324.777
156
-1911,0,-358
693.025,0,274.087
698.889,0,298.498
682.501,0,305.092
689.03,0,321.586
712.614,0,323.569
714.611,0,299.82
720.475,0,324.23
546.326,0,229.86
694.894,0,345.997
691.565,0,385.579
688.902,0,417.245
710.616,0,347.319
707.287,0,386.901
704.624,0,418.567
584.838,0,336.741
157
-1919,0,-356.5
707.371,0,271.502
712.111,0,296.352
695.189,0,302.155
556.719,0,251.303
551.98,0,226.452
726.906,0,306.408
732.708,0,323.329
716.85,0,321.203
705.732,0,343.927
700.416,0,383.572
703.03,0,424.28
721.59,0,346.053
612.621,0,436.373
719.951,0,418.477
585.733,0,335.909
158
-1932,0,-357
715.833,0,273.989
713.825,0,297.442
697.521,0,303.921
704,0,320.226
547.192,0,220.181
729.46,0,298.78
735.271,0,322.902
619.557,0,202.75
709.811,0,344.347
706.465,0,383.435
703.789,0,414.706
725.446,0,345.686
722.1,0,384.773
719.424,0,416.044
577.581,0,325.155
159
-1938,0,-358
724.366,0,270.411
723.557,0,302.401
715.61,0,302.2
549.926,0,249.996
550.735,0,218.006
739.452,0,302.802
746.793,0,326.996
622.666,0,203.819
722.344,0,350.385
506.954,0,376.951
529.381,0,433.535
738.239,0,350.787
737.228,0,390.774
736.419,0,422.764
730.898,0,326.594
160
-1947.5,0,-359
732.987,0,266.561
730.671,0,297.904
722.208,0,305.157
728.933,0,321.411
546.685,0,213.399
746.437,0,299.069
752.583,0,323.159
618.792,0,202.971
727.196,0,344.919
503.569,0,367.783
721.984,0,415.441
742.962,0,346.084
594.693,0,421.79
737.75,0,416.606
736.817,0,321.994
161
-1957,0,-359
742.91,0,269.099
742.062,0,301.087
733.853,0,308.873
551.613,0,240.021
544.464,0,207.82
758.057,0,301.511
765.418,0,325.715
616.65,0,201.73
740.791,0,349.071
739.943,0,381.059
522.747,0,423.321
756.785,0,349.494
586.725,0,425.016
754.878,0,421.469
749.424,0,325.291
162
-1965.5,0,-357
749.594,0,273.348
755.783,0,297.732
739.333,0,304.503
746.104,0,320.953
619.364,0,199.986
763.717,0,298.314
777.841,0,323.28
546.793,0,210.62
744.359,0,344.756
749.385,0,385.009
515.802,0,415.747
768.162,0,346.501
579.276,0,420.4
762.927,0,417.909
754.038,0,321.535
163
-1974,0,-357.5
756.324,0,265.815
573.857,0,272.703
744.87,0,304.288
751.263,0,320.689
540.446,0,206.375
776.95,0,299.341
783.343,0,315.742
612.443,0,197.204
749.817,0,336.367
487.513,0,351.702
750.426,0,415.48
773.334,0,338.536
568.681,0,414.529
766.104,0,416.927
759.102,0,321.412
164
-1980,0,-358
766.453,0,272.837
764.717,0,296.523
756.242,0,303.84
762.98,0,320.21
778.771,0,321.367
780.508,0,297.681
794.562,0,322.525
541.536,0,200.784
761.244,0,343.896
758.35,0,383.374
756.035,0,414.956
777.035,0,345.054
565.386,0,416.856
771.826,0,416.113
770.876,0,320.789
165
-1992.5,0,-356
778.147,0,272.121
777.257,0,295.86
761.053,0,303.176
768.413,0,319.3
792.274,0,320.195
793.164,0,296.456
800.227,0,320.493
541.913,0,199.871
775.476,0,343.337
480.6,0,348.127
764.852,0,414.254
791.383,0,343.933
557.762,0,414.412
788.713,0,415.148
776.366,0,319.598
166
-1999,0,-356
782.959,0,271.876
789.169,0,296.4
772.623,0,303.2
779.423,0,319.746
612.153,0,195.083
805.126,0,297.579
545.379,0,230.26
539.759,0,197.757
785.633,0,344.27
782.686,0,384.161
779.739,0,424.052
801.589,0,345.449
798.642,0,385.34
796.285,0,417.253
555.442,0,311.221
167
-2009,0,-358
792.267,0,268.642
796.679,0,293.54
779.767,0,299.156
785.334,0,316.138
611.28,0,185.633
811.279,0,303.756
540.168,0,231.848
544.79,0,200.183
789.746,0,341.037
791.848,0,381.767
786.071,0,421.348
805.503,0,343.336
545.107,0,418.518
577.565,0,471.764
799.935,0,326.354
168
-2017,0,-356
798.542,0,267.496
796.823,0,291.094
788.384,0,298.387
795.104,0,314.692
607.051,0,182.376
811.982,0,300.106
540.685,0,224.988
802.97,0,315.265
793.385,0,338.29
477.601,0,331.1
787.654,0,416.949
809.117,0,339.436
535.371,0,406.478
811.825,0,410.802
550.687,0,304.793
169
-2024.5,0,-355.5
574.098,0,223.139
564.719,0,262.256
792.135,0,302.465
589.865,0,223.738
607.127,0,184.92
556.836,0,261.957
542.565,0,221.942
607.127,0,184.92
806.705,0,334.597
475.311,0,329.914
497.165,0,378.111
538.077,0,340.191
527.801,0,402.957
556.94,0,467.22
547.457,0,301.074
170
-2034,0,-357.5
818.719,0,263.612
826.406,0,291.136
810.06,0,297.983
811.739,0,320.338
615.979,0,183.292
843.592,0,295.465
845.271,0,317.82
543.745,0,194.337
818.586,0,336.685
815.935,0,376.226
501.287,0,377.373
835.772,0,341.015
531.329,0,403.219
547.543,0,469.444
822.916,0,319.499
171
-2043,0,-355
826.632,0,265.47
569.577,0,260.497
815.139,0,296.087
597.856,0,223.791
611.121,0,177.419
553.678,0,258.71
541.321,0,225.411
536.914,0,193.007
826.609,0,337.263
474.156,0,321.563
500.641,0,372.404
536.87,0,336.592
520.948,0,406.597
537.711,0,472.3
549.249,0,298.098
172
-2051.5,0,-356
583.346,0,226.323
572.828,0,265.736
554.94,0,265.834
597.597,0,215.512
608.115,0,176.099
551.303,0,255.121
540.394,0,222.981
536.66,0,194.379
530.366,0,351.835
472.967,0,323.527
491.149,0,377.094
526.828,0,359.01
472.967,0,323.527
491.149,0,377.094
544.422,0,305.247
173
-2060,0,-357
566.945,0,225.334
564.72,0,260.862
582.484,0,261.975
592.038,0,223.339
608.92,0,181.595
546.956,0,259.75
541.853,0,227.329
536.75,0,194.908
527.848,0,337.022
475.668,0,315.92
490.094,0,370.326
530.956,0,344.351
512.961,0,403.859
515.839,0,471.808
547.838,0,302.607
174
-2066.5,0,-358
569.773,0,226.479
564.488,0,261.683
587.196,0,254.292
592.48,0,219.089
605.334,0,181.421
546.886,0,259.041
534.569,0,221.195
534.747,0,196.024
521.179,0,334.375
473.479,0,316.416
490.724,0,369.4
531.212,0,339.481
508.147,0,397.214
510.253,0,455.125
544.065,0,301.814
175
-2077,0,-358
566.416,0,226.281
563.353,0,261.89
585.564,0,253.127
591.563,0,224.96
606.498,0,176.067
553.013,0,257.37
541.269,0,227.603
536.928,0,194.915
524.675,0,337.351
508.209,0,404.049
486.125,0,369.762
524.675,0,337.351
470.04,0,307.307
486.125,0,369.762
542.546,0,295.9
176
-2085.5,0,-355
565.622,0,221.39
562.08,0,256.721
584.187,0,248.413
590.529,0,220.53
601.44,0,182.43
544.543,0,254.811
533.347,0,225.02
529.52,0,192.458
522.719,0,331.011
471.879,0,307.618
484.103,0,362.523
525.518,0,338.459
471.879,0,307.618
484.103,0,362.523
543.799,0,297.59
177
-2092,0,-356
567.306,0,225.868
563.418,0,260.973
580.899,0,262.992
589.449,0,217.76
600.718,0,179.952
545.937,0,258.954
532.343,0,221.829
531.568,0,196.852
520.681,0,327.144
495.425,0,395.335
492.313,0,455.417
523.4,0,334.569
470.182,0,303.534
481.832,0,358.211
542.05,0,294.059
178
-2099,0,-356
568.691,0,218.2
559.477,0,256.439
584.263,0,254.32
586.253,0,219.195
602.691,0,177.842
541.915,0,255.444
536.681,0,223.434
531.447,0,191.424
513.15,0,327.813
475.905,0,301.037
483.259,0,357.833
523.488,0,331.922
468.682,0,304.152
488.623,0,449.754
539.925,0,290.569
179
-2107,0,-355
565.219,0,220.303
563.808,0,255.663
581.488,0,256.369
590.113,0,217.755
605.95,0,175.887
546.128,0,254.957
533.113,0,226.105
527.311,0,193.999
518.413,0,328.226
470.038,0,297.962
478.388,0,354.962
521.666,0,335.439
470.038,0,297.962
478.388,0,354.962
544.717,0,290.318
180
-2114,0,-356
570.579,0,218.659
560.528,0,256.654
578.05,0,258.037
588.101,0,220.042
595.201,0,174.761
543.005,0,255.272
531.2,0,226.13
533.966,0,191.086
519.952,0,323.977
493.947,0,385.397
485.464,0,448.2
522.903,0,331.262
473.103,0,292.07
479.191,0,348.97
540.24,0,290.316
181
-2122,0,-356
571.373,0,225.42
563.019,0,264.294
584.531,0,254.59
585.715,0,218.951
601.24,0,176.843
542.098,0,256.179
536.111,0,223.774
530.124,0,191.37
522.1,0,326.634
498.812,0,389.796
489.866,0,446.489
525.389,0,333.926
473.679,0,295.818
475.193,0,356.569
540.915,0,291.818
182
-2129.5,0,-356
571.93,0,219.5
556.287,0,261.178
584.948,0,248.16
589.514,0,220.156
594.737,0,174.567
542.613,0,250.103
529.595,0,221.442
530.907,0,186.273
515.239,0,323.04
491.776,0,385.557
475.503,0,349.732
518.494,0,330.205
474.217,0,289.813
475.503,0,349.732
544.555,0,292.437
183
-2136.5,0,-356
569.956,0,223.202
559.582,0,255.519
584.585,0,251.662
591.301,0,212.23
598.017,0,172.798
548.81,0,252.061
534.181,0,223.601
533.782,0,187.826
524.606,0,327.468
500.202,0,384.987
481.915,0,349.412
524.606,0,327.468
477.659,0,288.634
481.915,0,349.412
542.094,0,291.493
184
-2145.5,0,-356
558.93,0,224.371
557.055,0,259.459
578.67,0,250.058
580.545,0,214.969
593.697,0,166.409
543.582,0,248.183
523.842,0,222.496
525.717,0,187.408
515.083,0,320.555
497.861,0,379.455
490.977,0,442.426
525.422,0,324.627
474.665,0,286.726
474.986,0,346.563
541.707,0,283.271
185
-2152,0,-355
562.09,0,218.787
558.897,0,253.85
580.974,0,245.156
584.168,0,210.093
591.839,0,164.816
541.298,0,252.329
529.773,0,223.062
525.607,0,190.897
524.671,0,318.036
497.804,0,379.324
495.895,0,439.235
527.552,0,325.352
477.947,0,285.726
483.398,0,342.74
545.464,0,284.494
186
-2158.5,0,-353
567.797,0,216.025
555.711,0,253.773
583.14,0,235.803
582.816,0,210.774
589.68,0,158.09
542.98,0,241.463
525.026,0,214.218
524.703,0,189.188
526.318,0,314.334
507.046,0,379.737
483.87,0,337.556
528.929,0,321.802
473.104,0,282.655
483.87,0,337.556
541.015,0,284.054
187
-2165.5,0,-354
564.393,0,214.261
561.265,0,249.484
575.979,0,243.691
579.108,0,208.468
586.698,0,162.992
543.654,0,247.919
524.71,0,221.387
520.481,0,189.061
527.142,0,313.903
503.274,0,382.784
478.537,0,341.536
530.039,0,321.261
480.334,0,281.345
478.537,0,341.536
547.882,0,280.245
188
-2173.5,0,-354
563.559,0,214.602
559.189,0,249.984
576.656,0,252.397
578.408,0,209.457
577.539,0,158.958
541.721,0,247.57
523.82,0,219.906
513.342,0,189.67
525.556,0,320.905
480.144,0,285.841
483.631,0,343.899
525.556,0,320.905
480.144,0,285.841
483.631,0,343.899
544.775,0,280.378
189
-2179.5,0,-354
565.109,0,214.523
560.843,0,249.814
575.812,0,244.462
577.403,0,201.686
578.993,0,158.911
543.197,0,247.68
522.333,0,212.932
511.63,0,182.993
524.504,0,313.453
513.296,0,376.55
509.572,0,436.971
534.665,0,318.262
478.51,0,279.248
482.271,0,336.993
546.416,0,280.295
190
-2187.5,0,-354
550.529,0,207.603
556.111,0,247.276
570.941,0,242.078
572.773,0,199.805
572.007,0,150.118
546.097,0,242.461
520.87,0,218.001
510.473,0,188.342
529.818,0,314.775
508.341,0,372.26
487.929,0,337.786
529.818,0,314.775
477.149,0,283.284
487.929,0,337.786
541.665,0,277.318
191
-2193.5,0,-354
563.078,0,200.152
562.813,0,240.944
578.522,0,237.908
570.932,0,198.635
569.68,0,149.989
547.103,0,243.98
525.322,0,215.597
511.396,0,185.696
535.683,0,311.371
522.744,0,370.907
491.59,0,336.188
535.683,0,311.371
480.965,0,281.205
491.59,0,336.188
545.32,0,276.916
192
-2201.5,0,-354
560.59,0,195.561
562.438,0,236.301
572.07,0,242.167
576.026,0,191.758
566.459,0,152.919
547.002,0,240.103
516.195,0,214.735
500.823,0,185.565
531.437,0,309.85
483.28,0,280.516
488.956,0,336.792
541.069,0,315.717
483.28,0,280.516
536.984,0,432.071
546.938,0,273.075
193
-2206.5,0,-354
546.288,0,196.201
554.274,0,234.667
561.967,0,233.069
560.077,0,185.314
559.784,0,145.251
537.291,0,230.168
509.42,0,211.88
495.338,0,182.705
528.586,0,304.197
525.977,0,368.936
494.912,0,335.262
537.876,0,310.293
482.134,0,273.718
493.315,0,327.569
545.276,0,268.633
194
-2213.5,0,-354
555.748,0,187.847
552.474,0,228.507
568.364,0,226.639
571.638,0,185.978
558.088,0,139.241
544.528,0,229.442
509.945,0,209.343
499.197,0,186.441
537.046,0,302.818
536.575,0,367.314
500.123,0,331.325
544.991,0,301.883
485.638,0,276.642
492.177,0,332.259
549.2,0,269.168
195
-2219.5,0,-354
547.932,0,187.372
553.035,0,227.045
568.803,0,225.017
554.795,0,178.423
549.692,0,138.75
537.268,0,229.073
510.555,0,208.312
491.725,0,186.536
538.57,0,301.499
538.852,0,365.99
494.329,0,331.388
538.57,0,301.499
487.185,0,275.845
494.329,0,331.388
550.255,0,267.732
196
-2225.5,0,-353
544.427,0,179.616
547.634,0,218.716
563.274,0,217.433
552.247,0,178.975
541.22,0,140.517
531.995,0,219.999
507.252,0,206.283
481.868,0,184.748
537.768,0,290.378
543.541,0,360.757
571.491,0,413.571
538.409,0,298.197
481.746,0,279.228
494.056,0,333.326
543.022,0,258.457
197
-2232.5,0,-353
537.628,0,173.107
548.07,0,219.723
555.912,0,219.29
545.47,0,172.673
535.461,0,133.898
532.387,0,220.59
499.72,0,198.799
483.17,0,183.982
536.288,0,291.165
480.529,0,278.516
499.247,0,332.541
536.288,0,291.165
547.597,0,353.465
581.998,0,406.624
541.962,0,251.524
198
-2238.5,0,-353
536.726,0,172.013
545.084,0,211.921
553.079,0,219.83
544.63,0,171.923
528.367,0,132.105
537.27,0,220.01
513.467,0,212.279
481.487,0,180.64
537.997,0,284.006
482.576,0,276.634
499.02,0,332.451
545.992,0,291.915
554.623,0,355.822
586.784,0,403.46
545.538,0,251.918
199
-2243.5,0,-351
535.299,0,167.576
541.475,0,207.897
557.458,0,208.624
543.291,0,167.939
521.131,0,126.891
533.12,0,215.526
501.879,0,198.09
478.63,0,181.017
545.835,0,288.178
481.901,0,285.273
503.698,0,334.313
545.835,0,288.178
558.914,0,352.839
604.685,0,402.968
547.651,0,248.219
200
-2250.5,0,-351
523.743,0,165.367
535.993,0,205.92
552.352,0,199.452
531.58,0,166.051
511.493,0,124.813
528.157,0,205.235
496.809,0,202.497
474.668,0,184.769
537.668,0,277.136
482.126,0,280.18
509.365,0,329.94
544.82,0,285.657
563.538,0,342.569
607.136,0,385.861
540.407,0,245.789
201
-2255.5,0,-351
520.552,0,167.628
539.274,0,202.634
547.096,0,203.814
529.561,0,160.942
510.84,0,125.936
530.265,0,209.321
498.974,0,204.601
470.057,0,184.148
544.24,0,275.793
487.108,0,283.267
511.28,0,335.186
550.876,0,284.84
567.225,0,335.579
616.05,0,383.171
541.164,0,243.147
202
-2261,0,-349
515.848,0,163.62
531.642,0,200.128
539.378,0,201.982
523.585,0,165.474
500.055,0,127.111
531.642,0,200.128
491.105,0,198.594
469.75,0,185.295
545.901,0,277.172
486.183,0,287.403
517.45,0,327.62
553.638,0,279.026
573.459,0,332.862
622.052,0,369.05
539.698,0,234.782
203
-2266,0,-350
513.497,0,162.131
529.51,0,191.629
534.847,0,201.462
513.497,0,162.131
492.146,0,122.8
527.262,0,199.214
487.089,0,195.562
464.334,0,188.819
547.208,0,271.133
487.369,0,278.156
521.643,0,329.566
554.793,0,273.38
581.481,0,322.543
627.835,0,361.031
541.028,0,236.297
204
-2273,0,-350
506.134,0,156.477
528.438,0,189.144
535.926,0,191.695
506.134,0,156.477
483.83,0,123.809
525.887,0,196.633
485.893,0,191.37
463.427,0,183.719
542.929,0,269.295
487.795,0,283.948
522.526,0,329.205
552.968,0,264.356
585.149,0,317.102
632.469,0,349.932
538.152,0,234.239
205
-2277,0,-350
503.889,0,150.812
517.72,0,181.29
522.33,0,191.45
501.102,0,158.168
479.873,0,124.886
522.33,0,191.45
479.766,0,192.146
457.573,0,183.736
547.205,0,259.763
488.88,0,279.725
529.515,0,328.772
547.205,0,259.763
587.839,0,308.811
634.049,0,343.146
533.374,0,229.285
206
-2285,0,-349
496.591,0,155.332
517.461,0,189.456
524.895,0,192.412
496.591,0,155.332
472.766,0,128.642
510.027,0,186.501
481.814,0,192.502
456.556,0,191.07
548.81,0,262.183
496.862,0,284.576
532.6,0,324.611
548.81,0,262.183
589.026,0,312.608
645.543,0,343.686
530.896,0,220.625
207
-2287,0,-349
497.537,0,142.207
511.992,0,184.295
522.514,0,180.681
483.561,0,152.889
462.198,0,124.937
511.992,0,184.295
473.359,0,191.682
455.769,0,191.841
547.81,0,254.334
498.814,0,282.925
534.313,0,317.785
547.81,0,254.334
586.922,0,299.716
636.397,0,323.895
529.901,0,219.314
208
-2295,0,-348
487.544,0,146.185
506.925,0,181.176
514.225,0,184.449
493.079,0,192.503
464.634,0,197.284
506.925,0,181.176
475.207,0,193.257
446.761,0,198.038
545.686,0,251.159
496.849,0,281.866
541.403,0,319.376
556.259,0,247.132
586.967,0,295.969
645.365,0,322.152
526.306,0,216.167
209
-2301,0,-349
488.047,0,144.297
506.571,0,174.174
517.386,0,171.604
473.108,0,153.56
446.339,0,137.068
495.755,0,176.743
476.694,0,192.698
448.371,0,193.714
550.311,0,238.049
497.251,0,279.22
544.098,0,308.08
550.311,0,238.049
584.79,0,286.987
635.76,0,309.154
531.787,0,208.173
210
-2307,0,-348
481.149,0,145.642
498.954,0,176.674
510.044,0,174.436
467.871,0,165.635
441.215,0,147.931
492.29,0,172.248
467.922,0,194.479
441.316,0,205.619
552.318,0,240.926
503.582,0,285.387
543.567,0,311.943
552.318,0,240.926
585.689,0,291.9
641.19,0,309.554
527.849,0,205.468
211
-2312,0,-347
478.957,0,140.793
494.716,0,172.533
494.716,0,172.533
466.141,0,171.161
434.475,0,147.51
494.716,0,172.533
464.446,0,199.851
442.205,0,203.209
548.473,0,232.656
503.841,0,279.201
546.628,0,301.174
548.473,0,232.656
583.231,0,278.587
637.138,0,298.88
521.594,0,202.594
212
-2318,0,-347
471.151,0,140.358
491.595,0,165.741
497.898,0,170.511
463.145,0,164.038
428.391,0,157.565
486.825,0,172.045
467.745,0,197.258
447.131,0,211.398
545.088,0,226.048
500.625,0,271.705
549.519,0,298.791
545.088,0,226.048
579.672,0,272.044
633.336,0,292.828
518.341,0,195.894
213
-2322,0,-347
464.814,0,141.456
483.383,0,168.045
499.784,0,161.064
449.858,0,170.817
426.785,0,161.475
483.383,0,168.045
468.427,0,197.405
441.573,0,216.5
542.871,0,219.373
507.01,0,272.962
553.155,0,291.645
542.871,0,219.373
580.009,0,272.551
631.38,0,285.177
513.127,0,193.709
214
-2327,0,-347.5
456.641,0,138.233
484.384,0,166.024
484.384,0,166.024
456.612,0,171.553
417.743,0,165.965
484.384,0,166.024
462.14,0,199.325
445.465,0,215.97
545.426,0,216.059
506.508,0,266.005
556.473,0,282.71
545.426,0,216.059
578.706,0,260.516
628.662,0,288.327
517.684,0,188.267
215
-2333.5,0,-343
450.735,0,144.637
471.443,0,168.261
482.636,0,168.893
437.026,0,177.543
414.64,0,176.278
482.636,0,168.893
463.749,0,195.893
439.686,0,216.986
541.26,0,211.499
571.483,0,258.113
625.769,0,283.634
541.26,0,211.499
503.487,0,265.498
552.596,0,285.113
509.36,0,187.243
216
-2335,0,-343.5
443.592,0,143.757
473.603,0,171.008
479.998,0,166.285
432.183,0,181.834
403.552,0,183.214
473.603,0,171.008
457.47,0,202.69
443.009,0,223.255
541.692,0,209.668
574.754,0,254.432
622.278,0,278.631
541.692,0,209.668
574.754,0,254.432
553.898,0,279.72
505.286,0,187.141
217
-2342.5,0,-344
449.317,0,144.878
473.345,0,166.563
473.345,0,166.563
440.765,0,188.453
401.568,0,186.417
473.345,0,166.563
460.415,0,203.623
445.245,0,223.272
545.325,0,203.316
571.593,0,242.412
621.786,0,274.889
545.325,0,203.316
506.332,0,257.887
560.801,0,268.577
503.888,0,183.871
218
-2345.5,0,-344
440.107,0,150.237
470.412,0,169.252
470.412,0,169.252
455.556,0,206.391
443.374,0,232.537
470.412,0,169.252
429.41,0,194.209
397.916,0,204.014
537.856,0,203.124
573.806,0,246.799
619.264,0,275.323
537.856,0,203.124
506.659,0,259.575
619.264,0,275.323
500.717,0,188.268
219
-2351.5,0,-344
436.133,0,142.687
469.027,0,170.078
476.018,0,166.295
430.863,0,199.763
399.117,0,207.902
469.027,0,170.078
430.863,0,199.763
399.117,0,207.902
541.234,0,203.311
570.919,0,241.475
621.579,0,268.292
541.234,0,203.311
507.426,0,257.753
554.303,0,277.578
505.13,0,186.694
220
-2355.5,0,-344
434.466,0,149.436
464.048,0,169.314
470.845,0,165.394
455.65,0,201.865
451.25,0,241.345
464.048,0,169.314
431.263,0,206.696
410.874,0,218.457
536.805,0,201.23
574.382,0,234.968
618.755,0,264.786
536.805,0,201.23
509.216,0,263.322
552.391,0,275.36
500.427,0,185.272
221
-2361,0,-343.5
425.019,0,156.087
460.883,0,173.801
464.408,0,163.051
425.28,0,209.752
407.479,0,227.728
460.883,0,173.801
461.057,0,209.578
450.481,0,241.829
528.998,0,202.091
572.087,0,234.081
615.176,0,266.071
528.998,0,202.091
504.233,0,259.456
550.847,0,280.695
493.134,0,184.377
222
-2367,0,-342.5
417.743,0,153.957
451.004,0,177.094
462.461,0,166.081
433.373,0,216.083
399.223,0,237.886
456.732,0,171.588
456.065,0,205.293
449.67,0,244.504
518.192,0,189.663
567.971,0,229.986
606.738,0,258.852
518.192,0,189.663
505.623,0,256.851
550.118,0,280.211
490.215,0,183.49
223
-2370,0,-341.5
417.3,0,150.915
454.603,0,171.278
460.687,0,166.251
433.183,0,219.692
609.898,0,247.705
460.687,0,166.251
433.183,0,219.692
551.175,0,275.755
525.238,0,194.811
561.485,0,226.285
,,
519.154,0,199.838
502.762,0,254.335
551.175,0,275.755
486.879,0,185.558
224
-2373,0,-340.5
412.967,0,158.902
446.222,0,170.723
451.911,0,165.254
445.559,0,204.199
456.055,0,237.895
451.911,0,165.254
456.718,0,204.419
520.357,0,373.124
512.732,0,194.365
562.394,0,223.255
606.587,0,246.456
512.732,0,194.365
500.248,0,261.096
550.131,0,278.828
479.477,0,182.544
225
-2380,0,-340.5
410.476,0,156.845
443.031,0,171.455
449.117,0,166.426
457.33,0,201.151
605.809,0,244.503
449.117,0,166.426
457.33,0,201.151
468.364,0,140.143
514.228,0,195.645
556.976,0,222.589
605.809,0,244.503
514.228,0,195.645
503.194,0,256.654
545.942,0,283.597
475.587,0,186.065
226
-2383,0,-339.5
400.703,0,172.189
434.329,0,174.603
446.495,0,164.211
554.753,0,217.044
597.674,0,242.656
445.537,0,175.408
454.832,0,198.606
457.087,0,238.197
511.832,0,191.432
500.007,0,263.809
549.011,0,284.225
505.75,0,196.628
500.007,0,263.809
549.011,0,284.225
466.998,0,188.214
227
-2389,0,-339.5
,,
439.995,0,186.469
441.179,0,178.613
507.339,0,268.934
551.774,0,291.703
439.995,0,186.469
,,
600.255,0,234.741
509.016,0,204.912
507.339,0,268.934
600.255,0,234.741
502.4,0,195.88
554.635,0,219.826
600.255,0,234.741
471.197,0,191.175
228
-2392,0,-338.5
412.575,0,180.549
437.336,0,183.594
443.506,0,174.299
504.044,0,274.743
599.88,0,231.233
443.506,0,174.299
502.481,0,267.011
547.394,0,290.128
505.446,0,202.025
548.797,0,217.41
592.148,0,232.795
503.884,0,194.292
511.776,0,273.181
555.127,0,288.566
471.391,0,192.81
229
-2398.5,0,-338
396.012,0,173.446
432.49,0,188.411
441.993,0,173.557
,,
594.678,0,229.375
441.993,0,173.557
,,
549.896,0,292.829
497.365,0,204.796
540.616,0,215.72
594.678,0,229.375
497.365,0,204.796
509.377,0,271.093
594.678,0,229.375
458.156,0,200.644
230
-2400.5,0,-338
396.592,0,187.021
421.851,0,187.462
427.163,0,177.565
423.529,0,219.96
435.18,0,257.628
434.806,0,175.201
436.484,0,207.699
457.082,0,193.073
489.331,0,216.115
539.848,0,216.998
585.053,0,227.779
489.331,0,216.115
539.848,0,216.998
585.053,0,227.779
451.77,0,202.971
231
-2406.5,0,-338
400.074,0,190.601
424.81,0,191.04
429.933,0,181.233
459.353,0,196.602
468.72,0,226.461
437.397,0,178.891
459.353,0,196.602
466.379,0,218.996
483.65,0,221.777
530.781,0,215.19
554.2,0,289.838
483.65,0,221.777
538.245,0,212.848
582.595,0,223.533
454.23,0,206.408
232
-2411,0,-337.5
391.481,0,198.203
423.514,0,194.598
428.107,0,184.54
422.526,0,236.689
455.431,0,257.792
435.432,0,181.808
458.279,0,198.318
461.012,0,205.644
479.267,0,232.212
523.218,0,215.817
550.543,0,289.068
481.127,0,214.829
530.543,0,213.084
575.366,0,221.397
446.362,0,211.109
233
-2416,0,-334.5
423.243,0,219.074
401.615,0,200.678
403.776,0,208.25
419.993,0,236.38
451.355,0,260.187
394.042,0,202.839
449.212,0,195.284
451.373,0,202.857
475.162,0,228.825
513.008,0,275.351
572.518,0,225.611
475.162,0,228.825
520.599,0,215.859
570.357,0,218.038
411.348,0,206.089
234
-2418,0,-334.5
407.993,0,221.918
414.252,0,212.602
423.465,0,219.012
421.636,0,251.915
558.698,0,299.43
421.988,0,211.149
435.983,0,200.381
452.931,0,205.338
454.056,0,253.966
520.724,0,225.164
568.615,0,224.309
474.309,0,233.882
520.724,0,225.164
568.615,0,224.309
449.626,0,230.378
235
-2423.5,0,-335
380.833,0,208.214
407.539,0,226.621
406.137,0,248.827
438.745,0,262.033
460.951,0,263.436
414.142,0,210.317
420.044,0,205.116
442.25,0,206.518
457.152,0,235.327
502.265,0,227.028
552.58,0,224.632
451.951,0,229.425
508.167,0,221.827
558.482,0,219.431
429.745,0,228.023
236
-2428.5,0,-335
420.691,0,215.315
418.116,0,232.716
445.568,0,215.44
445.568,0,215.44
460.269,0,260.292
445.568,0,215.44
453.043,0,212.989
460.269,0,260.292
462.844,0,242.891
507.696,0,228.19
554.998,0,220.965
470.319,0,240.441
507.696,0,228.19
554.998,0,220.965
452.918,0,237.866
237
-2433.5,0,-335
,,
,,
,,
514.942,0,286.379
549.21,0,296.66
,,
,,
546.126,0,232.235
468.68,0,253.824
483.073,0,243.201
557.092,0,295.289
468.68,0,253.824
498.836,0,240.46
546.126,0,232.235
,,
238
-2437.5,0,-335
,,
,,
475.839,0,261.869
512.004,0,288.06
540.762,0,226.218
469.539,0,271.085
502.409,0,232.888
549.804,0,232.766
,,
,,
,,
469.539,0,271.085
503.78,0,240.77
,,
,,
239
-2441.5,0,-334
,,
464.911,0,281.05
462.17,0,265.287
514.943,0,288.589
538.246,0,235.816
460.799,0,257.405
498.837,0,242.67
538.246,0,235.816
455.659,0,274.539
513.572,0,280.708
550.582,0,306.752
463.541,0,273.168
490.955,0,244.04
,,
455.659,0,274.539
240
-2446.5,0,-334
,,
467.464,0,286.071
468.834,0,293.953
,,
,,
456.84,0,271.678
501.389,0,247.691
,,
459.582,0,287.442
516.124,0,285.729
532.916,0,242.208
458.211,0,279.56
493.508,0,249.061
531.545,0,234.326
453.071,0,296.694
241
-2449.5,0,-333
,,
463.326,0,286.101
461.955,0,278.219
490.741,0,256.973
528.778,0,242.238
454.074,0,279.59
490.741,0,256.973
511.987,0,285.759
455.444,0,287.472
510.616,0,277.877
,,
454.074,0,279.59
511.987,0,285.759
511.987,0,285.759
456.815,0,295.353
242
-2454.5,0,-333
480.997,0,261.98
464.061,0,280.683
460.184,0,273.931
487.934,0,257.996
519.562,0,248.813
471.815,0,294.186
503.442,0,285.003
532.009,0,286.555
410.805,0,284.33
,,
,,
418.559,0,297.833
425.496,0,293.849
,,
439.371,0,285.882
243
-2459.5,0,-333
,,
,,
,,
,,
,,
,,
419.201,0,284.735
,,
458.504,0,311.221
,,
,,
,,
,,
513.768,0,253.378
419.304,0,295.898
244
-2464.5,0,-331
,,
,,
,,
,,
,,
,,
,,
,,
,,
477.96,0,293.828
,,
,,
461.072,0,277.693
505.489,0,253.744
,,
245
-2468.5,0,-330
,,
,,
,,
,,
,,
,,
,,
,,
,,
474.279,0,299.251
,,
,,
457.391,0,283.116
501.808,0,259.167
,,
246
-2472.5,0,-329.5
,,
,,
,,
,,
,,
,,
,,
,,
,,
,,
,,
,,
,,
,,
,,
247
-2474,0,-326
,,
,,
,,
396.988,0,359.103
399.565,0,319.186
,,
,,
399.565,0,319.186
443.09,0,370.096
470.006,0,315.717
508.854,0,318.225
435.835,0,361.611
447.213,0,306.229
488.122,0,276.804
,,
248
-2476.5,0,-325.5
,,
,,
,,
,,
,,
,,
,,
,,
402.494,0,368.327
461.986,0,316.051
509.886,0,319.143
409.447,0,384.809
454.518,0,307.552
487.997,0,285.664
354.078,0,373.218
249
-2482,0,-326
,,
,,
,,
,,
,,
,,
,,
,,
,,
453.631,0,315.844
510.443,0,325.866
,,
453.631,0,315.844
486.789,0,281.138
,,
250
-2482,0,-322
,,
,,
,,
449.95,0,320.267
,,
,,
,,
,,
423.091,0,383.121
449.95,0,320.267
506.504,0,318.978
422.833,0,371.81
449.95,0,320.267
483.108,0,285.561
,,
251
-2486.5,0,-321.5
,,
,,
,,
400.436,0,364.821
382.31,0,314.309
,,
388.61,0,342.457
382.31,0,314.309
417.789,0,381.4
450.432,0,324.072
506.986,0,322.783
405.963,0,359.036
404.158,0,279.861
477.807,0,283.84
372.288,0,371.121
252
-2490.5,0,-320.5
,,
,,
,,
388.398,0,357.81
376.831,0,313.565
,,
,,
376.831,0,313.565
410.71,0,356.998
443.869,0,322.292
499.648,0,320.262
393.822,0,340.863
409.989,0,278.859
465.872,0,287.992
371.613,0,352.837
253
-2495.5,0,-319.5
,,
,,
,,
,,
,,
,,
,,
,,
413.728,0,279.224
448.691,0,323.694
499.719,0,328.189
408.201,0,285.009
448.691,0,323.694
464.755,0,283.719
,,
254
-2496.5,0,-318.5
,,
414.379,0,308.515
408.337,0,291.678
,,
,,
,,
,,
380.447,0,309.289
,,
413.606,0,274.583
499.597,0,323.547
,,
413.606,0,274.583
459.106,0,284.862
419.648,0,291.42
255
-2501.5,0,-317.5
,,
,,
414.502,0,284.049
,,
,,
,,
454.992,0,322.734
500.235,0,321.702
,,
,,
,,
425.555,0,272.48
,,
,,
,,
256
-2501,0,-315
,,
432.51,0,297.618
420.941,0,286.565
,,
,,
,,
393.825,0,338.108
381.998,0,315.744
,,
,,
495.364,0,324.476
,,
,,
495.364,0,324.476
,,
257
-2505.5,0,-314.5
,,
434.871,0,297.463
417.518,0,280.884
390.402,0,332.427
384.36,0,315.59
339.117,0,316.621
,,
384.102,0,304.279
,,
423.045,0,275.099
491.941,0,318.795
,,
,,
,,
429.087,0,291.936
258
-2510.5,0,-313.5
,,
,,
,,
,,
,,
,,
,,
,,
,,
,,
,,
,,
,,
,,
,,
259
-2512,0,-312
,,
,,
,,
,,
,,
,,
,,
,,
,,
,,
,,
,,
,,
,,
,,
260
-2514.5,0,-311
,,
,,
,,
,,
,,
,,
,,
,,
,,
,,
,,
,,
,,
,,
,,
261
-2517.5,0,-310
,,
,,
,,
,,
,,
,,
,,
,,
,,
,,
,,
,,
,,
,,
,,
262
-2519.5,0,-309
,,
,,
,,
,,
,,
,,
,,
407.896,0,299.814
,,
,,
492.856,0,303.535
,,
,,
,,
,,
263
-2522.5,0,-308
,,
,,
,,
411.67,0,333.746
,,
,,
,,
,,
,,
438.529,0,270.892
,,
429.281,0,361.636
,,
,,
395.091,0,351.099
264
-2524.5,0,-307.5
,,
,,
,,
,,
,,
,,
,,
,,
,,
,,
,,
,,
,,
,,
,,
265
-2528.5,0,-306
,,
,,
,,
,,
,,
,,
,,
,,
,,
,,
,,
,,
,,
,,
,,
266
-2529.5,0,-305.5
,,
,,
,,
,,
,,
,,
,,
,,
,,
,,
,,
,,
,,
,,
,,
267
-2531.5,0,-304.5
,,
,,
,,
,,
,,
,,
,,
,,
,,
,,
,,
,,
,,
,,
,,
268
-2535,0,-304
,,
,,
,,
,,
,,
,,
,,
,,
,,
,,
,,
,,
,,
,,
,,
269
-2536.5,0,-301.5
,,
,,
,,
,,
,,
,,
,,
,,
,,
,,
,,
,,
,,
,,
,,
270
-2539,0,-301
,,
,,
,,
,,
,,
,,
,,
,,
,,
,,
,,
,,
,,
,,
,,
271
-2541.5,0,-300.5
,,
,,
,,
,,
,,
,,
,,
,,
,,
,,
,,
,,
,,
,,
,,
272
-2543.5,0,-299
,,
,,
,,
,,
,,
,,
,,
,,
,,
,,
,,
,,
,,
,,
,,
273
-2545.5,0,-298
,,
460.427,0,289.563
454.237,0,272.88
,,
,,
,,
,,
,,
,,
464.994,0,261.622
,,
476.156,0,261.519
464.994,0,261.622
,,
459.615,0,267.251
274
-2549.5,0,-295
,,
,,
,,
,,
,,
,,
,,
,,
,,
,,
,,
,,
,,
,,
,,
275
-2549,0,-294
,,
,,
,,
,,
,,
,,
,,
,,
,,
,,
,,
,,
,,
,,
,,
276
-2552.5,0,-294
,,
,,
,,
,,
,,
,,
,,
,,
,,
,,
,,
,,
,,
,,
,,
277
-2553,0,-293
,,
,,
,,
,,
,,
,,
,,
,,
476.222,0,350.176
,,
,,
475.326,0,332.31
,,
,,
,,
278
-2556.5,0,-292
,,
,,
,,
,,
,,
,,
,,
,,
,,
,,
,,
,,
,,
,,
,,
279
-2558,0,-292
,,
,,
,,
476.185,0,260.066
,,
,,
475.67,0,268.049
,,
,,
,,
,,
,,
,,
,,
,,
280
-2560,0,-291
,,
,,
492.146,0,254.218
,,
,,
,,
,,
,,
,,
,,
,,
,,
480.835,0,254.476
,,
,,
281
-2562.5,0,-289.5
,,
,,
489.014,0,254.216
,,
,,
,,
456.995,0,299
434.979,0,299.502
,,
,,
,,
,,
,,
,,
,,
282
-2563.5,0,-288.5
,,
,,
,,
,,
,,
,,
,,
,,
,,
,,
,,
,,
,,
,,
,,
283
-2566.5,0,-288.5
,,
,,
,,
,,
,,
,,
,,
,,
,,
,,
,,
,,
,,
,,
,,
284
-2567.5,0,-287
,,
,,
,,
,,
,,
,,
,,
,,
,,
,,
,,
,,
,,
,,
,,
285
-2569,0,-286
,,
,,
,,
,,
,,
,,
,,
,,
,,
,,
,,
,,
,,
,,
,,
286
-2573,0,-284
,,
,,
,,
,,
,,
,,
,,
,,
,,
,,
,,
,,
,,
472.078,0,293.999
,,
287
-2573.5,0,-284.5
,,
,,
,,
,,
,,
,,
,,
,,
,,
,,
,,
489.401,0,254.799
494.78,0,249.17
,,
,,
288
-2574.5,0,-284.5
,,
,,
,,
,,
,,
,,
,,
,,
,,
,,
,,
,,
,,
,,
,,
289
-2576.5,0,-283.5
,,
,,
,,
,,
,,
,,
,,
,,
,,
,,
,,
,,
,,
,,
,,
