data/kolin_short.mp4
0
-128,0,-423
108.6,0,332.605
116.36,0,364.047
93.08,0,364.047
85.32,0,387.628
85.32,0,411.209
131.88,0,356.186
139.64,0,379.767
124.12,0,395.488
108.6,0,411.209
108.6,0,450.512
124.12,0,458.372
124.12,0,411.209
131.88,0,442.651
139.64,0,481.953
116.36,0,387.628
1
-107,0,-421.5
114.164,0,330.808
118.902,0,363.431
94.471,0,369.058
83.4455,0,400.125
88.9693,0,424.787
134.665,0,364.987
140.189,0,389.649
130.736,0,404.794
113.4,0,419.16
126.02,0,452.562
129.186,0,501.107
129.164,0,420.716
126.02,0,452.562
129.186,0,501.107
115.758,0,395.276
2
-90,0,-424
119.023,0,333.699
116.476,0,365.598
99.89,0,372.299
89.368,0,403.56
95.4321,0,428.121
132.425,0,366.872
147.101,0,384.094
145.827,0,400.044
112.018,0,421.42
124.783,0,462.567
113.624,0,501.803
127.967,0,422.694
141.369,0,455.866
124.146,0,470.541
121.903,0,398.133
3
-80,0,-423.5
116.95,0,331.407
124.518,0,370.778
100.433,0,378.371
84.1759,0,401.766
91.9168,0,425.423
140.517,0,370.953
148.344,0,386.754
156.258,0,394.699
115.915,0,425.687
115.484,0,464.97
99.1406,0,496.221
132.001,0,418.006
155.654,0,449.696
131.57,0,457.289
124.26,0,394.348
4
-59,0,-423.5
118.272,0,336.571
124.394,0,361.117
107.206,0,375.833
82.0412,0,389.931
96.1392,0,415.095
140.346,0,362.353
162.42,0,388.136
169.778,0,396.73
120.067,0,416.95
108.383,0,464.188
81.9823,0,494.238
136.02,0,418.186
166.688,0,436.61
148.263,0,467.278
129.898,0,393.639
5
-43,0,-424.5
130.356,0,332.249
126.592,0,363.451
109.766,0,369.335
84.0569,0,382.062
97.1186,0,407.38
143.418,0,357.567
165.363,0,376.042
171.423,0,392.602
120.005,0,418.055
107.357,0,456.1
79.7657,0,484.428
144.773,0,413.129
166.718,0,431.605
162.013,0,470.608
131.711,0,387.811
6
-29,0,-425
134.269,0,329.813
133.489,0,361.803
117.584,0,369.418
93.6295,0,384.838
100.899,0,409.023
149.198,0,362.186
164.518,0,378.565
172.178,0,386.754
124.269,0,417.595
115.243,0,465.389
75.7743,0,472.429
139.978,0,417.978
170.812,0,442.737
177.497,0,490.914
132.708,0,393.794
7
-9,0,-424.5
137.503,0,325.903
138.461,0,365.177
122.751,0,365.56
91.9065,0,389.891
100.336,0,413.263
154.17,0,364.794
162.408,0,380.312
162.791,0,396.021
124.092,0,420.544
125.241,0,467.672
93.439,0,452.729
147.465,0,412.114
171.987,0,450.813
172.945,0,490.087
139.035,0,388.741
8
6,0,-426
148.322,0,331.707
140.934,0,363.853
125.089,0,372.157
101.551,0,396.61
102.162,0,428.604
157.084,0,371.547
141.392,0,387.849
149.695,0,403.694
134.156,0,427.994
135.071,0,475.986
110.618,0,452.448
150,0,419.691
174.759,0,459.226
167.675,0,507.37
141.544,0,395.848
9
24,0,-428.5
147.63,0,329.986
150.335,0,369.895
126.803,0,371.49
104.893,0,397.03
106.516,0,420.975
166.023,0,368.831
174.949,0,384.263
175.49,0,392.245
138.433,0,426.83
157.367,0,473.657
141.138,0,466.738
154.121,0,425.767
165.211,0,473.125
152.228,0,514.097
144.655,0,402.353
10
42,0,-427.5
158.645,0,330.557
151.207,0,370.665
135.321,0,378.889
111.436,0,387.226
111.885,0,419.222
175.205,0,370.328
183.541,0,394.214
183.316,0,378.215
151.993,0,426.66
176.553,0,466.319
136.557,0,466.881
159.993,0,426.548
168.554,0,466.431
137.231,0,514.876
151.656,0,402.662
11
52,0,-427
157.432,0,328.144
158.536,0,368.129
142.929,0,368.56
112.157,0,385.416
112.819,0,409.406
181.947,0,367.483
190.192,0,383.261
190.412,0,391.258
152.278,0,424.323
153.603,0,472.305
123.272,0,505.154
167.885,0,423.892
184.154,0,447.452
161.627,0,480.086
159.419,0,400.117
12
73,0,-427.5
166.187,0,330.916
165.325,0,362.13
141.7,0,369.287
125.877,0,376.659
125.015,0,407.873
180.932,0,362.561
203.912,0,378.814
203.697,0,386.617
163.602,0,424.557
202.189,0,441.242
193.093,0,487.847
163.602,0,424.557
146.703,0,470.948
114.627,0,501.3
164.464,0,393.344
13
90,0,-429.5
166.012,0,327.801
174.893,0,366.603
151.483,0,367.25
128.503,0,383.503
129.365,0,414.717
190.5,0,366.173
214.341,0,381.133
222.36,0,388.721
176.616,0,429.031
208.477,0,451.58
217.573,0,498.185
176.616,0,429.031
154.498,0,476.498
115.481,0,477.575
175.755,0,397.817
14
107,0,-430.5
184.934,0,331.12
189.637,0,363.009
164.955,0,368.273
146.602,0,389.898
143.349,0,420.953
205.55,0,364.676
227.793,0,382.704
219.023,0,389.635
183.131,0,425.121
177.438,0,479.469
139.282,0,459.773
199.044,0,426.788
219.66,0,460.344
230.693,0,508.595
186.384,0,394.065
15
124,0,-431.5
192.136,0,330.07
190.114,0,361.23
174.028,0,368.01
156.426,0,398.159
154.405,0,429.319
212.979,0,370.537
227.043,0,394.918
226.032,0,410.498
186.07,0,423.551
214.703,0,464.523
218.955,0,519.559
201.65,0,424.562
206.913,0,464.018
218.955,0,519.559
195.377,0,400.686
16
141,0,-432.5
205.549,0,334.228
204.962,0,366.222
180.673,0,381.779
164.235,0,405.482
171.5,0,445.622
228.811,0,374.661
244.368,0,398.951
235.929,0,422.8
203.641,0,438.21
210.759,0,486.349
209.879,0,534.341
219.639,0,438.504
226.757,0,486.642
210.026,0,526.342
212.227,0,406.362
17
159,0,-434.5
220.838,0,330.475
218.538,0,369.802
194.482,0,376.287
169.046,0,406.368
175.531,0,430.424
233.809,0,378.587
248.159,0,403.103
247.239,0,418.834
206.992,0,432.264
211.637,0,487.782
193.606,0,526.188
230.588,0,433.644
251.884,0,474.351
204.232,0,479.456
216.698,0,401.263
18
171,0,-434.5
229.479,0,333.813
230.108,0,365.322
214.511,0,373.514
175.598,0,397.933
191.982,0,429.127
246.02,0,372.885
262.247,0,396.201
262.719,0,419.833
215.771,0,436.532
208.996,0,491.83
178.117,0,523.969
239.245,0,428.182
271.384,0,459.062
248.382,0,491.043
230.896,0,404.708
19
191,0,-437.5
240.972,0,332.456
241.602,0,363.965
226.006,0,372.157
194.812,0,388.542
203.319,0,419.893
249.637,0,371.685
265.707,0,387.124
274.056,0,410.598
235.143,0,435.018
220.334,0,482.596
173.701,0,515.05
250.74,0,426.825
290.756,0,457.546
283.824,0,504.967
242.39,0,403.351
20
209,0,-439.5
256.354,0,323.703
255.566,0,363.089
239.497,0,378.528
207.83,0,385.775
215.078,0,417.442
271.163,0,371.281
286.445,0,395.228
286.13,0,410.982
246.271,0,433.826
237.291,0,488.809
189.871,0,495.741
262.183,0,426.264
300.782,0,466.438
315.591,0,514.016
254.779,0,402.475
21
221,0,-440.5
273.836,0,329.303
266.746,0,368.847
258.869,0,369.004
219.798,0,385.546
228.305,0,416.898
282.501,0,368.532
290.851,0,392.006
299.2,0,415.48
260.287,0,439.899
253.512,0,495.197
213.811,0,480.23
275.884,0,431.707
308.338,0,478.34
317.16,0,525.446
267.376,0,400.356
22
240,0,-443.5
287.599,0,327.319
281.856,0,367.081
266.546,0,375.798
235.501,0,385.364
237.625,0,424.701
298.015,0,374.098
299.289,0,397.7
308.006,0,413.01
278.236,0,446.179
281.21,0,501.25
248.041,0,471.48
293.546,0,437.462
319.697,0,483.391
306.936,0,539.312
283.98,0,406.417
23
259,0,-444.5
304.254,0,327.609
296.9,0,367.152
281.133,0,375.273
249.483,0,383.632
258.013,0,422.938
320.843,0,374.681
321.196,0,398.336
329.373,0,413.987
298.076,0,446
322.607,0,492.954
282.662,0,477.776
305.9,0,437.997
322.607,0,492.954
291.545,0,540.737
297.488,0,406.576
24
273,0,-446.5
319.671,0,326.783
312.574,0,366.645
296.963,0,374.899
257.699,0,383.621
274.097,0,415.074
336.541,0,382.059
337.013,0,405.883
345.211,0,421.61
314.147,0,446.058
354.354,0,484.984
307.206,0,493.862
322.031,0,445.902
323.132,0,501.491
284.498,0,541.979
313.36,0,406.352
25
291,0,-446.5
336.325,0,328
328.961,0,367.546
305.401,0,375.748
281.946,0,391.839
290.148,0,415.398
352.73,0,375.12
353.149,0,406.673
369.03,0,414.351
330.008,0,446.428
322.853,0,501.75
283.831,0,533.826
345.784,0,446.218
385.539,0,469.359
354.51,0,509.219
337.372,0,406.882
26
309,0,-448.5
352.576,0,327.462
344.164,0,366.798
320.394,0,374.372
304.304,0,397.827
304.304,0,397.827
367.619,0,382.889
367.409,0,398.665
390.969,0,406.867
351.005,0,445.785
405.908,0,470.182
397.287,0,525.295
351.005,0,445.785
334.495,0,500.793
286.957,0,515.941
351.424,0,414.232
27
326,0,-451.5
372.202,0,331.474
364.837,0,371.02
341.277,0,379.222
325.92,0,410.985
341.592,0,402.887
380.718,0,378.699
404.802,0,409.937
412.69,0,409.833
365.884,0,449.902
413.633,0,480.826
422.254,0,535.939
365.884,0,449.902
358.729,0,505.224
311.4,0,505.852
365.361,0,410.461
28
342,0,-454.5
392.282,0,333.951
378.627,0,374.18
355.414,0,383.318
349.218,0,415.249
379.468,0,389.935
403.101,0,388.674
427.574,0,403.169
450.787,0,394.031
382.829,0,452.956
416.441,0,490.664
427.681,0,553.265
390.707,0,452.536
393.649,0,507.68
345.542,0,494.446
381.149,0,421.446
29
361,0,-455.5
403.4,0,338.029
405.254,0,377.986
381.651,0,387.09
390.755,0,410.693
405.625,0,385.977
421.608,0,385.236
446.324,0,400.106
477.919,0,390.631
400.972,0,458.271
435.533,0,512.727
422.147,0,569.409
408.963,0,457.9
427.171,0,505.107
387.214,0,506.961
407.109,0,417.943
30
375,0,-457.5
425.454,0,344.74
416.988,0,384.37
400.991,0,392.109
424.935,0,384.474
433.089,0,368.684
440.828,0,384.681
472.511,0,393.043
496.455,0,385.407
415.951,0,463.837
439.065,0,519.775
406.759,0,559.093
431.948,0,456.098
471.059,0,504.297
423.171,0,519.567
424.416,0,424.207
31
397,0,-458
443.645,0,344.692
436.217,0,384.53
420.428,0,392.684
452.111,0,384.322
451.799,0,360.482
452.111,0,384.322
491.948,0,391.75
515.58,0,375.545
437.151,0,456.05
438.085,0,527.57
390.82,0,559.979
460.991,0,455.739
501.243,0,494.953
469.975,0,535.102
444.683,0,424.159
32
415,0,-458
472.518,0,357.54
463.418,0,380.967
447.542,0,380.192
472.518,0,357.54
527.309,0,376.127
470.969,0,389.292
502.72,0,390.841
527.309,0,376.127
467.87,0,452.795
448.509,0,523.462
391.394,0,552.503
475.808,0,453.183
521.499,0,495.196
526.726,0,551.149
469.419,0,421.044
33
435,0,-459
486.045,0,347.889
486.329,0,387.888
470.435,0,388.001
493.992,0,347.832
485.874,0,323.889
494.276,0,387.831
526.065,0,387.605
549.736,0,363.436
486.841,0,459.886
471.402,0,523.997
407.938,0,540.449
502.735,0,459.773
534.865,0,507.546
559.105,0,563.375
486.614,0,427.887
34
456,0,-460
502.92,0,349.506
508.434,0,381.643
492.483,0,380.397
511.511,0,342.251
505.997,0,310.114
515.794,0,390.144
548.928,0,376.879
566.725,0,354.49
509.64,0,468.929
504.717,0,531.956
449.503,0,519.717
518.232,0,461.673
554.418,0,512.059
566.062,0,568.454
512.717,0,429.536
35
479,0,-463
524.607,0,351.828
528.647,0,392.393
512.233,0,398.868
516.779,0,351.084
520.567,0,311.263
537.233,0,385.174
562.233,0,371.48
580.163,0,349.078
528.899,0,472.778
539.252,0,530.016
493.797,0,509.62
536.727,0,473.523
564.252,0,516.322
550.362,0,579.29
524.859,0,432.213
36
499,0,-466.5
555.05,0,349.614
544.4,0,388.53
527.903,0,395.341
532.173,0,332.213
517.81,0,307.46
560.364,0,389.61
577.928,0,367.016
588.045,0,335.992
547.578,0,460.089
592.267,0,510.675
536.928,0,499.005
555.56,0,460.629
559.272,0,524.298
539.573,0,578.455
549.713,0,428.525
37
519,0,-469.5
559.489,0,343.115
560.725,0,382.429
544.752,0,375.061
535.654,0,335.994
510.83,0,297.422
568.341,0,374.319
583.325,0,350.237
582.336,0,318.786
562.702,0,445.332
556.57,0,500.618
527.096,0,564.509
570.565,0,445.084
618.978,0,482.915
572.295,0,500.124
561.714,0,413.88
38
540,0,-474.5
578.108,0,335.074
575.912,0,366.464
559.667,0,373.213
538.871,0,332.328
517.525,0,299.291
583.21,0,374.861
585.956,0,335.623
588.152,0,304.233
586.664,0,438.189
566.576,0,499.871
614.21,0,495.318
594.511,0,438.739
639.949,0,465.576
524.043,0,544.21
581.013,0,406.25
39
559,0,-477.5
591.184,0,323.443
578.581,0,362.212
569.812,0,369.212
550.217,0,334.614
521.853,0,307.016
586.391,0,363.155
598.035,0,332.328
594.06,0,299.616
609.961,0,430.464
662.714,0,452.948
649.152,0,499.659
593.383,0,436.521
585.713,0,500.06
535.019,0,526.173
589.407,0,403.809
40
579,0,-482.5
583.002,0,322.205
587.848,0,354.276
579.27,0,361.361
558.762,0,327.798
521.845,0,300.572
595.679,0,355.023
598.664,0,323.698
601.649,0,292.373
612.455,0,427.742
682.936,0,434.459
678.458,0,481.446
612.455,0,427.742
605.738,0,498.223
549.428,0,508.661
599.778,0,394.925
41
598,0,-488
598.282,0,315.27
595.414,0,355.306
585.594,0,360.732
568.821,0,331.549
536.637,0,298.066
603.12,0,357.456
603.873,0,324.997
606.74,0,284.961
644.371,0,417.972
692.718,0,423.298
695.442,0,473.062
626.845,0,421.248
625.339,0,486.166
576.238,0,513.299
617.778,0,394.216
42
618,0,-492
588.245,0,318.921
602.516,0,349.091
592.46,0,353.848
563.374,0,318.379
539.045,0,292.966
602.516,0,349.091
605.708,0,316.813
608.9,0,284.536
648.524,0,407.324
698.265,0,408.408
711.995,0,463.449
638.467,0,412.081
642.14,0,471.879
613.536,0,528.485
624.195,0,381.911
43
635.5,0,-496.5
610.716,0,315.536
607.796,0,350.596
596.987,0,353.226
578.287,0,323.427
568.937,0,308.527
618.606,0,347.966
614.806,0,308.816
613.636,0,280.477
647.827,0,421.004
712.685,0,405.224
723.206,0,448.463
656.006,0,407.564
665.067,0,468.333
656.598,0,527.642
633.216,0,384.485
44
654,0,-503.5
611.485,0,307.979
610.86,0,350.338
596.34,0,344.279
580.618,0,320.672
550.375,0,291.006
613.889,0,343.077
618.745,0,311.008
623.602,0,278.938
646.535,0,407.842
705.241,0,389.716
729.425,0,433.902
656.824,0,403.611
677.979,0,455.057
671.295,0,511.936
633.842,0,376.974
45
671,0,-507
605.23,0,306.923
615.089,0,345
597.546,0,346.292
584.695,0,315.49
561.576,0,288.972
622.365,0,347.992
630.048,0,308.622
627.464,0,273.537
655.343,0,412.588
712.663,0,376.617
729.799,0,417.687
661.327,0,398.037
710.556,0,443.797
731.975,0,495.134
645.484,0,374.51
46
690,0,-518.5
622.599,0,317.221
614.576,0,348.648
600.731,0,341.175
591.172,0,309.198
570.954,0,280.406
625.235,0,345.462
633.258,0,314.035
641.282,0,282.608
661.934,0,409.967
701.934,0,368.982
755.665,0,451.619
676.329,0,399.858
701.934,0,368.982
735.997,0,405.246
641.716,0,381.176
47
705,0,-526
635.349,0,405.051
631.236,0,429.585
620.6,0,432.847
606.276,0,443.057
612.799,0,464.33
648.821,0,430.011
641.165,0,310.176
642.017,0,275.005
629.959,0,482.341
629.107,0,517.512
621.307,0,548.995
640.595,0,479.08
703.28,0,360.947
624.994,0,542.046
634.072,0,457.807
48
721.5,0,-536.5
618.046,0,414.774
618.069,0,438.508
602.158,0,438.523
586.262,0,454.36
594.232,0,470.175
625.941,0,351.478
641.822,0,319.818
641.951,0,454.307
610.159,0,485.982
610.196,0,525.537
602.271,0,557.19
626.07,0,485.967
618.152,0,525.53
737.349,0,383.016
618.092,0,462.241
49
738.5,0,-538
602.287,0,420.737
602.264,0,444.47
586.442,0,444.455
570.605,0,460.262
578.501,0,476.092
610.175,0,444.477
626.005,0,436.581
626.005,0,436.581
594.308,0,491.929
594.27,0,531.485
586.329,0,563.121
610.13,0,491.944
602.181,0,531.492
736.829,0,365.487
602.242,0,468.203
50
754,0,-542.5
586.158,0,425.775
586.181,0,449.508
578.27,0,449.516
554.551,0,465.36
562.485,0,489.086
602.003,0,449.493
609.922,0,457.396
609.906,0,441.574
578.315,0,496.982
586.264,0,536.53
578.383,0,568.182
594.145,0,504.878
586.264,0,536.53
578.383,0,568.182
586.203,0,473.241
51
767,0,-546.5
578.197,0,428.366
578.167,0,460.188
562.345,0,460.173
538.604,0,468.106
554.403,0,491.987
586.078,0,460.196
601.893,0,468.166
601.9,0,460.211
562.299,0,507.906
570.172,0,547.691
562.238,0,571.551
578.121,0,507.921
570.172,0,547.691
562.231,0,579.506
570.233,0,484.047
52
778,0,-552.5
559.358,0,429.558
562.52,0,461.044
546.777,0,462.625
531.824,0,472.077
534.195,0,495.691
578.263,0,459.463
636.461,0,326.405
586.134,0,458.673
551.519,0,509.854
555.471,0,549.211
542.889,0,582.278
568.052,0,516.145
555.471,0,549.211
550.761,0,581.488
557.019,0,485.449
53
789,0,-557.5
547.413,0,437.21
550.574,0,468.696
534.743,0,470.286
519.702,0,479.747
522.073,0,503.361
566.406,0,467.106
583.028,0,473.388
583.028,0,473.388
539.485,0,517.515
543.437,0,556.872
530.766,0,589.948
555.316,0,515.925
543.437,0,556.872
537.892,0,581.282
545.029,0,493.105
54
801,0,-561
537.171,0,446.875
531.67,0,471.28
523.799,0,472.071
501.765,0,490.185
511.217,0,505.137
548.204,0,477.571
564.737,0,483.862
572.609,0,483.072
520.669,0,520.09
532.493,0,558.658
519.911,0,591.724
537.203,0,526.381
532.493,0,558.658
519.911,0,591.724
534.832,0,502.766
55
812,0,-566
521.953,0,450.476
525.115,0,481.962
509.283,0,483.552
486.326,0,493.808
496.613,0,516.628
540.946,0,480.373
557.568,0,486.655
548.862,0,479.578
514.025,0,530.781
517.187,0,562.267
504.517,0,595.343
529.857,0,529.191
517.187,0,562.267
512.432,0,594.548
519.57,0,506.372
56
823,0,-568.5
512.747,0,458.114
507.202,0,482.524
499.286,0,483.318
477.12,0,501.446
486.616,0,516.394
523.824,0,488.806
540.446,0,495.088
539.655,0,487.216
504.819,0,538.419
507.98,0,569.905
495.31,0,602.981
512.734,0,537.624
507.98,0,569.905
495.31,0,602.981
509.573,0,506.138
57
834,0,-573
500.835,0,457.892
496.099,0,490.35
488.183,0,491.145
465.23,0,501.445
475.531,0,524.397
511.93,0,488.76
521.436,0,503.797
529.351,0,503.002
485.036,0,539.434
496.926,0,578.218
484.273,0,611.47
501.662,0,545.76
496.926,0,578.218
484.273,0,611.47
498.483,0,514.097
58
845,0,-575.5
487.793,0,468.067
490.178,0,491.814
474.435,0,493.395
452.41,0,511.597
461.871,0,526.638
506.716,0,498.149
515.382,0,505.274
515.382,0,505.274
479.203,0,540.889
483.177,0,580.468
470.614,0,613.712
495.741,0,547.224
483.177,0,580.468
478.485,0,612.921
485.485,0,524.267
59
854,0,-579.5
478.681,0,468.837
481.842,0,500.324
466.099,0,501.904
443.275,0,512.147
453.517,0,534.971
489.714,0,499.533
498.376,0,506.614
506.247,0,505.824
462.97,0,549.924
474.793,0,588.491
462.211,0,621.558
479.503,0,556.215
474.793,0,588.491
462.211,0,621.558
476.342,0,524.728
60
861,0,-583
473.46,0,475.374
468.767,0,507.827
453.024,0,509.408
438.076,0,518.904
448.332,0,541.861
484.51,0,506.246
493.177,0,513.372
493.177,0,513.372
457.793,0,556.902
460.972,0,588.565
457.075,0,628.934
473.536,0,555.321
460.972,0,588.565
456.28,0,621.019
463.28,0,532.365
61
869,0,-587.5
460.998,0,476.904
456.261,0,509.361
448.345,0,510.156
425.393,0,520.456
435.693,0,543.409
472.092,0,507.772
481.598,0,522.809
487.924,0,506.182
445.198,0,558.446
449.172,0,598.024
444.436,0,630.482
461.825,0,564.772
457.088,0,597.23
444.436,0,630.482
458.645,0,533.109
62
876,0,-594.5
452.768,0,479.025
452.593,0,511.815
444.926,0,509.865
416.043,0,527.147
427.456,0,546.467
460.26,0,513.764
467.927,0,515.714
477.555,0,509.953
446.536,0,567.736
,,
,,
446.536,0,567.736
,,
,,
452.418,0,544.605
63
880,0,-597.5
440.701,0,484.5
440.569,0,517.301
430.898,0,523.051
411.557,0,534.55
415.346,0,551.931
455.989,0,521.222
463.7,0,523.183
415.346,0,551.931
428.806,0,563.563
,,
,,
444.227,0,567.484
,,
,,
442.398,0,542.392
64
888,0,-601
571.472,0,279.207
611.625,0,283.171
618.702,0,274.465
658.854,0,278.429
622.599,0,234.096
611.625,0,283.171
615.522,0,242.802
,,
650.188,0,271.304
,,
,,
655.675,0,246.766
,,
,,
634.445,0,272.884
65
894,0,-606.5
573.263,0,281.814
612.816,0,277.593
619.887,0,268.882
622.761,0,220.839
611.493,0,190.218
614.495,0,293.326
629.477,0,283.771
,,
667.351,0,263.817
659.796,0,193.019
,,
668.19,0,271.684
656.082,0,233.195
638.098,0,139.642
643.619,0,266.35
66
897.5,0,-608
568.833,0,271.377
607.807,0,263.422
614.02,0,254.08
615.486,0,221.484
609.158,0,190.479
609.389,0,271.174
629.609,0,250.898
,,
654.576,0,253.876
632.542,0,185.706
654.229,0,132.834
645.199,0,247.716
634.124,0,193.457
654.229,0,132.834
631.191,0,258.649
67
902,0,-611.5
562.493,0,259.02
604.941,0,253.474
606.888,0,245.806
601.202,0,203.551
605.096,0,188.216
604.941,0,253.474
618.493,0,232.428
,,
645.52,0,222.967
659.149,0,169.292
657.356,0,111.702
635.862,0,228.676
636.016,0,163.418
657.356,0,111.702
626.204,0,234.386
68
907.5,0,-613
562.514,0,254.634
604.008,0,237.872
597.825,0,252.436
613.488,0,276.275
616.579,0,268.993
599.817,0,227.499
602.909,0,220.217
593.429,0,181.814
637.121,0,200.363
658.762,0,149.389
670.029,0,102.605
622.557,0,194.18
636.916,0,140.114
662.747,0,99.5135
613.283,0,216.026
69
907.5,0,-615
558.763,0,243.894
596.528,0,224.104
598.378,0,246.467
611.414,0,267.967
582.061,0,253.351
595.603,0,212.923
616.126,0,188.836
587.697,0,185.401
628.237,0,199.155
639.929,0,136.364
669.788,0,89.0522
621.256,0,182.814
639.929,0,136.364
674.919,0,83.0305
617.975,0,211.198
70
911.5,0,-614.5
557.997,0,227.79
590.248,0,212.861
603.787,0,233.915
607.373,0,267.382
577.708,0,253.793
582.881,0,196.757
570.538,0,186.859
570.538,0,186.859
642.407,0,173.107
648.776,0,127.227
677.442,0,78.8315
623.891,0,158.26
648.776,0,127.227
677.442,0,78.8315
610.156,0,188.035
71
915.5,0,-617
561.999,0,185.57
601.57,0,187.483
604.79,0,220.933
596.857,0,255.429
563.399,0,258.568
604.463,0,159.085
609.502,0,152.986
628.914,0,179.292
649.073,0,154.899
663.118,0,125.455
675.017,0,73.71
635.774,0,133.646
651.966,0,126.501
692.283,0,77.7155
621.728,0,163.09
72
921.5,0,-619.5
568.102,0,170.992
602.294,0,178.723
609.312,0,194.785
596.17,0,235.24
569.983,0,254.651
584.209,0,163.778
610.396,0,144.367
628.481,0,159.312
638.561,0,147.116
657.73,0,111.643
687.968,0,75.0541
631.543,0,131.054
657.73,0,111.643
687.968,0,75.0541
617.413,0,160.429
73
924,0,-622
564.913,0,207.994
599.475,0,179.521
605.848,0,196.028
594.941,0,226.771
560.379,0,255.244
584.461,0,170.133
576.576,0,169.376
558.539,0,191.488
619.779,0,133.785
654.341,0,105.312
688.903,0,76.8384
626.908,0,142.416
669.355,0,114.7
696.032,0,85.47
616.756,0,165.284
74
927,0,-624.5
573.891,0,181.865
603.437,0,167.593
575.836,0,159.385
595.388,0,195.176
571.946,0,204.346
608.568,0,173.731
594.416,0,206.416
562.925,0,243.17
651.293,0,138.012
665.446,0,105.327
695.964,0,79.8136
658.37,0,121.67
665.446,0,105.327
701.095,0,85.9514
622.72,0,141.045
75
934,0,-625
591.461,0,186.751
597.746,0,162.419
573.588,0,156.349
587.159,0,193.443
569.62,0,191.627
602.381,0,184.313
582.858,0,200.136
565.652,0,226.905
621.238,0,111.318
660.619,0,108.259
695.365,0,83.306
616.936,0,118.011
660.619,0,108.259
695.365,0,83.306
606.349,0,149.035
76
937.5,0,-624.5
564.486,0,180.06
588.445,0,154.148
578.262,0,149.686
569.078,0,169.935
567.281,0,187.353
606.014,0,155.78
592.238,0,186.154
553.505,0,217.727
621.587,0,107.988
661.318,0,101.126
698.254,0,86.9706
628.974,0,105.157
668.706,0,98.2949
708.437,0,91.4331
605.016,0,131.068
77
939,0,-625
570.921,0,174.911
585.346,0,142.703
568.176,0,146.77
570.921,0,174.911
562.592,0,202.076
601.399,0,149.697
593.07,0,176.862
567.571,0,208.094
623.037,0,101.386
667.334,0,105.288
706.653,0,103.172
623.037,0,101.386
673.43,0,100.245
717.727,0,104.147
603.633,0,127.575
78
943,0,-626.5
558.845,0,162.75
591.116,0,139.876
575.614,0,131.685
580.802,0,166.365
572.417,0,181.898
602.094,0,141.684
602.758,0,169.981
570.487,0,192.855
625.317,0,106.044
669.231,0,113.276
697.642,0,112.317
627.247,0,95.0865
675.685,0,108.701
719.598,0,115.933
605.955,0,119.768
79
947,0,-627
564.591,0,158.663
591.556,0,129.42
580.404,0,129.959
581.501,0,163.435
571.081,0,186.291
608.466,0,134.192
603.805,0,162.358
576.84,0,191.601
629.673,0,99.6388
669.253,0,114.492
703.074,0,124.036
635.066,0,93.7902
675.011,0,119.803
719.984,0,128.808
607.735,0,111.874
80
952,0,-628.5
562.608,0,152.819
595.206,0,128.723
584.077,0,129.33
585.26,0,162.745
574.92,0,185.628
605.94,0,116.979
612.885,0,155.66
580.682,0,190.894
633.171,0,98.7556
673.107,0,124.479
706.888,0,133.799
638.538,0,92.8833
673.107,0,124.479
712.65,0,139.065
611.308,0,111.106
81
954,0,-630.5
568.83,0,147.385
601.379,0,123.546
590.178,0,124.027
585.893,0,152.263
581.081,0,169.3
612.053,0,111.867
608.293,0,151.301
586.944,0,174.659
639.265,0,93.8677
674.442,0,126.02
703.757,0,152.813
644.602,0,88.0282
674.442,0,126.02
709.62,0,158.171
617.39,0,106.028
82
956,0,-632.5
569.787,0,134.737
596.962,0,116.703
591.624,0,122.543
587.751,0,161.874
578.053,0,195.88
613.461,0,110.349
609.1,0,138.516
593.577,0,167.198
641.124,0,103.479
670.738,0,141.264
699.865,0,167.885
651.798,0,91.7996
676.075,0,135.424
705.69,0,173.209
618.799,0,104.509
83
958,0,-634
565.861,0,132.549
604.318,0,114.111
598.981,0,119.95
584.066,0,159.907
580.374,0,199.403
614.993,0,102.432
610.752,0,130.709
589.403,0,154.067
643.324,0,106.891
667.415,0,139.628
697.392,0,177.744
653.998,0,95.2123
673.301,0,145.007
703.278,0,183.124
626.215,0,101.972
84
960,0,-634.5
572.212,0,126.022
605.255,0,113.352
594.071,0,113.847
590.262,0,153.237
586.454,0,192.627
615.929,0,101.673
611.611,0,129.879
589.753,0,142.054
644.144,0,106.026
668.551,0,149.768
687.11,0,188.167
655.328,0,105.53
668.551,0,149.768
692.957,0,193.511
627.113,0,101.177
85
963,0,-635.5
569.055,0,121.467
613.34,0,108.354
596.799,0,114.672
587.183,0,148.753
588.77,0,182.356
618.677,0,102.515
608.532,0,125.395
597.857,0,137.074
652.816,0,112.283
666.136,0,156.609
690.659,0,200.459
658.154,0,106.443
672.002,0,161.971
696.525,0,205.82
630.41,0,113.238
86
968,0,-635.5
571.225,0,116.319
610.231,0,109.099
593.671,0,115.399
589.431,0,143.676
591.076,0,177.333
620.906,0,97.4204
643.9,0,107.719
627.34,0,114.019
655.671,0,118.478
663.751,0,168.733
688.39,0,212.689
661.009,0,112.639
674.974,0,168.273
694.276,0,218.068
632.677,0,108.179
87
970,0,-637.5
580.453,0,112.968
608.09,0,106.075
618.765,0,94.3961
593.03,0,145.898
582.831,0,168.73
602.753,0,111.915
593.03,0,145.898
588.644,0,174.043
664.792,0,125.747
667.17,0,181.508
691.372,0,225.065
659.454,0,131.586
667.17,0,181.508
691.372,0,225.065
636.203,0,110.335
88
972,0,-639
580.861,0,111.546
614.48,0,110.12
625.155,0,98.4412
648.099,0,108.695
649.163,0,131.102
609.143,0,115.96
582.457,0,145.157
583.521,0,167.565
666.239,0,135.991
668.898,0,192.01
693.438,0,235.875
660.901,0,141.831
668.898,0,192.01
699.307,0,241.239
637.425,0,120.374
89
974,0,-640
584.984,0,110.407
624.637,0,114.316
635.372,0,102.571
658.403,0,112.843
586.546,0,144.168
630.005,0,108.443
602.127,0,115.297
586.546,0,144.168
665.853,0,151.986
668.457,0,208.255
698.417,0,246.417
665.853,0,151.986
668.457,0,208.255
698.938,0,257.67
642.301,0,130.46
90
975,0,-640.5
593.144,0,100.077
627.367,0,109.801
638.607,0,109.296
662.096,0,130.765
651.867,0,153.749
622,0,115.673
594.659,0,133.795
589.292,0,139.667
663.611,0,164.483
666.137,0,220.681
690.636,0,264.629
663.611,0,164.483
672.009,0,226.048
707.243,0,258.251
645.489,0,137.142
91
975,0,-642
610.375,0,87.3999
634.4,0,120.075
645.609,0,119.603
657.889,0,141.544
653.622,0,169.797
617.318,0,115.181
590.097,0,133.171
590.097,0,133.171
665.366,0,180.532
668.042,0,236.565
697.938,0,274.608
660.029,0,186.371
668.042,0,236.565
709.148,0,274.136
647.214,0,153.223
92
976,0,-641.5
627.633,0,93.1001
640.257,0,126.194
651.463,0,125.659
628.578,0,115.519
611.531,0,110.717
629.05,0,126.729
589.59,0,122.997
594.957,0,117.124
665.504,0,192.381
662.498,0,254.301
697.535,0,286.324
660.136,0,198.253
667.865,0,248.428
714.109,0,279.917
652.88,0,159.287
93
979,0,-642.5
641.398,0,107.952
642.815,0,141.58
637.448,0,147.453
625.769,0,136.778
608.25,0,120.767
659.389,0,135.173
647.238,0,113.289
613.618,0,114.894
656.856,0,208.303
665.056,0,269.687
699.621,0,290.501
662.223,0,202.43
670.424,0,263.815
716.195,0,284.094
655.439,0,174.674
94
980,0,-642
659.372,0,117.195
665.904,0,156.433
664.598,0,148.585
629.464,0,130.239
617.741,0,107.995
656.794,0,149.884
629.464,0,130.239
617.741,0,107.995
660.747,0,221.811
662.088,0,278.044
705.026,0,295.091
660.747,0,221.811
669.892,0,276.744
720.633,0,292.493
663.326,0,189.122
95
981,0,-642
678.125,0,134.19
672.299,0,165.475
678.62,0,174.744
668.891,0,140.563
670.347,0,132.742
663.065,0,171.847
650.423,0,153.309
639.238,0,126.949
668.425,0,229.492
664.55,0,293.509
694.203,0,307.123
659.191,0,235.865
664.55,0,293.509
701.981,0,308.572
666.473,0,196.759
96
981,0,-642
687.491,0,153.791
681.698,0,184.9
672.428,0,191.221
661.131,0,164.976
652.73,0,123.176
689.519,0,186.357
662.579,0,157.199
652.73,0,123.176
662.29,0,245.663
666.345,0,310.795
704.003,0,325.855
662.29,0,245.663
666.345,0,310.795
704.003,0,325.855
668.083,0,214.553
97
983,0,-642
686.172,0,172.239
683.521,0,204.76
676.972,0,213.87
673.075,0,190.459
666.58,0,151.44
692.667,0,211.257
687.471,0,180.042
683.574,0,156.631
661.224,0,264.611
655.921,0,329.654
697.757,0,338.73
661.224,0,264.611
655.921,0,329.654
705.605,0,337.423
673.022,0,238.587
98
984,0,-642
699.654,0,198.133
689.272,0,232.121
681.468,0,233.42
660.669,0,253.012
661.976,0,260.86
697.075,0,230.822
702.266,0,213.828
698.347,0,190.285
658.091,0,285.702
651.628,0,343.233
694.566,0,360.28
673.698,0,283.104
673.733,0,331.488
708.867,0,349.835
677.583,0,258.262
99
984,0,-643.5
708.095,0,213.217
702.269,0,244.501
702.269,0,244.501
711.547,0,238.136
693.909,0,202.483
694.448,0,243.045
708.095,0,213.217
703.187,0,196.118
676.432,0,296.336
649.138,0,355.992
703.885,0,366.187
676.432,0,296.336
674.057,0,352.54
703.885,0,366.187
690.079,0,266.508
100
987,0,-645
692.652,0,279.987
703.84,0,280.829
709.824,0,275.654
694.212,0,257.602
684.854,0,391.91
672.361,0,329.088
669.242,0,373.858
712.163,0,242.077
672.361,0,329.088
640.883,0,377.348
678.87,0,397.085
672.361,0,329.088
658.054,0,373.015
696.042,0,392.753
685.109,0,307.546
101
990,0,-644
717.922,0,267.15
704.929,0,298.199
701.907,0,290.888
715.302,0,302.472
714.9,0,259.838
718.324,0,309.784
734.338,0,286.046
717.922,0,267.15
680.252,0,342.637
640.87,0,393.151
675.013,0,413.282
680.252,0,342.637
662.927,0,384.036
700.092,0,411.478
688.914,0,321.937
102
991,0,-641.5
713.091,0,299.557
709.511,0,328.017
695.275,0,335.121
727.301,0,328.031
727.328,0,292.452
720.182,0,331.583
727.301,0,328.031
727.328,0,292.452
677.458,0,370.686
641.852,0,406.237
673.85,0,434.724
695.247,0,370.7
663.207,0,395.58
691.639,0,434.738
695.261,0,352.911
103
991,0,-639
738.704,0,328.787
717.481,0,362.261
724.886,0,359.478
733.106,0,313.893
735.905,0,321.34
714.681,0,354.815
709.083,0,339.921
728.5,0,324.123
686.053,0,391.073
639.814,0,425.451
668.621,0,457.118
696.257,0,395.736
662.03,0,417.1
686.23,0,458.998
705.469,0,375.275
104
992,0,-639
745.814,0,358.61
718.464,0,388.557
734.25,0,396.586
710.806,0,364.726
741.125,0,352.238
734.25,0,396.586
742.376,0,380.784
741.125,0,352.238
691.115,0,418.505
660.795,0,430.993
660.327,0,470.626
695.804,0,424.877
660.795,0,430.993
676.113,0,478.655
710.338,0,404.359
105
993,0,-637
746.432,0,389.22
724.68,0,422.354
714.551,0,417.53
721.406,0,389.727
748.519,0,371.574
742.258,0,424.513
744.345,0,406.867
751.2,0,379.064
692.799,0,450.663
642.747,0,451.677
651.383,0,499.284
705.609,0,462.978
665.093,0,443.68
666.28,0,493.953
712.464,0,435.176
106
993,0,-636
757.118,0,441.219
733.132,0,448.326
737.663,0,454.812
719.54,0,428.871
750.011,0,417.233
737.663,0,454.812
719.54,0,428.871
750.011,0,417.233
698.752,0,481.996
643.672,0,472.224
646.87,0,518.243
703.282,0,488.482
667.658,0,465.117
664.371,0,515.666
713.676,0,461.919
107
994,0,-634
758.249,0,455.557
735.556,0,478.988
750.631,0,488.245
723.022,0,458.835
760.789,0,444.661
750.631,0,488.245
723.022,0,458.835
754.071,0,448.84
692.711,0,514.954
651.666,0,493.9
641.508,0,537.484
703.607,0,517.493
675.998,0,488.083
654.944,0,529.127
719.582,0,498.241
108
996,0,-632
764.367,0,485.944
752.672,0,517.605
763.226,0,521.504
724.909,0,495.356
761.04,0,478.718
756,0,524.831
724.909,0,495.356
761.04,0,478.718
709.316,0,537.572
685.451,0,504.769
666.529,0,539.758
715.971,0,552.024
685.451,0,504.769
659.303,0,543.086
730.994,0,527.589
109
997,0,-631.5
655.97,0,539.946
686.53,0,565.689
699.55,0,590.85
684.18,0,537.348
673.511,0,540.527
692.678,0,587.089
710.219,0,587.671
651.448,0,564.527
746.026,0,571.192
723.061,0,531.57
765.739,0,518.853
742.952,0,560.492
726.134,0,542.271
765.739,0,518.853
721.613,0,566.851
110
1001,0,-628
781.729,0,551.629
767.827,0,588.667
773.201,0,578.852
738.375,0,572.555
764.316,0,548.48
770.048,0,596.26
807.095,0,610.15
774.133,0,553.851
724.472,0,609.593
705.77,0,573.85
657.973,0,579.59
724.472,0,609.593
708.924,0,556.442
663.348,0,569.775
745.039,0,595.333
111
1001,0,-625
,,
701.998,0,609.951
698.745,0,602.861
726.822,0,607.142
736.581,0,628.41
691.555,0,606.161
726.822,0,607.142
,,
,,
695.492,0,595.772
,,
,,
,,
650.466,0,573.523
,,
112
1002,0,-622
,,
,,
,,
,,
,,
,,
733.901,0,637.79
,,
,,
671.259,0,596.118
702.321,0,625.874
,,
664.068,0,599.417
705.658,0,633.145
,,
113
1004,0,-619
,,
,,
,,
,,
,,
,,
,,
,,
,,
715.18,0,629.197
676.123,0,612.172
,,
709.552,0,634.756
676.123,0,612.172
,,
114
1007,0,-616.5
,,
694.24,0,618.302
,,
,,
677.367,0,612.479
694.24,0,618.302
,,
,,
677.373,0,601.228
,,
671.745,0,606.788
,,
716.734,0,629.817
677.373,0,601.228
,,
115
1008,0,-614.5
,,
,,
715.972,0,603.517
,,
,,
,,
,,
,,
,,
715.972,0,603.517
663.524,0,584.062
,,
715.972,0,603.517
663.524,0,584.062
,,
116
1012,0,-611.5
,,
,,
,,
,,
561.725,0,548.741
,,
554.535,0,545.334
554.535,0,545.334
567.67,0,499.032
,,
,,
,,
,,
,,
560.895,0,513.331
117
1013,0,-608.5
,,
544.236,0,530.189
533.048,0,530.12
,,
,,
549.795,0,535.817
572.171,0,535.954
,,
,,
544.167,0,541.376
,,
,,
,,
,,
549.795,0,535.817
118
1015,0,-605.5
,,
,,
,,
704.892,0,559.58
,,
721.571,0,576.465
704.892,0,559.58
677.026,0,542.627
,,
,,
,,
,,
,,
,,
,,
119
1016,0,-602.5
,,
,,
,,
,,
,,
,,
704.728,0,547.525
,,
,,
,,
665.673,0,530.503
,,
710.287,0,553.153
665.673,0,530.503
,,
120
1017,0,-599.5
,,
666.925,0,537.732
663.519,0,544.921
702.335,0,536.902
713.227,0,550.866
666.925,0,537.732
702.335,0,536.902
,,
,,
709.484,0,540.289
713.227,0,550.866
,,
,,
713.227,0,550.866
,,
121
1020,0,-596.5
,,
660.132,0,530.087
660.032,0,541.306
,,
699.35,0,535.827
671.251,0,541.343
699.45,0,524.608
,,
,,
,,
,,
,,
,,
,,
,,
122
1021,0,-596
,,
643.264,0,520.408
636.115,0,517.021
,,
,,
657.563,0,527.183
674.874,0,509.122
692.934,0,526.433
671.861,0,533.957
,,
,,
671.861,0,533.957
,,
,,
664.712,0,530.57
123
1027,0,-590
656.735,0,493.86
684.313,0,516.022
698.694,0,509.423
677.123,0,519.321
677.123,0,519.321
669.933,0,522.621
641.172,0,535.818
634.573,0,521.438
714.599,0,563.055
,,
,,
707.409,0,566.354
,,
,,
704.701,0,541.484
124
1030,0,-588
741.924,0,547.352
709.043,0,540.183
699.89,0,555.409
726.067,0,566.858
748.629,0,543.073
702.979,0,515.898
705.427,0,504.95
716.387,0,507.34
651.792,0,539.182
,,
,,
651.792,0,539.182
598.797,0,544.849
,,
680.417,0,539.682
125
1032,0,-585
741.345,0,506.083
719.637,0,533.87
733.526,0,544.922
754.534,0,552.628
762.003,0,531.535
713.218,0,501.725
,,
,,
659.649,0,535.7
671.202,0,486.314
,,
666.768,0,532.353
678.321,0,482.967
,,
691.51,0,529.512
126
1035,0,-584
739.948,0,537.664
701.212,0,529.65
700.785,0,547.334
721.835,0,554.921
732.788,0,541.03
708.8,0,508.599
709.227,0,490.915
730.278,0,498.502
651.524,0,535.526
,,
,,
655.318,0,525.001
670.492,0,482.9
,,
676.368,0,532.588
127
1036,0,-581
734.341,0,541.759
702.766,0,530.378
702.338,0,548.063
730.548,0,552.284
734.341,0,541.759
703.193,0,512.693
685.509,0,512.266
,,
660.237,0,532.888
672.045,0,483.628
,,
653.505,0,518.57
672.045,0,483.628
,,
685.081,0,529.95
128
1039,0,-579.5
731.929,0,552.804
702.276,0,526.625
720.708,0,498.575
649.382,0,505.255
,,
720.708,0,498.575
697.735,0,543.722
,,
663.541,0,534.64
,,
,,
657.397,0,543.99
,,
,,
694.529,0,528.228
129
1041,0,-577.5
726.68,0,559.391
700.397,0,523.016
696.386,0,498.308
664.983,0,493.16
649.281,0,490.586
730.52,0,535.971
726.68,0,559.391
709.699,0,564.624
659.863,0,524.387
,,
,,
657.303,0,540.001
,,
,,
700.397,0,523.016
130
1044,0,-574.5
647.429,0,482.772
669.447,0,516.571
667.991,0,491.597
659.144,0,554.762
694.399,0,557.718
660.622,0,537.134
659.144,0,554.762
701.746,0,554.784
722.331,0,521.007
,,
,,
713.506,0,541.569
,,
,,
697.356,0,522.462
131
1047,0,-573
644.753,0,498.701
675.117,0,510.616
679.707,0,504.172
658.613,0,547.424
693.567,0,552.895
679.707,0,504.172
665.938,0,523.503
698.156,0,546.451
710.071,0,516.087
,,
,,
716.515,0,520.677
,,
,,
699.038,0,517.941
132
1047,0,-570
,,
724.69,0,531.764
716.798,0,531.215
,,
,,
717.902,0,515.342
751.126,0,493.729
751.126,0,493.729
699.91,0,545.99
631.089,0,509.304
576.397,0,497.525
715.694,0,547.088
629.985,0,525.177
,,
708.354,0,538.603
133
1049,0,-569.5
741.716,0,537.948
706.592,0,531.573
701.086,0,541.384
662.64,0,552.424
,,
717.604,0,511.949
723.11,0,502.137
,,
630.839,0,528.633
,,
,,
628.655,0,521.029
,,
,,
671.468,0,525.197
134
1053,0,-567.5
739.673,0,539.082
690.041,0,528.41
700.682,0,531.966
650.973,0,503.526
633.415,0,539.06
654.697,0,546.172
647.629,0,549.725
636.988,0,546.169
654.621,0,528.403
643.98,0,524.847
640.484,0,535.508
651.125,0,539.064
651.125,0,539.064
644.056,0,542.616
665.262,0,531.959
135
1054,0,-565.5
,,
692.835,0,526.913
682.383,0,522.835
655.163,0,500.172
654.185,0,517.854
692.835,0,526.913
659.522,0,550.044
628.165,0,537.81
,,
,,
,,
,,
644.711,0,496.094
,,
692.835,0,526.913
136
1055,0,-563.5
744.934,0,530.52
702.351,0,531.802
702.351,0,531.802
681.528,0,523.611
650.294,0,511.324
699.193,0,524.549
681.528,0,523.611
659.767,0,533.084
630.753,0,545.716
,,
,,
623.5,0,548.874
,,
,,
674.274,0,526.769
137
1057.5,0,-564
,,
645.97,0,535.261
647.085,0,527.429
677.122,0,539.697
643.74,0,550.926
654.873,0,528.538
679.353,0,524.033
643.74,0,550.926
701.602,0,535.192
,,
,,
693.814,0,534.083
,,
621.49,0,539.767
678.238,0,531.865
138
1058.5,0,-562
618.795,0,540.979
651.028,0,531.287
665.063,0,538.782
636.557,0,541.496
622.522,0,534.001
665.499,0,521.078
,,
715.929,0,494.198
743.564,0,526.893
772.07,0,524.179
,,
729.093,0,537.102
768.779,0,513.453
,,
697.296,0,529.09
