data/BP_videos/4.MOV
0
,,
,,
,,
,,
,,
,,
,,
,,
,,
,,
,,
,,
,,
,,
,,
,,
1
,,
,,
,,
,,
,,
,,
,,
,,
,,
,,
,,
,,
,,
,,
,,
,,
2
,,
,,
,,
,,
,,
,,
,,
,,
,,
,,
,,
,,
,,
,,
,,
,,
3
,,
,,
,,
,,
,,
,,
,,
,,
,,
,,
,,
,,
,,
,,
,,
,,
4
,,
,,
,,
,,
,,
,,
,,
,,
,,
,,
,,
,,
,,
,,
,,
,,
5
,,
,,
,,
,,
,,
,,
,,
,,
,,
,,
,,
,,
,,
,,
,,
,,
6
,,
,,
,,
,,
,,
,,
,,
,,
,,
,,
,,
,,
,,
,,
,,
,,
7
,,
,,
,,
,,
,,
,,
,,
,,
,,
,,
,,
,,
,,
,,
,,
,,
8
,,
,,
,,
,,
,,
,,
,,
,,
,,
,,
,,
,,
,,
,,
,,
,,
9
,,
,,
,,
,,
,,
,,
,,
,,
,,
,,
,,
,,
,,
,,
,,
,,
10
,,
,,
,,
,,
,,
,,
,,
,,
,,
,,
,,
,,
,,
,,
,,
,,
11
,,
,,
,,
,,
,,
,,
,,
,,
,,
,,
,,
,,
,,
,,
,,
,,
12
,,
,,
,,
,,
,,
,,
,,
,,
,,
,,
,,
,,
,,
,,
,,
,,
13
,,
,,
,,
,,
,,
,,
,,
,,
,,
,,
,,
,,
,,
,,
,,
,,
14
,,
,,
,,
,,
,,
,,
,,
,,
,,
,,
,,
,,
,,
,,
,,
,,
15
,,
,,
,,
,,
,,
,,
,,
,,
,,
,,
,,
,,
,,
,,
,,
,,
16
,,
,,
,,
,,
,,
,,
,,
,,
,,
,,
,,
,,
,,
,,
,,
,,
17
,,
,,
,,
,,
,,
,,
,,
,,
,,
,,
,,
,,
,,
,,
,,
,,
18
,,
,,
,,
,,
,,
,,
,,
,,
,,
,,
,,
,,
,,
,,
,,
,,
19
,,
,,
,,
,,
,,
,,
,,
,,
,,
,,
,,
,,
,,
,,
,,
,,
20
,,
,,
,,
,,
,,
,,
,,
,,
,,
,,
,,
,,
,,
,,
,,
,,
21
,,
,,
,,
,,
,,
,,
,,
,,
,,
,,
,,
,,
,,
,,
,,
,,
22
,,
,,
,,
,,
,,
,,
,,
,,
,,
,,
,,
,,
,,
,,
,,
,,
23
,,
,,
,,
,,
,,
,,
,,
,,
,,
,,
,,
,,
,,
,,
,,
,,
24
,,
,,
,,
,,
,,
,,
,,
,,
,,
,,
,,
,,
,,
,,
,,
,,
25
,,
,,
,,
,,
,,
,,
,,
,,
,,
,,
,,
,,
,,
,,
,,
,,
26
,,
,,
,,
,,
,,
,,
,,
,,
,,
,,
,,
,,
,,
,,
,,
,,
27
,,
,,
,,
,,
,,
,,
,,
,,
,,
,,
,,
,,
,,
,,
,,
,,
28
,,
,,
,,
,,
,,
,,
,,
,,
,,
,,
,,
,,
,,
,,
,,
,,
29
,,
,,
,,
,,
,,
,,
,,
,,
,,
,,
,,
,,
,,
,,
,,
,,
30
,,
,,
,,
,,
,,
,,
,,
,,
,,
,,
,,
,,
,,
,,
,,
,,
31
,,
,,
,,
,,
,,
,,
,,
,,
,,
,,
,,
,,
,,
,,
,,
,,
32
,,
,,
,,
,,
,,
,,
,,
,,
,,
,,
,,
,,
,,
,,
,,
,,
33
,,
,,
,,
,,
,,
,,
,,
,,
,,
,,
,,
,,
,,
,,
,,
,,
34
,,
,,
,,
,,
,,
,,
,,
,,
,,
,,
,,
,,
,,
,,
,,
,,
35
,,
,,
,,
,,
,,
,,
,,
,,
,,
,,
,,
,,
,,
,,
,,
,,
36
,,
,,
,,
,,
,,
,,
,,
,,
,,
,,
,,
,,
,,
,,
,,
,,
37
,,
,,
,,
,,
,,
,,
,,
,,
,,
,,
,,
,,
,,
,,
,,
,,
38
,,
,,
,,
,,
,,
,,
,,
,,
,,
,,
,,
,,
,,
,,
,,
,,
39
,,
,,
,,
,,
,,
,,
,,
,,
,,
,,
,,
,,
,,
,,
,,
,,
40
-940.5,0,-423
893,0,234
908.667,0,265.5
900.833,0,281.25
893,0,312.75
861.667,0,328.5
924.333,0,273.375
900.833,0,312.75
861.667,0,328.5
916.5,0,352.125
916.5,0,415.125
940,0,470.25
932.167,0,352.125
900.833,0,407.25
877.333,0,470.25
916.5,0,312.75
41
-965.5,0,-394.5
895.05,0,223.951
909.608,0,260.92
905.506,0,276.385
895.251,0,315.048
887.663,0,313.035
922.733,0,272.678
902.838,0,317.06
858.747,0,330.195
917.397,0,354.029
910.626,0,410.17
943.845,0,468.641
927.035,0,348.309
910.626,0,410.17
876.991,0,475.738
920.065,0,313.353
42
-940.5,0,-416
901.927,0,224.767
909.221,0,267.227
907.55,0,275.05
899.197,0,314.168
891.374,0,312.498
923.198,0,278.392
899.197,0,314.168
862.891,0,330.957
923.809,0,352.145
919.938,0,408.581
947.362,0,471.7
931.633,0,353.816
912.115,0,406.911
881.432,0,473.982
924.339,0,311.357
43
-941.5,0,-419
896.778,0,224.17
913.995,0,260.275
910.839,0,275.96
902.95,0,315.175
895.107,0,313.597
926.525,0,279.116
902.95,0,315.175
868.423,0,324.549
928.01,0,352.857
916.966,0,407.757
945.135,0,470.547
935.853,0,354.435
916.966,0,407.757
879.237,0,473.61
928.057,0,312.065
44
-1003.5,0,-426
899.32,0,226.614
913.826,0,263.105
909.711,0,278.264
901.479,0,308.581
893.9,0,306.523
926.927,0,274.8
907.001,0,318.218
864.989,0,323.087
923.565,0,347.129
914.681,0,409.821
947.81,0,467.644
931.144,0,349.187
914.681,0,409.821
883.06,0,466.339
926.275,0,307.175
45
-1006.5,0,-425
906.867,0,226.172
915.397,0,260.379
919.662,0,277.482
903.041,0,313.948
874.36,0,331.512
937.018,0,273.425
910.837,0,315.746
868.33,0,322.061
936.722,0,345.896
922.601,0,407.118
949.222,0,469.677
936.722,0,345.896
914.806,0,405.32
883.329,0,470.598
928.192,0,311.689
46
-1009.5,0,-424
901.551,0,227.463
917.237,0,263.751
913.437,0,278.992
905.836,0,309.473
876.848,0,326.527
938.624,0,277.178
913.598,0,311.408
869.086,0,324.591
929.284,0,347.697
923.744,0,402.974
949.254,0,465.995
944.808,0,351.568
923.744,0,402.974
891.118,0,467.686
931.023,0,307.659
47
-1011.5,0,-420
908.689,0,224.564
922.808,0,261.989
918.344,0,277.354
907.184,0,315.766
899.501,0,313.534
935.94,0,274.136
914.866,0,317.998
869.758,0,329.884
938.899,0,349.973
928.726,0,413.663
953.745,0,470.917
946.582,0,352.205
921.043,0,411.431
887.823,0,468.426
932.463,0,314.779
48
-1012.5,0,-426
911.843,0,224.213
926.854,0,260.785
922.772,0,275.953
914.608,0,306.288
883.268,0,330.386
940.263,0,272.527
912.566,0,313.872
875.543,0,328.307
937.344,0,344.94
928.741,0,407.689
955.12,0,463.587
945.069,0,347.019
921.016,0,405.61
887.196,0,469.706
937.783,0,312.525
49
-1015.5,0,-426
912.417,0,229.753
920.606,0,264.043
918.765,0,271.678
909.559,0,309.852
880.705,0,327.13
943.937,0,269.67
917.337,0,311.727
872.928,0,325.255
941.08,0,349.768
928.192,0,403.212
961.967,0,467.908
950.699,0,344.009
920.415,0,401.337
896.068,0,468.174
934.732,0,307.844
50
-1013.5,0,-425
906.312,0,227.246
928.288,0,266.807
926.09,0,274.499
915.099,0,312.959
885.428,0,329.441
943.672,0,271.203
915.099,0,312.959
877.736,0,327.243
937.075,0,352.52
929.38,0,408.563
894.213,0,473.396
946.965,0,347.026
929.38,0,408.563
960.146,0,475.596
940.373,0,311.862
51
-1019.5,0,-426
909.697,0,228.885
925.683,0,258.238
921.261,0,273.412
919.957,0,305.956
888.493,0,329.711
938.552,0,270.22
917.746,0,313.543
880.953,0,327.514
941.273,0,345.093
931.124,0,407.985
963.098,0,466.69
948.813,0,347.291
923.584,0,405.788
963.098,0,466.69
942.577,0,312.549
52
-1021.5,0,-424
914.101,0,227.447
927.428,0,264.884
922.812,0,280.204
913.58,0,310.843
884.097,0,327.025
942.468,0,269.416
921.1,0,313.109
884.097,0,327.025
944.255,0,345.151
933.31,0,408.696
964.58,0,468.25
951.775,0,347.417
925.791,0,406.43
897.499,0,473.103
938.447,0,309.98
53
-1032.5,0,-424
917.075,0,228.437
931.372,0,265.794
929.177,0,273.487
918.2,0,311.951
888.536,0,328.444
946.758,0,270.185
925.893,0,314.147
880.843,0,326.249
950.079,0,346.007
940.209,0,409.745
973.194,0,469.075
957.771,0,348.202
932.516,0,407.55
905.065,0,474.59
943.474,0,310.845
54
-1024.5,0,-423.5
915.92,0,224.601
929.105,0,261.59
926.776,0,269.09
922.631,0,308.921
893.143,0,324.435
951.606,0,268.577
922.631,0,308.921
885.642,0,322.106
945.645,0,340.738
942.013,0,405.399
973.041,0,464.376
953.145,0,343.067
927.012,0,400.741
906.051,0,468.244
947.461,0,308.408
55
-1032.5,0,-421
916.296,0,223.836
930.171,0,261.073
925.781,0,276.458
924.551,0,309.385
895.309,0,325.998
950.633,0,275.231
924.551,0,309.385
887.757,0,323.843
948.174,0,341.085
943.52,0,414.631
968.109,0,471.564
955.726,0,343.24
930.611,0,402.628
903.301,0,469.708
949.403,0,308.158
56
-1034.5,0,-420
920.715,0,221.246
934.211,0,258.122
929.68,0,273.162
928.136,0,305.506
888.994,0,326.522
946.985,0,270.173
925.87,0,313.026
888.994,0,326.522
949.152,0,344.648
946.065,0,409.338
977.588,0,468.051
956.672,0,346.914
931.025,0,404.806
905.379,0,462.698
945.442,0,302.518
57
-1033.5,0,-422
924.264,0,227.893
939.304,0,264.431
927.697,0,277.754
927.436,0,310.336
898.55,0,327.355
954.606,0,268.387
927.436,0,310.336
890.899,0,325.377
959.757,0,343.179
949.606,0,414.015
975.992,0,469.81
959.757,0,343.179
936.282,0,402.408
910.829,0,469.288
952.367,0,308.619
58
-1036.5,0,-421.5
921.389,0,219.985
942.298,0,259.497
937.648,0,274.602
935.899,0,307.138
896.388,0,328.047
955.078,0,271.7
933.574,0,314.69
888.835,0,325.722
959.134,0,339.096
953.312,0,411.72
984.676,0,470.987
959.134,0,339.096
938.207,0,407.07
912.052,0,465.165
953.33,0,304.235
59
-1037,0,-420.5
926.917,0,222.028
940.302,0,259.238
935.555,0,274.218
933.687,0,306.595
903.687,0,321.815
953.181,0,271.562
933.687,0,306.595
893.688,0,326.889
964.697,0,341.149
958.588,0,413.393
992.478,0,465.343
964.697,0,341.149
938.083,0,398.653
916.721,0,466.063
958.939,0,306.355
60
-1043.5,0,-424
924.819,0,222.802
945.647,0,262.978
933.185,0,275.811
931.136,0,308.732
901.004,0,324.354
960.899,0,267.815
938.762,0,311.151
893.378,0,321.935
962.009,0,343.702
957.912,0,409.544
989.155,0,469.81
969.634,0,346.121
942.661,0,404.707
920.894,0,473.338
956.432,0,308.362
61
-1042.5,0,-423.5
927.959,0,224.769
948.108,0,265.291
937.978,0,270.328
932.829,0,310.794
902.438,0,325.906
963.276,0,270.384
940.413,0,313.341
894.854,0,323.359
963.108,0,346.278
965.488,0,414.589
995.711,0,475.372
970.692,0,348.825
942.736,0,406.949
919.817,0,475.204
958.127,0,310.85
62
-1049.5,0,-425
927.119,0,218.647
947.699,0,258.345
942.92,0,273.415
940.896,0,305.944
911.122,0,321.38
960.379,0,270.66
938.506,0,313.479
901.197,0,326.525
971.401,0,340.498
967.353,0,405.556
998.223,0,465.104
971.401,0,340.498
944.748,0,398.387
923.24,0,466.201
958.355,0,303.189
63
-1052.5,0,-425
932.576,0,223.874
946.63,0,254.213
941.23,0,269.072
937.815,0,301.473
904.862,0,323.139
958.7,0,267.01
942.5,0,311.586
897.477,0,320.456
966.639,0,337.179
967.193,0,404.665
995.301,0,465.344
974.023,0,339.863
942.339,0,404.044
928.124,0,466.162
962.669,0,302.094
64
-1060,0,-422.5
929.829,0,218.364
949.672,0,258.589
944.667,0,273.786
942.121,0,306.638
902.26,0,327.202
964.598,0,263.504
942.121,0,306.638
902.26,0,327.202
971.928,0,341.722
974.299,0,409.883
996.599,0,467.763
971.928,0,341.722
949.408,0,410.109
929.389,0,470.898
967.012,0,306.412
65
-1059.5,0,-425
932.286,0,219.223
951.998,0,259.36
946.892,0,274.322
944.16,0,306.799
914.058,0,321.583
966.96,0,264.466
944.16,0,306.799
904.023,0,326.511
973.906,0,342.008
975.925,0,409.516
1005.49,0,469.722
973.906,0,342.008
953.481,0,401.857
930.503,0,469.187
961.676,0,304.424
66
-1062.5,0,-424.5
933.619,0,217.853
953.652,0,258.432
948.516,0,273.585
945.82,0,306.46
905.24,0,326.493
968.805,0,263.569
945.82,0,306.46
905.24,0,326.493
975.998,0,342.03
978.182,0,410.348
1008.23,0,471.216
975.998,0,342.03
952.884,0,410.22
939.914,0,473.4
971.117,0,306.588
67
-1066,0,-422.5
931.633,0,222.355
953.774,0,254.828
948.696,0,269.706
945.98,0,302.002
913.507,0,324.142
966.113,0,267.345
943.441,0,309.441
906.068,0,321.603
975.56,0,337.013
977.567,0,404.143
1006.97,0,464.011
975.56,0,337.013
952.71,0,403.966
939.839,0,466.018
970.836,0,302.179
68
-1069,0,-423
937.614,0,218.892
956.048,0,260.222
950.324,0,275.163
946.347,0,307.907
915.349,0,321.733
970.989,0,265.946
946.347,0,307.907
905.017,0,326.342
985.446,0,340.02
984.962,0,408.371
1012.61,0,470.366
985.446,0,340.02
952.218,0,404.393
941.401,0,477.352
971.621,0,309.023
69
-1068,0,-419.5
939.151,0,217.713
956.642,0,259.025
950.765,0,273.907
946.323,0,306.557
912.637,0,327.66
971.264,0,264.799
946.323,0,306.557
905.326,0,324.773
984.313,0,338.761
990.051,0,409.836
1016.29,0,471.804
984.313,0,338.761
950.558,0,402.842
938.735,0,475.584
971.195,0,307.778
70
-1075.5,0,-422.5
933.192,0,221.647
954.407,0,254.732
948.911,0,269.461
945.285,0,301.667
912.201,0,322.882
966.388,0,267.592
949.902,0,311.779
904.836,0,320.135
981.23,0,340.247
991.454,0,402.79
1019.16,0,463.463
981.23,0,340.247
951.884,0,396.416
941.884,0,468.193
970.127,0,302.546
71
-1077.5,0,-426.5
933.262,0,222.212
953.551,0,255.873
954.935,0,273.395
950.417,0,305.488
916.756,0,325.777
968.122,0,261.775
950.417,0,305.488
909.471,0,322.826
988.228,0,337.765
993.762,0,407.853
1022.72,0,461.986
988.228,0,337.765
954.384,0,400.383
942.396,0,471.855
975.224,0,307.055
72
-1080.5,0,-423
938.594,0,224.399
957.181,0,259.818
957.533,0,277.703
951.011,0,310.036
915.593,0,328.624
971.63,0,266.69
951.011,0,310.036
915.593,0,328.624
987.484,0,345.104
999.551,0,412.856
1025.71,0,469.596
987.484,0,345.104
956.556,0,410.123
950.738,0,478.226
976.121,0,313.121
73
-1082.5,0,-421.5
943.023,0,221.647
960.878,0,262.802
954.976,0,277.373
950.587,0,309.519
916.539,0,329.651
975.708,0,268.809
950.587,0,309.519
909.124,0,326.647
996.589,0,345.113
1005.59,0,408.125
1035.33,0,462.573
989.174,0,342.11
955.201,0,404.676
953.838,0,471.97
978.734,0,303.958
74
-1085,0,-420
939.188,0,224.016
959.886,0,257.952
953.937,0,272.504
956.849,0,307.663
922.736,0,327.685
971.722,0,271.283
953.875,0,314.939
915.331,0,324.658
995.331,0,340.378
1011.54,0,406.446
1038.12,0,468.265
992.357,0,347.654
961.157,0,402.834
959.577,0,470.124
982.039,0,309.468
75
-1096.5,0,-415
940.992,0,228.273
959.832,0,262.766
953.315,0,277.073
954.59,0,312.203
930.508,0,327.147
974.138,0,269.282
954.59,0,312.203
912.943,0,327.784
994.252,0,338.905
1014.37,0,408.528
1041,0,463.844
990.994,0,346.059
957.776,0,400.028
960.324,0,470.288
982.566,0,307.671
76
-1096.5,0,-418.5
946.545,0,233.02
965.308,0,267.841
958.717,0,282.42
952.698,0,314.817
928.486,0,330.21
979.633,0,274.317
959.861,0,318.055
918.028,0,334.262
999.54,0,344.773
1012.28,0,411.991
1038.78,0,467.867
996.245,0,352.062
955.556,0,403.904
957.842,0,475.174
980.777,0,309.952
77
-1098.5,0,-422.5
948.642,0,231.031
964.676,0,272.774
961.462,0,279.996
963.052,0,315.311
928.531,0,334.559
982.333,0,271.979
959.838,0,322.533
921.309,0,331.345
999.957,0,349.037
1016.79,0,408.437
1051.27,0,467.042
999.957,0,349.037
956.591,0,407.608
970.206,0,474.23
987.932,0,317.73
78
-1101.5,0,-422
946.726,0,238.787
966.151,0,273.406
959.771,0,288.078
964.698,0,316.392
930.19,0,336.281
980.649,0,279.71
961.508,0,323.728
919.751,0,340.465
1001.81,0,349.979
1022.97,0,420.247
1050.52,0,475.842
1001.81,0,349.979
958.601,0,409.701
972.514,0,476.817
989.635,0,318.513
79
-1109,0,-422
945.093,0,233.134
970.408,0,272.14
963.39,0,286.306
963.691,0,321.742
931.658,0,332.337
984.745,0,279.243
963.691,0,321.742
920.98,0,335.869
1003.19,0,350.133
1025.15,0,413.941
1057.78,0,474.216
1010.36,0,353.685
964.442,0,410.331
975.721,0,477.67
992.215,0,318.23
80
-1111.5,0,-422
949.176,0,237.914
966.211,0,273.333
962.588,0,280.309
958.426,0,322.434
923.007,0,339.469
980.162,0,280.579
965.401,0,326.056
923.007,0,339.469
1014.23,0,351.416
1027.37,0,411.385
1061.71,0,464.648
1010.61,0,358.392
960.7,0,403.33
977.195,0,473.898
993.575,0,322.973
81
-1115.5,0,-418.5
949.721,0,238.188
973.495,0,278.323
969.69,0,285.361
964.743,0,328.157
932.217,0,337.856
987.57,0,285.932
964.743,0,328.157
921.375,0,341.089
1014,0,354.788
1033.4,0,419.84
1067.45,0,474.621
1010.2,0,361.826
965.69,0,410.516
985.087,0,475.568
993.464,0,325.495
82
-1121,0,-424.5
958.018,0,235.833
971.431,0,278.228
967.808,0,285.204
967.268,0,320.353
931.85,0,337.388
989.005,0,278.498
963.646,0,327.328
924.874,0,333.765
1012.48,0,352.688
1032.59,0,416.28
1070.56,0,462.567
1012.48,0,352.688
965.92,0,408.225
986.038,0,471.817
995.442,0,317.269
83
-1133.5,0,-427
953.346,0,236.749
968.834,0,279.271
965.455,0,286.522
966.44,0,322.286
931.169,0,341.153
990.588,0,289.409
970.312,0,332.916
923.918,0,337.773
1021.07,0,356.571
1037.05,0,416.975
1074.29,0,469.635
1010.44,0,360.443
965.524,0,418.946
992.134,0,475.478
998.824,0,328.552
84
-1132.5,0,-419.5
954.194,0,233.675
974.828,0,279.583
964.248,0,282.992
970.891,0,321.729
935.564,0,338.953
992.404,0,279.758
967.306,0,328.724
928.569,0,335.368
1016.27,0,353.822
1036.73,0,417.305
1074.94,0,463.389
1016.27,0,353.822
970.012,0,409.607
997.466,0,476.676
999.047,0,318.495
85
-1136,0,-422.5
951.725,0,238.534
976.245,0,278.217
968.901,0,292.432
968.427,0,328.206
936.088,0,338.511
990.46,0,285.562
968.427,0,328.206
925.308,0,341.946
1018.18,0,353.911
1038.79,0,418.589
1077.52,0,465.617
1014.51,0,361.019
974.349,0,421.313
998.632,0,478.883
997.093,0,325.008
86
-1142,0,-422.5
952.226,0,237.982
975.502,0,277.466
971.75,0,284.373
970.553,0,319.506
941.729,0,339.628
993.069,0,278.064
966.8,0,326.412
934.822,0,335.875
1015.15,0,352.681
1034.07,0,416.638
1081.82,0,460.472
1015.15,0,352.681
974.468,0,411.09
1004.05,0,471.893
998.779,0,316.95
87
-1149,0,-421.5
957.878,0,238.089
973.901,0,274.253
966.205,0,288.281
975.337,0,320.665
939.271,0,337.379
987.684,0,281.815
971.489,0,327.679
928.532,0,340.612
1019.73,0,354.143
1027.25,0,422.144
1078.54,0,459.403
1008.99,0,357.377
974.361,0,420.502
1007.21,0,475.022
999.859,0,324.993
88
-1153,0,-422.5
960.084,0,233.228
974.906,0,275.416
971.486,0,282.542
972.056,0,317.889
944.121,0,339.553
992.58,0,275.131
975.761,0,328.436
926.447,0,339.838
1015.1,0,356.086
1026.79,0,423.074
1080.38,0,457.565
1015.1,0,356.086
977.187,0,416.802
1017.09,0,479.799
996.855,0,321.025
89
-1161.5,0,-422
957.77,0,236.541
976.936,0,271.107
970.475,0,285.536
971.982,0,320.855
937.416,0,340.021
991.365,0,277.568
971.982,0,320.855
930.202,0,336.79
1019.25,0,350.683
1022.27,0,421.321
1076.75,0,454.381
1016.02,0,357.898
979.732,0,419.597
1024.53,0,474.3
1000.09,0,316.118
90
-1169,0,-424
960.133,0,231.035
977.465,0,266.291
970.343,0,280.298
977.111,0,318.997
948.86,0,339.89
998.477,0,276.974
973.55,0,326.001
934.852,0,332.769
1015.57,0,347.366
1011.54,0,424.645
1078.14,0,449.69
1022.58,0,350.927
986.968,0,420.966
1021.75,0,473.908
1005.24,0,315.672
91
-1174,0,-423.5
961.892,0,234.536
979.808,0,270.299
972.663,0,284.615
972.691,0,320.393
944.085,0,341.881
994.124,0,277.444
979.849,0,323.965
936.927,0,338.308
1019.23,0,352.556
1012.12,0,420.538
1065.82,0,456.274
1026.38,0,356.129
990.661,0,427.71
1037.21,0,477.762
1001.31,0,316.793
92
-1178,0,-423.5
966.042,0,234.158
983.69,0,270.055
976.438,0,284.317
976.198,0,320.094
947.433,0,341.367
997.952,0,277.306
979.704,0,330.85
940.302,0,337.741
1011.73,0,356.11
1011.25,0,427.663
1061.17,0,453.043
1029.62,0,356.23
993.365,0,427.543
1039.54,0,477.942
1004.84,0,316.708
93
-1188,0,-427
963.396,0,237.576
982.272,0,272.325
975.733,0,286.928
976.997,0,322.556
945.675,0,334.827
996.614,0,278.747
973.727,0,329.857
935.235,0,338.917
1013.48,0,356.425
991.229,0,425.349
1048.6,0,451.038
1023.92,0,352.335
991.229,0,425.349
1038.79,0,472.942
1005.05,0,317.586
94
-1194,0,-427
960.066,0,235.05
986.072,0,273.595
982.69,0,280.737
983.623,0,316.153
945.022,0,341.593
1000.53,0,280.442
980.241,0,323.295
937.792,0,338.169
1009.63,0,354.698
986.423,0,422.402
1044.73,0,467.499
1034.7,0,357.827
1011.5,0,425.53
1051.96,0,470.923
1008.7,0,319.282
95
-1201,0,-427
966.233,0,233.783
983.77,0,269.734
987.242,0,280.502
976.123,0,319.749
947.292,0,340.934
998.01,0,277.03
979.595,0,330.517
940.172,0,337.286
1011.55,0,355.876
978.718,0,419.956
1035.5,0,467.025
1029.44,0,356.051
1010.85,0,427.427
1049.74,0,474.321
1004.78,0,316.453
96
-1208.5,0,-427.5
968.017,0,234.996
987.523,0,269.918
981.029,0,284.541
982.664,0,320.28
947.742,0,339.785
1002.15,0,276.411
979.417,0,327.592
940.43,0,336.538
1009.48,0,358.449
976.194,0,413.694
1017.63,0,458.357
1027.35,0,357.632
1012.75,0,429.929
1061.5,0,477.838
1007.85,0,322.71
97
-1215.5,0,-427.5
960.792,0,232.042
988.433,0,268.835
985.454,0,276.106
977.879,0,315.456
944.022,0,335.551
995.747,0,271.831
974.901,0,322.727
936.707,0,332.555
1012.83,0,355.246
967.065,0,404.424
1009.34,0,447.21
1030.44,0,353.967
1018.27,0,425.397
1067.85,0,471.179
1010.12,0,320.17
98
-1224,0,-428
962.825,0,231.32
987.981,0,270.603
991.59,0,281.326
973.803,0,317.154
948.8,0,331.536
995.147,0,274.16
977.411,0,327.877
938.077,0,335.144
1016.85,0,356.386
959.727,0,399.482
995.657,0,453.045
1034.74,0,356.335
1024.22,0,431.497
1074.43,0,474.287
1009.58,0,317.052
99
-1227.5,0,-427.5
966.943,0,230.643
984.42,0,265.846
998.461,0,272.917
980.784,0,308.02
952.601,0,329.031
991.44,0,269.382
973.713,0,322.061
935.025,0,328.981
1012.3,0,350.294
959.472,0,385.296
983.918,0,441.611
1029.88,0,350.344
1026.14,0,427.67
1075.24,0,469.994
1005.38,0,311.605
100
-1233.5,0,-427
964.217,0,225.004
990.459,0,262.913
994.403,0,273.376
978.106,0,309.396
946.717,0,321.23
987.199,0,270.117
974.847,0,316.6
936.253,0,325.174
1011.55,0,350.564
952.717,0,384.695
976.384,0,447.475
1029.22,0,349.879
1039.16,0,423.807
1079.81,0,468.235
1006.24,0,304.766
101
-1240.5,0,-427
964.859,0,227.734
984.401,0,262.356
999,0,268.904
982.908,0,304.778
979.689,0,311.953
991.701,0,265.63
969.172,0,315.854
937.619,0,327.556
1009.75,0,342.674
950.724,0,376.527
964.691,0,443.122
1034.87,0,345.322
1045.61,0,419.092
1094.35,0,466.81
1008.02,0,307.426
102
-1247,0,-428
965.074,0,218.603
982.763,0,253.809
996.862,0,260.776
982.891,0,306.803
972.337,0,310.411
986.309,0,264.383
965.287,0,306.927
930.123,0,324.84
1007.63,0,345.493
944.308,0,367.136
955.033,0,434.189
1025.23,0,345.369
1043.01,0,415.905
1088.9,0,465.045
1004,0,299.589
103
-1254.5,0,-428.5
965.655,0,220.483
986.307,0,254.739
990.72,0,265.157
1027.8,0,280.17
1018.79,0,302.416
983.305,0,262.154
965.289,0,306.645
934.035,0,319.882
1011.19,0,342.494
941.267,0,365.966
946.906,0,437.297
1018.6,0,345.497
1052.49,0,411.006
1099.8,0,464.688
1000.95,0,303.825
104
-1260,0,-428.5
962.722,0,216.805
983.211,0,250.38
987.605,0,260.6
1024.14,0,275.167
1012.49,0,304.396
980.298,0,257.687
962.818,0,301.531
932.157,0,314.713
1008.14,0,336.539
939.512,0,359.99
938.128,0,427.188
1015.45,0,339.452
1049.12,0,403.689
1093.01,0,463.532
997.874,0,298.57
105
-1270.5,0,-429.5
962.388,0,212.98
982.811,0,246.855
994.507,0,260.126
1031.17,0,274.973
984.024,0,307.092
979.841,0,254.188
962.025,0,298.184
928.15,0,318.607
1007.42,0,333.635
938.271,0,356.846
933.545,0,431.749
1014.75,0,336.604
1048.26,0,401.386
1092.08,0,461.804
997.295,0,295.396
106
-1277.5,0,-429.5
962.947,0,205.879
980.721,0,247.223
995.501,0,253.116
1032.45,0,267.847
1010.33,0,301.85
977.775,0,254.613
960.098,0,298.953
929.09,0,312.284
1005.93,0,334.356
943.918,0,361.018
932.182,0,433.42
1013.32,0,337.302
1050.32,0,394.875
1094.71,0,455.394
995.55,0,295.958
107
-1284.5,0,-429
956.195,0,207.002
977.794,0,239.986
989.931,0,252.754
1026.96,0,266.057
1006.18,0,300.632
975.118,0,247.433
959.067,0,292.115
926.147,0,313.922
995.478,0,330.42
942.395,0,361.8
933.13,0,434.145
1010.29,0,335.741
1046.08,0,399.048
1094.63,0,450.121
994.042,0,287.864
108
-1291,0,-429
960.692,0,196.273
979.443,0,236.784
984.131,0,246.912
1025.92,0,270.779
1010.3,0,290.171
976.71,0,244.164
957.58,0,295.822
927.12,0,309.718
996.638,0,327.07
940.405,0,364.989
930.65,0,436.903
1011.48,0,332.566
1047.03,0,396.08
1095.46,0,447.583
992.728,0,292.055
109
-1297.5,0,-429
953.881,0,199.66
974.375,0,239.594
989.51,0,244.509
1024.9,0,264.322
1015.13,0,294.427
971.931,0,247.12
957.267,0,292.277
924.789,0,315.009
1002.91,0,332.057
940.395,0,369.996
933.534,0,442.646
1012.92,0,326.989
1038.77,0,401.942
1089.54,0,451.706
992.425,0,287.054
110
-1303.5,0,-430
958.213,0,200.57
975.501,0,241.869
997.539,0,251.039
1026.92,0,263.264
1014.83,0,292.338
975.501,0,241.869
954.332,0,292.747
923.221,0,305.383
999.705,0,328.679
938.782,0,371.543
940.949,0,449.184
1010.08,0,324.467
1037.3,0,404.009
1087,0,450.266
989.764,0,290.437
111
-1310.5,0,-430
951.445,0,194.267
977.694,0,237.931
992.616,0,243.459
1027.16,0,264.739
1008.64,0,291.819
974.931,0,245.392
950.886,0,287.394
917.447,0,308.946
1002.28,0,331.888
940.102,0,385.218
947.835,0,455.962
1009.74,0,334.652
1024.94,0,408.16
1086.56,0,447.957
993.719,0,286.292
112
-1319.5,0,-430
954.136,0,199.666
971.941,0,240.485
979.269,0,243.362
1020.36,0,267.95
1001.52,0,294.385
971.941,0,240.485
951.804,0,291.78
918.313,0,312.462
997.346,0,326.573
942.144,0,381.017
955.77,0,454.024
1004.67,0,329.45
1015.42,0,409.784
1078.5,0,443.003
986.869,0,288.631
113
-1327,0,-430
951.521,0,198.957
970.394,0,239.547
985.259,0,244.976
1016.99,0,273.415
998.703,0,300.432
970.394,0,239.547
951.391,0,291.577
918.234,0,313.164
1005.42,0,328.159
948.547,0,391.629
963.995,0,464.665
1002.71,0,335.592
1008.01,0,413.346
1072.19,0,445.211
986.552,0,287.57
114
-1335,0,-428.5
949.69,0,197.628
967.553,0,238.539
982.27,0,244.357
1013.28,0,273.54
1004.6,0,295.495
964.66,0,245.857
947.3,0,289.768
913.651,0,310.314
997.492,0,334.997
956.735,0,395.044
973.277,0,460.819
1007.74,0,330.587
1000.89,0,412.499
1064.22,0,446
989.881,0,289.677
115
-1345,0,-428.5
943.907,0,197.418
966.805,0,237.76
982.52,0,246.098
1013.56,0,278.68
988.551,0,325.823
966.613,0,245.714
941.6,0,292.856
909.211,0,315.947
996.312,0,333.968
954.816,0,404.586
985.091,0,468.981
996.312,0,333.968
986.244,0,421.261
1057.25,0,446.851
989.32,0,294.01
116
-1352,0,-431
952.802,0,197.911
971.109,0,239.022
975.686,0,249.3
958.583,0,293.864
935.177,0,310.445
968.259,0,246.45
940.878,0,295.591
914.622,0,319.599
991.746,0,340.676
966.092,0,407.523
998.13,0,479.467
1009.45,0,338.95
978.096,0,420.651
1044.94,0,446.305
991.143,0,297.839
117
-1360,0,-431
939.486,0,204.943
964.044,0,243.926
972.103,0,251.646
949.649,0,299.681
918.562,0,316.263
964.236,0,251.836
941.782,0,299.871
903.019,0,324.555
998,0,346.004
968.252,0,417.962
1001.06,0,472.576
998,0,346.004
968.252,0,417.962
1031.76,0,440.172
988.985,0,298.73
118
-1366.5,0,-430
945.527,0,208.541
973.124,0,245.827
977.424,0,256.224
973.832,0,306.411
970.784,0,313.759
970.076,0,253.175
941.39,0,301.566
907.152,0,321.815
1008.78,0,346.745
973.996,0,409.833
1022.39,0,438.518
1001.43,0,343.697
953.203,0,418.433
1022.39,0,438.518
987.277,0,294.762
119
-1373,0,-429.5
945.024,0,207.275
968.499,0,251.82
975.707,0,254.963
964.063,0,301.356
922.66,0,317.622
968.499,0,251.82
939.295,0,299.138
905.101,0,318.546
1005.1,0,344.977
980.884,0,420.205
1016.93,0,435.916
997.888,0,341.835
944.841,0,404.494
1013.78,0,443.124
988.831,0,303.574
120
-1380.5,0,-430
944.604,0,205.508
968.86,0,249.609
973.109,0,259.882
962.299,0,306.457
924.221,0,316.192
965.848,0,256.87
937.505,0,304.682
903.676,0,324.689
1007.1,0,342.061
984.242,0,417.678
1034.53,0,481.087
996.827,0,346.309
940.679,0,399.608
995.752,0,430.962
990.104,0,300.971
121
-1388.5,0,-429.5
944.584,0,207.565
961.726,0,248.891
973.321,0,262.246
962.491,0,309.12
916.88,0,315.931
966.012,0,259.223
937.543,0,307.36
896.216,0,324.502
1000.3,0,341.875
995.016,0,416.721
1038.37,0,477.448
1000.3,0,341.875
929.239,0,389.515
985.947,0,438.647
983.154,0,300.549
122
-1397.5,0,-429.5
938.644,0,209.024
963.193,0,253.659
970.542,0,256.707
959.601,0,303.846
910.666,0,317.998
970.542,0,256.707
934.507,0,302.05
900.269,0,322.299
1001.9,0,347.228
996.507,0,422.509
1050.45,0,479.336
1001.9,0,347.228
926.071,0,384.678
972.665,0,438.458
984.694,0,305.642
123
-1406.5,0,-431
944.233,0,203.656
959.77,0,245.767
963.654,0,256.295
958.178,0,306.29
908.957,0,318.764
970.85,0,259.588
933.281,0,303.646
898.451,0,322.706
994.728,0,340.518
1000.9,0,422.096
1048.53,0,470.145
994.728,0,340.518
917.871,0,375.345
958.878,0,437.864
979.191,0,298.406
124
-1415.5,0,-432
940.246,0,205.833
959.089,0,246.708
956.335,0,254.173
954.74,0,304.469
909.155,0,313.093
971.264,0,259.681
929.592,0,303.671
888.717,0,322.514
991.266,0,343.387
1006.56,0,416.875
1062.72,0,471.52
991.266,0,343.387
922.489,0,368.897
945.245,0,445.139
975.178,0,295.047
125
-1425.5,0,-431.5
937.096,0,198.066
955.77,0,238.759
957.685,0,256.353
951.344,0,296.21
903.23,0,312.131
967.859,0,251.685
926.329,0,295.374
893.056,0,316.8
987.612,0,334.988
1010.12,0,410.869
1058.47,0,462.573
987.612,0,334.988
916.398,0,367.666
931.483,0,440.796
976.359,0,297.047
126
-1433,0,-431.5
936.332,0,200.5
955.177,0,241.38
952.423,0,248.846
928.431,0,290.885
895.017,0,312.484
959.888,0,251.6
925.677,0,298.35
884.797,0,317.195
987.358,0,338.07
1002.65,0,411.567
1061.58,0,458.752
987.358,0,338.07
908.353,0,368.295
916.181,0,439.036
968.513,0,297.191
127
-1443.5,0,-433
930.881,0,193.282
949.655,0,234.194
954.349,0,244.422
945.206,0,291.954
904.294,0,310.728
961.81,0,247.189
920.056,0,291.113
886.605,0,312.654
981.669,0,330.94
1004.3,0,407.229
1060.37,0,461.978
978.902,0,338.4
910.073,0,363.794
907.55,0,439.243
970.356,0,292.795
128
-1450,0,-433
934.738,0,188.295
943.964,0,233.891
948.799,0,244.054
940.439,0,291.979
892.515,0,309.131
956.272,0,246.666
915.379,0,291.697
882.403,0,314.072
974.725,0,337.856
993.62,0,403.779
1050.33,0,457.491
982.198,0,340.468
911.411,0,375.054
902.608,0,448.246
965.498,0,292.261
129
-1464,0,-434
926.726,0,186.493
946.122,0,233.326
943.919,0,240.93
923.093,0,284.349
883.863,0,305.949
951.522,0,243.134
913.285,0,289.749
874.055,0,311.349
975.108,0,332.394
985.69,0,409.642
1047.51,0,452.287
975.108,0,332.394
911.856,0,380.002
899.627,0,450.639
963.315,0,287.764
130
-1471,0,-434
927.027,0,186.297
944.625,0,233.835
949.647,0,243.841
919.668,0,283.943
887.158,0,306.525
952.139,0,236.327
909.662,0,288.966
877.151,0,311.548
969.815,0,333.935
977.445,0,411.531
1042.58,0,441.472
979.821,0,328.913
912.309,0,381.59
904.911,0,454.202
959.731,0,288.888
131
-1480.5,0,-433.5
919.651,0,186.122
939.928,0,226.311
942.509,0,243.916
920.017,0,286.776
879.829,0,307.053
952.556,0,238.847
909.97,0,291.845
869.781,0,312.122
973.016,0,329.362
960.754,0,417.48
1031.27,0,432.322
973.016,0,329.362
912.824,0,384.941
913.099,0,460.432
962.786,0,284.104
132
-1489,0,-436.5
915.591,0,189.665
934.106,0,230.166
938.734,0,240.292
914.867,0,281.806
944.375,0,292.799
948.86,0,235.663
904.742,0,286.434
871.618,0,307.697
965.639,0,325.923
950.161,0,412.567
1019.3,0,429.925
973.016,0,328.671
908.647,0,388.7
923.546,0,461.458
957.249,0,280.793
133
-1499.5,0,-437.5
913.914,0,183.997
939.055,0,227.793
943.508,0,238.026
926.24,0,282.253
885.406,0,300.289
943.508,0,238.026
898.492,0,288.409
864.989,0,309.307
958.712,0,328.91
944.594,0,408.346
1006.12,0,423.872
966.043,0,331.772
915.272,0,396.897
936.232,0,473.039
951.11,0,283.468
134
-1506.5,0,-437.5
914.231,0,187.869
934.224,0,227.662
939.222,0,237.61
914.425,0,287.447
884.581,0,302.442
939.222,0,237.61
899.479,0,282.498
864.685,0,312.439
951.84,0,324.716
927.091,0,399.448
994.35,0,421.722
966.786,0,329.666
917.143,0,404.447
944.658,0,471.608
949.268,0,282.4
135
-1516.5,0,-437.5
910.748,0,194.697
930.909,0,234.672
935.95,0,244.666
898.782,0,282.815
866.514,0,305.825
938.399,0,237.096
896.333,0,290.385
856.575,0,310.971
948.904,0,332.485
909.428,0,403.338
976.838,0,425.151
966.333,0,329.762
924.408,0,408.185
957.242,0,485.711
946.172,0,289.787
136
-1529.5,0,-437.5
904.55,0,193.956
924.149,0,234.346
929.049,0,244.443
895.979,0,291.98
863.181,0,314.367
929.049,0,244.443
888.494,0,289.408
855.695,0,311.795
948.106,0,335.13
892.309,0,400.1
974.649,0,428.389
965.663,0,332.748
929.736,0,412.959
971.521,0,486.212
946.063,0,292.359
137
-1538.5,0,-438.5
905.938,0,191.424
924.51,0,232.175
943.984,0,247.907
991.248,0,257.126
969.971,0,291.43
926.381,0,249.778
884.728,0,293.368
851.393,0,314.713
945.922,0,333.15
881.121,0,393.442
930.257,0,420.264
960.752,0,338.695
937.672,0,423.036
983.133,0,482.292
944.953,0,290.528
138
-1549,0,-438.5
904.462,0,197.141
924.946,0,237.362
940.149,0,242.349
990.878,0,267.365
990.878,0,267.365
919.985,0,252.486
879.817,0,297.939
841.969,0,310.651
943.269,0,335.504
877.816,0,381.038
931.187,0,423.672
958.472,0,340.491
948.87,0,421.097
994.799,0,486.416
940.469,0,292.708
139
-1558,0,-439.5
898.367,0,200.656
921.016,0,233.13
941.1,0,248.084
986.224,0,262.951
983.746,0,270.472
916.06,0,248.171
876.153,0,293.382
836.158,0,313.553
946.404,0,333.202
866.415,0,373.545
914.191,0,430.971
953.924,0,335.68
951.708,0,418.321
997.006,0,483.268
936.231,0,288.165
140
-1566.5,0,-439.5
898.637,0,195.89
916.739,0,236.863
946.275,0,248.299
990.581,0,265.452
954.133,0,293.797
911.021,0,251.631
868.855,0,294.744
838.126,0,308.32
947.223,0,333.577
860.752,0,359.536
895.288,0,423.854
947.223,0,333.577
948.17,0,418.855
1007.72,0,484.366
936.506,0,295.463
141
-1578,0,-439.5
891.429,0,196.059
910.957,0,236.884
941.133,0,247.532
983.736,0,271.048
950.455,0,293.239
905.633,0,251.972
864.366,0,296.794
826.203,0,308.778
944.689,0,333.621
858.157,0,362.471
877.243,0,428.59
942.027,0,341.165
963.333,0,425.035
1017.92,0,486.714
932.705,0,295.458
142
-1585.5,0,-440.5
893.793,0,189.761
912.699,0,230.628
942.585,0,241.609
981.925,0,273.023
941.057,0,291.929
899.737,0,242.826
865.577,0,289.637
824.71,0,308.543
942.275,0,334.778
848.342,0,359.627
863.738,0,433.126
932.058,0,339.504
969.869,0,421.239
1018.66,0,473.087
926.114,0,286.439
143
-1594,0,-440.5
892.965,0,185.759
904.696,0,230.908
935.394,0,239.942
974.666,0,276.517
937.192,0,290.507
892.504,0,243.998
853.671,0,290.945
816.197,0,304.934
933.574,0,331.138
843.277,0,354.6
853.648,0,432.705
931.315,0,338.813
966.969,0,416.019
1017.07,0,472.46
919.584,0,293.664
144
-1602.5,0,-440.5
888.996,0,186.833
903.865,0,223.543
932.471,0,239.306
972.341,0,274.437
927.973,0,287.28
890.129,0,244.491
847.34,0,282.335
808.603,0,304.863
925.5,0,327.597
844.42,0,355.31
839.475,0,435.943
923.474,0,335.255
968.529,0,412.729
1012,0,465.202
920.315,0,285.254
145
-1614.5,0,-440.5
884.161,0,181.619
897.266,0,228.476
930.65,0,240.939
959.581,0,286.074
927.928,0,289.518
882.305,0,238.151
847.064,0,282.221
801.315,0,303.293
924.341,0,330.144
839.891,0,363.474
823.938,0,437.634
909.38,0,339.819
957.599,0,415.045
1019.91,0,472.643
912.101,0,291.24
146
-1626,0,-440.5
877.496,0,181.416
900.339,0,226.986
929.822,0,241.411
954.325,0,279.195
921.522,0,280.34
881.448,0,239.237
840.344,0,279.311
796.435,0,294.369
919.348,0,328.715
837.655,0,368.275
821.055,0,446.133
909.902,0,334.841
951.122,0,408.747
1020.68,0,464.277
912.076,0,286.466
147
-1636,0,-441.5
879.831,0,180.978
893.428,0,225.537
922.424,0,240.937
943.75,0,287.404
796.963,0,284.12
874.135,0,237.253
831.713,0,276.22
793.127,0,299.653
909.057,0,328.279
839.614,0,377.054
820.436,0,454.722
901.328,0,326.371
936.251,0,417.397
1009.7,0,452.015
903.189,0,285.629
148
-1645,0,-441.5
869.836,0,177.739
886.489,0,220.823
916.357,0,234.039
931.657,0,284.928
788.457,0,276.191
875.978,0,235.081
828.836,0,275.149
785.752,0,291.802
900.125,0,327.702
834.667,0,380.675
821.141,0,458.727
900.125,0,327.702
925.625,0,412.517
1008.78,0,443.007
900.436,0,279.518
149
-1653,0,-442.5
869.387,0,179.864
884.875,0,223.8
914.501,0,237.945
920.603,0,288.147
900.363,0,267.736
866.103,0,236.331
825.39,0,277.078
781.626,0,292.723
895.495,0,332.045
836.01,0,385.323
826.39,0,473.157
895.495,0,332.045
909.283,0,424.607
995.11,0,441.942
897.196,0,283.419
150
-1661,0,-442
869.016,0,178.756
885.907,0,222.238
908.208,0,234.181
915.862,0,284.195
779.115,0,276.969
867.432,0,235.302
819.891,0,275.847
777.762,0,284.854
891.976,0,328.799
832.492,0,391.646
842.62,0,474.552
891.976,0,328.799
899.398,0,427.474
979.598,0,433.117
892.207,0,280.137
151
-1674,0,-442
857.337,0,179.75
874.921,0,222.7
905.187,0,235.383
813.828,0,253.611
778.746,0,272.398
864.645,0,237.231
810.216,0,277.213
768.47,0,286.929
882.873,0,328.591
839.363,0,402.451
852.13,0,476.871
882.873,0,328.591
884.161,0,425.41
970.704,0,438.653
881.025,0,288.049
152
-1685,0,-442
861.039,0,180.525
868.695,0,230.043
898.734,0,243.231
886.873,0,265.298
868.317,0,326.387
850.328,0,242.96
804.41,0,275.253
762.51,0,284.132
882.667,0,336.883
839.239,0,401.739
866.411,0,478.707
882.667,0,336.883
860.095,0,421.385
946.385,0,436.189
882.856,0,288.711
153
-1700,0,-443
852.771,0,186.993
863.115,0,228.393
893.566,0,240.599
889.226,0,271.973
864.778,0,332.542
853.061,0,242.989
800.331,0,275.664
759.826,0,278.055
880.547,0,334.723
844.959,0,417.732
875.7,0,485.934
872.662,0,333.632
844.959,0,417.732
930.6,0,437.572
878.087,0,294.414
154
-1712.5,0,-442.5
850.509,0,186.377
858.548,0,235.808
880.732,0,247.421
852.22,0,274.89
858.993,0,332.138
849.466,0,242.358
796.238,0,273.847
755.89,0,275.335
882.443,0,335.935
845.07,0,418.12
881.844,0,488.246
865.544,0,341.22
829.437,0,415.588
906.337,0,436.062
873.138,0,294.321
155
-1720.5,0,-442.5
839.425,0,198.36
854.981,0,235.844
873.695,0,248.358
847.117,0,277.978
756.592,0,271.606
850.274,0,253.008
789.37,0,273.213
740.979,0,274.706
876.679,0,345.14
842.237,0,416.894
888.963,0,488.762
868.873,0,346.69
809.46,0,415.286
879.664,0,441.921
867.38,0,298.299
156
-1730.5,0,-442.5
830.857,0,196.431
852.574,0,241.558
870.286,0,255.265
868.438,0,303.395
849.879,0,345.673
837.865,0,251.415
776.028,0,267.279
736.754,0,272.285
873.444,0,342.669
852.036,0,425.222
899.32,0,483.055
865.589,0,343.671
794.049,0,408.666
863.896,0,455.64
859.582,0,296.542
157
-1737.5,0,-442.5
826.458,0,193.171
846.612,0,239.524
863.844,0,254.011
860.343,0,302.533
841.071,0,352.502
832.303,0,256.903
777.837,0,269.932
729.795,0,266.305
864.727,0,350.332
856.263,0,431.445
909.42,0,490.838
856.842,0,351.056
782.373,0,406.087
835.53,0,465.48
852.458,0,303.256
158
-1741.5,0,-442.5
822.935,0,191.81
844.033,0,245.283
857.972,0,256.467
855.621,0,304.83
670.099,0,329.57
834.522,0,251.357
765.211,0,268.837
726.128,0,260.32
862.781,0,347.12
861.467,0,428.294
915.526,0,480.804
854.964,0,345.417
778.874,0,394.004
820.033,0,468.14
847.804,0,303.127
159
-1748.5,0,-442
827.244,0,194.955
831.95,0,245.332
845.721,0,256.75
798.97,0,245.872
800.242,0,205.1
830.137,0,253.124
768.343,0,271.601
721.591,0,260.724
849.155,0,347.899
862.193,0,433.07
923.256,0,488.345
849.155,0,347.899
772.317,0,395.731
794.96,0,474.922
842.636,0,305.314
160
-1757.5,0,-442.5
817.191,0,197.472
827.226,0,239.116
833.937,0,248.119
786.898,0,241.38
792.542,0,201.982
663.654,0,263.93
767.831,0,262.772
720.792,0,256.033
836.071,0,344.92
856.143,0,428.208
632.109,0,428.278
662.463,0,328.09
663.53,0,376.49
672.437,0,426.014
833.876,0,304.399
161
-1766.5,0,-443.5
805.732,0,197.345
819.614,0,243.985
626.196,0,267.249
618.678,0,306.536
622.025,0,331.612
815.938,0,254.685
686.718,0,300.007
693.576,0,332.271
639.913,0,331.777
857.254,0,430.381
646.112,0,435.592
664.989,0,328.43
753.769,0,400.805
681.888,0,435.921
650.942,0,299.678
162
-1776.5,0,-444.5
803.443,0,201.585
806.435,0,246.51
823.643,0,250.831
771.27,0,226.637
626.117,0,333.755
689.716,0,272.42
691.959,0,306.113
699.441,0,333.76
654.549,0,337.212
846.834,0,429.668
688.964,0,430.52
676.995,0,335.486
749.569,0,408.926
650.058,0,439.157
663.528,0,302.656
163
-1785.5,0,-445.5
791.056,0,200.682
802.729,0,245.344
651.892,0,274.944
757.709,0,223.431
635.756,0,336.697
691.016,0,268.929
702.569,0,302.395
714.123,0,335.861
658.147,0,336.458
658.744,0,392.434
659.222,0,437.215
680.537,0,336.219
686.672,0,386.538
692.807,0,436.857
668.984,0,302.753
164
-1794.5,0,-446.5
781.476,0,206.667
790.327,0,251.895
649.576,0,271.842
647.854,0,305.288
646.133,0,338.734
700.017,0,269.121
709.44,0,303.2
718.864,0,337.28
668.424,0,340.001
666.128,0,384.596
669.119,0,435.081
690.714,0,341.269
742.998,0,411.33
702.555,0,436.983
676.005,0,301.298
165
-1804,0,-447
775.29,0,204.136
786.779,0,245.374
658.617,0,272.896
654.177,0,306.26
649.737,0,339.624
790.116,0,262.828
726.775,0,271.028
724.192,0,332.967
678.26,0,337.919
677.156,0,388.737
676.053,0,439.554
695.669,0,334.672
705.679,0,387.032
715.689,0,439.391
682.7,0,304.555
166
-1812.5,0,-447
766.084,0,205.728
693.751,0,254.07
667.448,0,271.648
660.905,0,304.56
665.333,0,339.652
783.696,0,260.547
717.906,0,275.978
735.518,0,330.797
682.879,0,337.438
783.892,0,431.647
680.796,0,433.959
707.001,0,330.83
729.04,0,420.742
731.319,0,495.321
695.998,0,300.132
167
-1822,0,-449
759.125,0,203.835
775.3,0,249.444
772.196,0,260.258
759.125,0,203.835
765.331,0,182.207
772.196,0,260.258
715.773,0,273.33
689.537,0,242.391
779.814,0,356.083
768.905,0,434.888
839.998,0,431.878
779.814,0,356.083
725.648,0,422.475
732.512,0,500.526
774.453,0,313.578
168
-1827,0,-449.5
711.475,0,220.792
715.093,0,253.577
688.08,0,274.127
683.771,0,305.836
679.462,0,337.544
770.583,0,261.118
744.647,0,273.74
685.539,0,233.414
774.588,0,350.471
704.708,0,389.416
706.172,0,438.056
728.102,0,336.08
733.185,0,417.506
746.194,0,500.009
772.047,0,309.758
169
-1840,0,-450.5
752.532,0,205.044
720.157,0,253.084
700.098,0,263.291
695.349,0,303.588
693.063,0,336.317
740.394,0,268.04
697.634,0,270.858
687.25,0,225.636
771.193,0,353.381
741.458,0,419.018
809.381,0,416.023
771.193,0,353.381
731.429,0,424.122
749.557,0,496.97
768.375,0,310.622
170
-1848,0,-453
742.073,0,206.291
752.897,0,247.754
759.799,0,256.642
750.962,0,199.389
755.928,0,159.913
750.911,0,263.544
686.756,0,263.494
682.834,0,230.92
763.671,0,353.371
708.354,0,410.574
760.641,0,441.212
763.671,0,353.371
731.047,0,421.449
761.584,0,497.472
761.735,0,305.007
171
-1857,0,-454
740.817,0,197.275
749.585,0,246.592
756.27,0,255.579
749.803,0,190.59
776.107,0,338.541
739.447,0,261.113
683.445,0,260.895
673.526,0,219.413
751.448,0,342.925
695.227,0,398.709
756.764,0,415.75
759.284,0,344.076
730.955,0,427.97
768.765,0,497.562
749.366,0,302.595
172
-1864.5,0,-454
732.505,0,197.237
744.406,0,238.418
765.804,0,264.545
777.705,0,305.726
790.394,0,338.986
734.909,0,253.472
678.674,0,255.876
673.906,0,223.404
757.923,0,343.754
681.906,0,384.186
736.564,0,397.624
742.081,0,342.178
741.332,0,430.096
774.631,0,497.404
746.022,0,302.573
173
-1874.5,0,-455
723.905,0,193.977
734.888,0,235.382
750.615,0,237.27
740.581,0,187.962
730.688,0,403.238
725.126,0,250.244
668.184,0,259.441
666.014,0,211.078
747.091,0,333.053
671.575,0,364.072
781.937,0,441.46
738.279,0,340.012
744.517,0,420.933
783.158,0,497.727
743.972,0,292.593
174
-1882.5,0,-456
724.532,0,183.001
734.047,0,232.669
748.785,0,242.679
733.469,0,176.109
738.693,0,136.451
717.218,0,238.521
667.777,0,248.146
665.11,0,207.449
729.4,0,328.886
662.086,0,352.295
712.104,0,399.23
736.247,0,337.857
749.473,0,420.291
787.42,0,497.912
734.624,0,289.229
175
-1891.5,0,-457
767.302,0,226.229
765.54,0,258.18
749.346,0,265.299
739.267,0,304.804
746.263,0,321.214
796.607,0,267.905
802.282,0,308.279
665.342,0,212.595
752.818,0,345.612
657.855,0,348.388
702.474,0,398.922
784.767,0,339.362
790.001,0,387.723
802.672,0,444.507
770.774,0,306.542
176
-1898.5,0,-457
779.537,0,222.613
779.027,0,262.409
754.825,0,278.02
746.417,0,309.755
746.009,0,341.592
707.441,0,229.649
651.241,0,244.85
667.75,0,205.258
770.007,0,341.9
650.119,0,332.402
689.299,0,396.59
794.005,0,342.208
801.392,0,390.066
808.779,0,437.925
778.414,0,310.165
177
-1909,0,-458
713.49,0,172.383
712.498,0,220.372
767.329,0,277.518
758.669,0,309.345
758.008,0,341.339
815.484,0,270.511
822.656,0,310.668
830.158,0,334.828
774.005,0,341.669
646.197,0,331.026
668.869,0,395.508
805.998,0,342.331
813.004,0,390.486
819.845,0,446.639
790.662,0,310.007
178
-1914.5,0,-459
789.694,0,225.276
714.194,0,217.548
773.96,0,279.612
768.095,0,312.071
762.229,0,344.53
820.291,0,274.182
832.299,0,305.928
844.308,0,337.673
787.396,0,347.106
792.826,0,393.437
787.674,0,443.77
815.852,0,342.39
817.993,0,396.013
830.715,0,445.633
796.551,0,307.355
179
-1921.5,0,-460
707.661,0,158.953
801.097,0,264.236
783.681,0,278.489
772.602,0,309.367
769.44,0,341.036
831.975,0,275.316
836.73,0,307.775
849.402,0,341.025
793.191,0,343.408
796.365,0,391.701
799.538,0,439.995
817.733,0,337.862
725.11,0,384.586
839.124,0,443.948
705.3,0,262.667
180
-1930.5,0,-460.5
808.648,0,228.493
811.406,0,256.95
793.141,0,274.09
785.139,0,305.746
784.144,0,341.173
839.436,0,272.039
849.201,0,304.268
858.967,0,336.497
801.911,0,341.747
804.172,0,387.918
806.432,0,434.089
830.439,0,339.122
719.087,0,378.079
848.974,0,439.008
704.801,0,253.508
181
-1936,0,-463
814.492,0,225.348
819.732,0,265.345
794.991,0,279.539
784.975,0,310.582
782.852,0,342.155
842.881,0,274.83
856.545,0,307.465
862.315,0,339.569
806.531,0,343.747
811.24,0,391.637
815.949,0,439.528
838.635,0,337.977
709.158,0,376.845
847.522,0,441.651
817.078,0,304.811
182
-1944,0,-463.5
824.513,0,229.629
830.19,0,261.723
805.429,0,275.837
794.782,0,314.711
792.572,0,346.253
853.294,0,271.265
858.417,0,311.245
872.531,0,336.006
816.781,0,340.025
820.8,0,395.775
817.486,0,443.088
840.437,0,341.682
703.623,0,371.72
856.913,0,445.849
826.876,0,309.035
183
-1953,0,-466
834.407,0,232.046
833.251,0,263.424
808.84,0,278.236
807.684,0,309.615
798.584,0,340.701
856.796,0,272.147
871.241,0,311.955
878.319,0,335.782
822.418,0,341.579
828.629,0,388.939
826.607,0,443.852
854.196,0,342.749
860.408,0,390.109
866.33,0,445.315
839.463,0,310.785
184
-1961,0,-467
843.243,0,232.575
842.117,0,264.345
817.57,0,279.38
808.449,0,310.867
807.324,0,342.636
865.821,0,273.137
880.404,0,313.415
887.555,0,337.526
831.309,0,343.486
837.616,0,391.423
835.647,0,447.02
863.289,0,344.618
869.596,0,392.556
875.622,0,448.436
848.424,0,312.283
185
-1969,0,-468
848.517,0,229.634
847.354,0,261.612
830.782,0,277.02
821.333,0,316.703
820.169,0,348.681
878.751,0,278.765
885.582,0,311.035
892.413,0,343.305
836.159,0,349.263
842.408,0,397.522
848.657,0,445.782
868.429,0,342.432
874.387,0,398.686
880.636,0,446.945
853.603,0,309.872
186
-1977,0,-469
854.071,0,232.524
853.039,0,264.291
836.639,0,279.658
827.665,0,311.167
826.375,0,350.876
884.548,0,273.265
891.199,0,313.232
898.367,0,337.315
850.458,0,343.709
848.652,0,399.301
855.045,0,447.21
874.283,0,344.483
880.677,0,392.391
894.754,0,448.5
859.432,0,312.2
187
-1983,0,-470
861.361,0,234.561
859.02,0,266.041
842.109,0,280.611
831.897,0,311.506
828.969,0,350.857
889.915,0,276.253
895.443,0,308.319
908.842,0,340.971
853.165,0,344.743
857.523,0,392.549
861.295,0,448.226
876.776,0,346.499
889.003,0,394.891
893.361,0,442.697
863.377,0,313.848
188
-1990,0,-471
872.149,0,230.709
870.859,0,270.41
846.613,0,277.571
837.327,0,317.012
836.295,0,348.773
894.588,0,279.13
909.547,0,311.411
916.511,0,343.432
860.282,0,349.553
866.73,0,397.454
865.182,0,445.096
892.524,0,342.652
898.713,0,398.494
905.161,0,446.395
877.564,0,310.371
189
-1998,0,-472
874.791,0,233.267
881.567,0,265.093
857.169,0,279.982
847.777,0,319.107
846.614,0,350.641
905.094,0,273.855
911.58,0,313.565
926.295,0,345.685
870.722,0,343.636
876.626,0,399.113
874.882,0,446.415
894.539,0,344.514
900.734,0,392.108
914.578,0,447.878
879.824,0,312.395
190
-2005,0,-473
879.159,0,233.569
884.842,0,265.828
859.946,0,279.995
857.143,0,319.618
854.901,0,351.317
908.055,0,275.434
921.101,0,316.179
927.344,0,340.513
879.235,0,345.074
883.235,0,401.107
879.871,0,448.655
903.009,0,346.756
907.57,0,394.865
919.495,0,451.458
889.402,0,313.936
191
-2013,0,-474
890.759,0,233.086
895.294,0,265.526
869.912,0,278.802
865.707,0,318.301
862.342,0,349.9
918.152,0,275.949
929.746,0,317.131
935.122,0,341.671
886.041,0,352.424
888.894,0,400.664
891.747,0,448.903
910.582,0,347.047
921.334,0,396.128
931.246,0,453.109
898.147,0,313.766
192
-2020,0,-475
900.279,0,234.116
898.225,0,265.827
881.232,0,280.649
870.683,0,319.772
868.629,0,351.483
929.645,0,275.823
935.062,0,315.979
948.976,0,348.724
893.093,0,345.106
897.483,0,401.118
894.403,0,448.685
917.042,0,346.656
929.416,0,403.185
934.319,0,451.269
903.129,0,313.911
193
-2028,0,-476
905.455,0,235.354
904.095,0,267.102
887.429,0,282.292
877.736,0,321.635
876.376,0,353.384
935.726,0,276.409
942.018,0,316.438
956.643,0,348.871
900.694,0,346.474
906.306,0,402.376
904.266,0,449.999
924.672,0,347.501
930.284,0,403.404
944.229,0,451.712
910.047,0,315.068
194
-2035,0,-476.5
907.454,0,234.726
913.315,0,267.173
888.497,0,281.599
885.913,0,321.516
883.845,0,353.449
936.581,0,276.696
949.853,0,317.639
956.23,0,342.102
899.701,0,354.475
912.455,0,403.402
909.354,0,451.301
931.929,0,348.545
936.239,0,404.942
948.993,0,453.868
918.141,0,315.586
195
-2042,0,-478
919.293,0,236.164
917.008,0,268.082
900.017,0,282.907
889.237,0,322.237
886.951,0,354.156
948.133,0,278.331
953.201,0,318.796
967.336,0,343.87
911.295,0,347.878
915.22,0,404.302
919.717,0,452.747
935.068,0,349.58
947.488,0,398.592
959.338,0,455.584
921.505,0,316.527
196
-2049,0,-479
922.429,0,236.511
929.319,0,268.768
904.781,0,283.93
895.405,0,323.63
894.3,0,355.611
953.029,0,277.592
967.638,0,318.12
974.529,0,350.378
918.562,0,348.444
924.624,0,404.687
922.967,0,452.659
942.548,0,349.273
956.605,0,405.792
962.943,0,454.039
935.657,0,317.016
197
-2056,0,-480
935.275,0,236.208
932.966,0,268.125
915.854,0,282.929
904.989,0,322.247
902.68,0,354.164
964.306,0,278.412
969.399,0,318.885
983.049,0,351.956
926.618,0,355.895
931.134,0,404.347
935.65,0,452.799
951.132,0,349.648
963.051,0,406.656
975.546,0,455.685
937.483,0,316.577
198
-2063,0,-481
936.012,0,235.341
943.034,0,267.14
918.558,0,282.176
909.344,0,321.369
908.369,0,352.922
966.535,0,283.658
981.553,0,315.704
988.575,0,347.503
932.358,0,353.663
938.892,0,401.239
937.187,0,456.455
964.586,0,346.763
970.877,0,402.226
977.411,0,449.802
949.568,0,314.716
199
-2070,0,-481
947.898,0,237.091
952.425,0,269.547
926.851,0,282.755
914.615,0,321.383
919.141,0,353.838
975.428,0,280.033
987.052,0,321.249
1000.39,0,346.668
943.001,0,356.426
945.815,0,404.677
948.628,0,452.929
967.718,0,351.116
978.485,0,400.23
988.395,0,457.242
955.238,0,317.798
200
-2077,0,-483
948.327,0,236.512
954.296,0,268.526
929.338,0,282.746
926.82,0,322.125
924.805,0,353.628
985.728,0,278.444
991.193,0,318.333
1005.15,0,350.858
948.756,0,355.16
953.718,0,402.925
950.193,0,458.056
973.211,0,348.816
985.653,0,404.967
990.615,0,452.733
959.258,0,316.291
201
-2083.5,0,-484
961.145,0,238.115
965.611,0,270.796
940.011,0,284.086
927.7,0,322.976
932.166,0,355.657
988.596,0,281.363
1000.14,0,322.868
1013.43,0,348.469
956.023,0,358.272
958.746,0,406.858
961.469,0,455.444
980.752,0,352.935
990.556,0,410.344
1001.23,0,459.802
968.334,0,319.382
202
-2091.5,0,-485
966.288,0,238.849
964.346,0,270.357
947.621,0,285.139
937.316,0,324.039
935.373,0,355.546
995.368,0,280.176
1000.82,0,320.046
1014.63,0,352.525
959.49,0,349.126
963.968,0,404.75
961.054,0,452.012
983.121,0,350.583
995.475,0,406.693
1008.32,0,454.925
969.309,0,318.104
203
-2099,0,-486
972.796,0,241.403
979.343,0,273.732
954.645,0,288.632
945.208,0,320.238
943.402,0,360.197
1002.96,0,282.807
1017.13,0,323.489
1024.04,0,347.826
967.739,0,353.289
973.202,0,409.593
971.035,0,457.544
991.714,0,354.373
1005.17,0,411.038
1010.99,0,459.35
977.176,0,321.683
204
-2105.5,0,-489
973.898,0,241.628
979.928,0,273.838
962.98,0,288.712
953.04,0,319.938
950.596,0,359.585
1011.38,0,283.736
1017.41,0,315.946
1031.42,0,348.648
975.04,0,353.132
979.603,0,409.13
976.67,0,456.706
998.994,0,354.609
1012.03,0,403.169
1024.58,0,459.66
984.98,0,321.907
205
-2112.5,0,-490
989.02,0,241.104
993.251,0,273.816
967.556,0,286.922
954.967,0,325.723
959.198,0,358.435
1016.16,0,284.548
1028.34,0,318.189
1040.51,0,351.831
983.035,0,361.221
985.409,0,409.826
987.783,0,458.43
1007.8,0,356.062
1018.12,0,405.594
1027.51,0,463.073
995.625,0,322.421
206
-2119.5,0,-491
992.378,0,240.902
998.542,0,272.852
974.043,0,287.325
964.018,0,326.297
962.302,0,357.818
1021.75,0,282.019
1035.37,0,322.278
1041.53,0,354.228
986.372,0,351.225
991.249,0,406.815
988.246,0,461.977
1010.01,0,352.512
1022.77,0,408.531
1035.96,0,456.671
995.968,0,320.133
207
-2126.5,0,-492
1001.14,0,235.324
999.046,0,275.269
982.231,0,290.41
972.567,0,321.947
970.474,0,361.893
1030.58,0,284.932
1044.47,0,325.715
1051.2,0,350.101
994.86,0,355.159
999.919,0,411.501
997.407,0,459.436
1018.83,0,356.415
1032.29,0,405.187
1045.34,0,461.947
1004.52,0,323.622
208
-2133.5,0,-493
1004.36,0,240.104
1010.79,0,272.228
986.23,0,286.975
976.413,0,326.284
974.91,0,358.033
1034.23,0,281.293
1048.22,0,321.73
1054.66,0,353.854
998.721,0,359.16
1004.4,0,407.158
1001.77,0,462.718
1030.47,0,360.663
1036.15,0,408.662
1049.39,0,464.973
1008.54,0,319.851
209
-2140.5,0,-494
1007.5,0,238.943
1012.71,0,271.288
995.521,0,285.77
984.221,0,324.679
981.516,0,356.347
1043.7,0,281.911
1056.15,0,322.849
1061.36,0,355.194
1005.27,0,358.376
1008.45,0,414.472
1012.31,0,462.651
1037.61,0,353.165
1040.79,0,409.261
1052.57,0,458.117
1016.57,0,319.467
210
-2147.5,0,-495
1020.11,0,239.486
1024.18,0,271.981
997.849,0,292.845
986.247,0,323.47
990.316,0,355.965
1046.75,0,282.677
1057.71,0,323.997
1069.62,0,357.427
1013.83,0,358.771
1015.07,0,414.936
1017.26,0,463.211
1038.28,0,353.687
1047.36,0,410.787
1057.38,0,459.997
1026.37,0,320.256
211
-2155,0,-495.5
1024.82,0,241.059
1031.14,0,273.205
1006.53,0,287.866
996.573,0,327.141
994.959,0,358.883
1054.54,0,282.351
1068.4,0,322.837
1074.72,0,354.983
1018.77,0,360.094
1024.28,0,408.112
1021.46,0,463.662
1050.91,0,353.773
1056.02,0,409.726
1069.07,0,466.083
1028.72,0,320.819
212
-2158.5,0,-497.5
1029.59,0,239.992
1034.77,0,272.342
1008.96,0,294.037
1006.22,0,325.703
1003.49,0,357.369
1065.75,0,282.996
1070.24,0,323.263
1083.33,0,356.297
1027.24,0,359.422
1030.36,0,415.522
1034.17,0,463.704
1051.67,0,353.559
1062.71,0,410.343
1074.44,0,459.211
1038.57,0,320.525
213
-2165,0,-498
1035.31,0,241.058
1040.54,0,273.399
1015.45,0,287.223
1012.1,0,326.811
1009.41,0,358.482
1071.54,0,283.999
1076.11,0,324.257
1089.26,0,357.269
1033.17,0,360.493
1036.39,0,416.587
1040.29,0,464.763
1057.59,0,354.587
1068.73,0,411.351
1080.55,0,460.198
1044.44,0,321.575
214
-2171,0,-499
1041.55,0,241.892
1046.75,0,274.026
1021.64,0,287.698
1018.24,0,327.011
1015.52,0,358.461
1077.74,0,284.627
1082.25,0,324.624
1096.05,0,349.581
1039.27,0,360.514
1043.11,0,408.374
1046.27,0,464.097
1063.7,0,354.705
1074.77,0,411.112
1086.53,0,459.657
1050.59,0,321.886
215
-2178.5,0,-500
1047.46,0,243.036
1052.66,0,275.383
1027.55,0,289.178
1024.15,0,328.762
1021.43,0,360.429
1083.65,0,286.018
1096.08,0,326.961
1101.96,0,351.391
1045.18,0,362.468
1049.02,0,410.648
1052.18,0,466.746
1069.61,0,356.59
1080.69,0,413.367
1092.45,0,462.227
1056.5,0,323.563
216
-2185.5,0,-501
1054.08,0,238.163
1058.54,0,278.69
1033.59,0,292.619
1030.87,0,324.503
1027.47,0,364.358
1089.32,0,289.344
1094.46,0,321.899
1107.47,0,355.125
1051.74,0,358.4
1054.85,0,414.868
1058.63,0,463.365
1075.33,0,360.413
1086.98,0,409.581
1097.95,0,466.72
1062.33,0,327.187
217
-2192,0,-502
1066.26,0,243.77
1071.76,0,276.08
1046.6,0,290.057
1035.53,0,329.044
1033.06,0,360.732
1095.07,0,285.868
1107.93,0,326.722
1113.43,0,359.032
1056.99,0,362.598
1061.25,0,410.752
1064.9,0,466.827
1089.51,0,357.165
1093.16,0,413.24
1105.4,0,462.016
1068.05,0,323.611
218
-2199.5,0,-502.5
1071.53,0,236.015
1077.07,0,276.151
1052.32,0,290.581
1042,0,329.762
1040.09,0,361.488
1100.39,0,285.515
1113.86,0,326.128
1119.89,0,358.332
1063.89,0,362.921
1068.95,0,410.988
1065.61,0,466.509
1088.16,0,356.422
1100.68,0,412.898
1113.2,0,469.374
1074.21,0,323.74
219
-2206,0,-505
1077.1,0,241.326
1075.95,0,272.884
1051.71,0,287.802
1042.38,0,326.963
1041.24,0,358.521
1106.93,0,289.81
1113.68,0,321.655
1128.31,0,353.787
1064.9,0,359.382
1070.79,0,414.895
1076.96,0,462.519
1096.46,0,360.529
1102.63,0,408.153
1116.4,0,463.953
1081.83,0,328.397
220
-2213.5,0,-506.5
1084,0,243.683
1083.03,0,275.668
1058.56,0,290.935
1049.35,0,330.675
1048.38,0,362.66
1114.77,0,284.632
1129.56,0,325.097
1136.58,0,357.324
1072.37,0,363.386
1078.68,0,419.602
1085.22,0,467.822
1104.6,0,356.357
1110.9,0,412.573
1125.2,0,469.031
1089.57,0,323.888
221
-2220,0,-507
1081.43,0,243.197
1088.08,0,275.478
1063.8,0,290.551
1054.37,0,330.216
1053.13,0,362.192
1119.33,0,284.691
1133.56,0,325.271
1140.22,0,357.552
1076.8,0,363.107
1082.52,0,419.37
1088.56,0,467.639
1108.66,0,356.332
1114.39,0,412.595
1128,0,469.163
1094.12,0,323.747
222
-2226.5,0,-508
1089.09,0,239.658
1101.2,0,280.491
1075.79,0,293.891
1064.78,0,324.55
1060.97,0,363.84
1125.09,0,282.808
1137.21,0,323.641
1150.08,0,356.617
1085.62,0,358.298
1096.21,0,414.847
1091.64,0,461.995
1117.47,0,361.386
1128.06,0,417.936
1139.42,0,466.627
1104.59,0,328.411
223
-2232,0,-508.5
1094.48,0,239.266
1106.11,0,280.157
1080.93,0,293.42
1069.82,0,324.017
1065.75,0,363.28
1129.67,0,282.599
1141.31,0,323.491
1153.76,0,356.529
1090.12,0,357.87
1100.13,0,414.466
1103.1,0,462.396
1121.53,0,361.126
1132.35,0,409.87
1142.36,0,466.467
1109.08,0,328.087
224
-2238.5,0,-509
1105.03,0,241.119
1109.93,0,273.3
1084.12,0,294.655
1073.29,0,325.352
1070.33,0,356.791
1140.62,0,284.127
1144.77,0,324.168
1157.53,0,357.091
1093.91,0,359.017
1104.43,0,415.519
1107.84,0,463.419
1126.09,0,354.124
1136.61,0,410.626
1147.14,0,467.128
1112.59,0,329.061
225
-2245.5,0,-510
1111.99,0,242.215
1118.52,0,274.104
1086.29,0,288.522
1084.6,0,327.96
1075.35,0,359.17
1141.84,0,283.009
1155.92,0,323.124
1162.46,0,355.013
1099.02,0,360.188
1143.97,0,417.434
1157.71,0,465.437
1130.91,0,353.657
1112.42,0,416.078
1110.38,0,463.403
1116.15,0,329.316
226
-2253,0,-511
1115.69,0,242.431
1122.76,0,274.204
1098.68,0,289.375
1089.77,0,328.631
1081.06,0,359.995
1146.24,0,282.709
1161,0,322.578
1168.07,0,354.351
1112.62,0,360.812
1111.19,0,416.057
1117.86,0,463.614
1136.3,0,361.425
1150.65,0,417.079
1157.32,0,464.636
1121.33,0,329.448
227
-2260.5,0,-511.5
1124.08,0,235.802
1129.03,0,276.276
1104.16,0,290.482
1093.31,0,329.789
1090.95,0,361.702
1152.13,0,286.006
1164.98,0,327.065
1178.41,0,360.145
1114.65,0,363.453
1118.41,0,419.885
1122.77,0,468.338
1146.82,0,357.81
1158.49,0,414.825
1170.16,0,471.84
1133.39,0,324.73
228
-2266.5,0,-512.5
1122.63,0,240.703
1128.35,0,280.801
1104.02,0,295.421
1102.33,0,327.166
1092.81,0,358.493
1159.23,0,290.406
1173.19,0,322.985
1179.33,0,355.146
1116.29,0,359.745
1160.29,0,417.801
1172.98,0,474.188
1147.6,0,361.413
1128.98,0,416.132
1126.02,0,471.684
1133.63,0,328.835
229
-2272.5,0,-513.5
1130.6,0,239.522
1143.46,0,280.641
1110.31,0,294.116
1107.84,0,326.02
1104.74,0,365.9
1166.77,0,290.475
1180.24,0,323.617
1193.71,0,356.76
1129.29,0,359.782
1132.93,0,416.233
1136.57,0,472.684
1161.19,0,362.259
1164.83,0,418.71
1184.43,0,476.4
1147.72,0,329.116
230
-2278.5,0,-514.5
1135.94,0,242.61
1148.02,0,276.091
1122.29,0,289.003
1109.6,0,327.504
1105.79,0,359.071
1178.84,0,287.81
1189.97,0,329.182
1195.06,0,353.814
1137.56,0,362.899
1139.8,0,411.205
1141.09,0,467.404
1162.34,0,357.878
1171.57,0,415.033
1188.74,0,473.146
1150.26,0,324.397
231
-2284.5,0,-515.5
1139.75,0,242.488
1151.48,0,275.903
1126.37,0,288.924
1113.93,0,327.468
1110.17,0,359.04
1173.78,0,286.56
1192.32,0,328.79
1197.25,0,353.39
1141.15,0,362.726
1142.32,0,418.899
1144.44,0,467.179
1165.33,0,357.598
1174.25,0,414.692
1190.91,0,472.708
1153.59,0,324.183
232
-2291.5,0,-516
1152.35,0,237.51
1155.8,0,277.393
1130.25,0,290.259
1125.78,0,329.235
1122.21,0,360.415
1186.58,0,288.82
1198.84,0,321.816
1211.1,0,354.813
1146.86,0,355.344
1148.52,0,410.817
1150.18,0,466.291
1178.53,0,358.976
1188.11,0,415.357
1197.69,0,471.739
1158.35,0,325.071
233
-2296.5,0,-517
1157.63,0,236.073
1162.09,0,276.35
1137.08,0,290.144
1125.77,0,329.058
1123.03,0,360.735
1192.92,0,286.996
1205.26,0,327.955
1210.4,0,360.313
1146.67,0,362.78
1158.32,0,411.658
1161.41,0,467.773
1178.88,0,357.587
1189.84,0,414.384
1200.81,0,471.181
1165.86,0,324.547
234
-2302.5,0,-517.5
1159.23,0,237.182
1165.49,0,277.219
1141.12,0,292.121
1131.57,0,331.503
1130.26,0,363.27
1196.77,0,286.471
1210.93,0,326.835
1217.51,0,358.93
1153.97,0,364.253
1159.56,0,420.173
1165.49,0,468.152
1185.9,0,357.62
1199.4,0,413.869
1205,0,469.789
1171.42,0,325.198
235
-2308,0,-518
1165.09,0,236.017
1177.48,0,276.981
1144.48,0,290.083
1141.05,0,329.679
1138.31,0,361.356
1200.52,0,286.952
1212.91,0,327.916
1225.99,0,360.96
1162.04,0,363.408
1165.15,0,419.526
1168.95,0,467.725
1194.36,0,358.224
1205.38,0,415.026
1216.4,0,471.828
1173.37,0,324.496
236
-2312.5,0,-518.5
1174.68,0,235.808
1178.48,0,276.17
1152.95,0,289.473
1140.85,0,328.164
1137.53,0,359.785
1209.48,0,287.417
1221.24,0,328.615
1233.83,0,361.907
1169.35,0,363.127
1171.5,0,419.299
1174.47,0,467.567
1202.01,0,358.564
1212.11,0,415.572
1222.21,0,472.58
1181.46,0,324.437
237
-2317.5,0,-519
1175.08,0,242.749
1180.02,0,275.307
1155.38,0,289.202
1144.13,0,328.366
1141.33,0,360.243
1210.29,0,286.001
1222.28,0,327.21
1234.96,0,360.45
1172.3,0,362.969
1175.14,0,419.434
1177.98,0,475.9
1203.98,0,357.724
1206.82,0,414.19
1225.14,0,472.019
1183.55,0,323.804
238
-2322.5,0,-518.5
1184.94,0,235.623
1188.4,0,275.996
1163.09,0,289.179
1150.85,0,327.807
1147.33,0,359.407
1218.93,0,287.386
1230.24,0,328.631
1242.43,0,361.976
1178.74,0,362.897
1180.45,0,419.07
1182.16,0,475.243
1211.03,0,358.487
1220.58,0,415.532
1230.14,0,472.578
1190.98,0,324.269
239
-2327.5,0,-519
1187.19,0,235.241
1191.99,0,275.749
1166.8,0,289.796
1163.63,0,329.67
1153.11,0,360.935
1223.26,0,286.261
1236.03,0,327.404
1249.45,0,360.572
1185.01,0,363.472
1188.55,0,419.93
1192.08,0,476.388
1217.55,0,358.034
1228.42,0,423.102
1240.57,0,472.219
1196.16,0,324.232
240
-2332.5,0,-519.5
1194.51,0,234.366
1197.79,0,274.986
1172.77,0,288.278
1160.56,0,327.158
1156.99,0,358.959
1227.87,0,286.414
1238.9,0,327.904
1250.82,0,361.443
1187.97,0,362.437
1189.47,0,418.957
1190.96,0,475.476
1219.84,0,357.965
1229.08,0,415.354
1238.32,0,472.743
1200.18,0,323.556
241
-2337.5,0,-520
1194.45,0,240.784
1207.99,0,273.283
1183,0,287.16
1172.13,0,325.707
1169.21,0,364.848
1239.18,0,283.483
1252.14,0,323.811
1257.74,0,355.717
1193.62,0,358.8
1197.47,0,414.19
1201.32,0,469.581
1225.39,0,361.172
1237.18,0,417.156
1248.97,0,473.14
1211.84,0,328.673
242
-2344,0,-521.5
1195.64,0,240.058
1207.08,0,273.757
1180.9,0,294.64
1176.89,0,326.388
1171.88,0,366.073
1236.97,0,285.596
1247.41,0,327.232
1258.85,0,360.931
1196.05,0,361.063
1204.48,0,418.573
1205.19,0,475.107
1227.95,0,357.029
1235.38,0,422.476
1244.81,0,472.049
1208.79,0,322.354
243
-2348,0,-521.5
1203.66,0,240.221
1214.93,0,274.072
1188.21,0,294.624
1183.85,0,326.326
1178.41,0,365.953
1245.1,0,286.295
1255.28,0,328.072
1266.55,0,361.923
1202.94,0,361.251
1210.94,0,418.879
1211.13,0,475.431
1235.29,0,357.624
1243.3,0,415.252
1259.11,0,473.953
1216.21,0,322.699
244
-2352.5,0,-522
1209.7,0,240.471
1221.37,0,274.253
1194.6,0,294.982
1190.48,0,326.716
1177.45,0,365.36
1251.93,0,286.282
1262.57,0,327.998
1274.25,0,361.78
1210.06,0,361.522
1218.64,0,419.105
1219.34,0,475.664
1241.64,0,365.618
1250.23,0,423.2
1259.84,0,472.849
1222.07,0,330.812
245
-2357.5,0,-522
1212.97,0,232.965
1223.2,0,274.392
1198.03,0,287.123
1185.15,0,325.518
1179.98,0,364.924
1252.98,0,286.315
1263.22,0,327.743
1265.75,0,368.159
1211.83,0,361.085
1220,0,418.275
1220.46,0,474.453
1243.68,0,357.246
1250.81,0,422.317
1260.01,0,471.625
1224.7,0,322.69
246
-2361.5,0,-522
1223.92,0,241.498
1228.1,0,274.207
1201.59,0,295.265
1197.87,0,327.047
1193.21,0,366.776
1266.7,0,286.784
1269.95,0,327.439
1273.2,0,368.094
1217.86,0,361.609
1227.16,0,419.081
1228.54,0,475.627
1250.42,0,357.369
1259.71,0,414.841
1262.03,0,463.441
1238.33,0,323.734
247
-2365.5,0,-522
1228.1,0,235.053
1232.64,0,275.338
1207.36,0,289.106
1203.93,0,328.701
1193.22,0,359.687
1263.84,0,286.018
1276.35,0,326.994
1273.61,0,358.67
1225.1,0,362.448
1228.27,0,418.572
1231.44,0,474.696
1257.67,0,357.29
1268.81,0,414.104
,,
1236.5,0,323.543
248
-2369.5,0,-523
1230.65,0,238.322
1237.45,0,277.045
1213.12,0,291.688
1206.07,0,323.636
1195.52,0,362.723
1268.63,0,283.457
1261.58,0,315.404
1264.89,0,361.267
1223.28,0,358.607
1230.01,0,414.998
1229.82,0,468
1257.96,0,357.879
1247.36,0,414.634
1233.32,0,460.861
1240.75,0,322.908
249
-2373.5,0,-524
1235.29,0,238.073
1238.02,0,277.993
1217.3,0,291.771
1202.78,0,328.259
1203.44,0,360.609
1209.71,0,293.841
1202.78,0,328.259
1205.5,0,368.179
1253.12,0,363.333
,,
,,
1228.28,0,361.971
1235.13,0,417.03
1234.39,0,474.159
1242.8,0,325.482
250
-2378,0,-524.5
1229.94,0,241.291
1239.39,0,271.22
1214.26,0,295.606
1208.78,0,330.246
1203.3,0,364.887
,,
,,
,,
1235.51,0,362.948
1237.11,0,420.035
1238.72,0,477.122
1260.26,0,363.364
,,
,,
1248.45,0,325.952
251
,,
,,
,,
,,
,,
,,
,,
,,
,,
,,
,,
,,
,,
,,
,,
,,
252
,,
,,
,,
,,
,,
,,
,,
,,
,,
,,
,,
,,
,,
,,
,,
,,
253
,,
,,
,,
,,
,,
,,
,,
,,
,,
,,
,,
,,
,,
,,
,,
,,
254
,,
,,
,,
,,
,,
,,
,,
,,
,,
,,
,,
,,
,,
,,
,,
,,
255
,,
,,
,,
,,
,,
,,
,,
,,
,,
,,
,,
,,
,,
,,
,,
,,
256
,,
,,
,,
,,
,,
,,
,,
,,
,,
,,
,,
,,
,,
,,
,,
,,
257
,,
,,
,,
,,
,,
,,
,,
,,
,,
,,
,,
,,
,,
,,
,,
,,
258
,,
,,
,,
,,
,,
,,
,,
,,
,,
,,
,,
,,
,,
,,
,,
,,
259
,,
,,
,,
,,
,,
,,
,,
,,
,,
,,
,,
,,
,,
,,
,,
,,
260
,,
,,
,,
,,
,,
,,
,,
,,
,,
,,
,,
,,
,,
,,
,,
,,
261
,,
,,
,,
,,
,,
,,
,,
,,
,,
,,
,,
,,
,,
,,
,,
,,
262
,,
,,
,,
,,
,,
,,
,,
,,
,,
,,
,,
,,
,,
,,
,,
,,
263
,,
,,
,,
,,
,,
,,
,,
,,
,,
,,
,,
,,
,,
,,
,,
,,
264
,,
,,
,,
,,
,,
,,
,,
,,
,,
,,
,,
,,
,,
,,
,,
,,
265
,,
,,
,,
,,
,,
,,
,,
,,
,,
,,
,,
,,
,,
,,
,,
,,
266
,,
,,
,,
,,
,,
,,
,,
,,
,,
,,
,,
,,
,,
,,
,,
,,
267
,,
,,
,,
,,
,,
,,
,,
,,
,,
,,
,,
,,
,,
,,
,,
,,
268
,,
,,
,,
,,
,,
,,
,,
,,
,,
,,
,,
,,
,,
,,
,,
,,
269
,,
,,
,,
,,
,,
,,
,,
,,
,,
,,
,,
,,
,,
,,
,,
,,
270
,,
,,
,,
,,
,,
,,
,,
,,
,,
,,
,,
,,
,,
,,
,,
,,
271
,,
,,
,,
,,
,,
,,
,,
,,
,,
,,
,,
,,
,,
,,
,,
,,
272
,,
,,
,,
,,
,,
,,
,,
,,
,,
,,
,,
,,
,,
,,
,,
,,
273
,,
,,
,,
,,
,,
,,
,,
,,
,,
,,
,,
,,
,,
,,
,,
,,
274
,,
,,
,,
,,
,,
,,
,,
,,
,,
,,
,,
,,
,,
,,
,,
,,
275
,,
,,
,,
,,
,,
,,
,,
,,
,,
,,
,,
,,
,,
,,
,,
,,
276
,,
,,
,,
,,
,,
,,
,,
,,
,,
,,
,,
,,
,,
,,
,,
,,
277
,,
,,
,,
,,
,,
,,
,,
,,
,,
,,
,,
,,
,,
,,
,,
,,
278
,,
,,
,,
,,
,,
,,
,,
,,
,,
,,
,,
,,
,,
,,
,,
,,
279
,,
,,
,,
,,
,,
,,
,,
,,
,,
,,
,,
,,
,,
,,
,,
,,
280
,,
,,
,,
,,
,,
,,
,,
,,
,,
,,
,,
,,
,,
,,
,,
,,
281
,,
,,
,,
,,
,,
,,
,,
,,
,,
,,
,,
,,
,,
,,
,,
,,
282
,,
,,
,,
,,
,,
,,
,,
,,
,,
,,
,,
,,
,,
,,
,,
,,
283
,,
,,
,,
,,
,,
,,
,,
,,
,,
,,
,,
,,
,,
,,
,,
,,
284
,,
,,
,,
,,
,,
,,
,,
,,
,,
,,
,,
,,
,,
,,
,,
,,
285
,,
,,
,,
,,
,,
,,
,,
,,
,,
,,
,,
,,
,,
,,
,,
,,
286
,,
,,
,,
,,
,,
,,
,,
,,
,,
,,
,,
,,
,,
,,
,,
,,
287
,,
,,
,,
,,
,,
,,
,,
,,
,,
,,
,,
,,
,,
,,
,,
,,
288
,,
,,
,,
,,
,,
,,
,,
,,
,,
,,
,,
,,
,,
,,
,,
,,
289
,,
,,
,,
,,
,,
,,
,,
,,
,,
,,
,,
,,
,,
,,
,,
,,
290
,,
,,
,,
,,
,,
,,
,,
,,
,,
,,
,,
,,
,,
,,
,,
,,
291
,,
,,
,,
,,
,,
,,
,,
,,
,,
,,
,,
,,
,,
,,
,,
,,
292
,,
,,
,,
,,
,,
,,
,,
,,
,,
,,
,,
,,
,,
,,
,,
,,
293
,,
,,
,,
,,
,,
,,
,,
,,
,,
,,
,,
,,
,,
,,
,,
,,
294
,,
,,
,,
,,
,,
,,
,,
,,
,,
,,
,,
,,
,,
,,
,,
,,
295
,,
,,
,,
,,
,,
,,
,,
,,
,,
,,
,,
,,
,,
,,
,,
,,
296
,,
,,
,,
,,
,,
,,
,,
,,
,,
,,
,,
,,
,,
,,
,,
,,
297
,,
,,
,,
,,
,,
,,
,,
,,
,,
,,
,,
,,
,,
,,
,,
,,
298
,,
,,
,,
,,
,,
,,
,,
,,
,,
,,
,,
,,
,,
,,
,,
,,
299
,,
,,
,,
,,
,,
,,
,,
,,
,,
,,
,,
,,
,,
,,
,,
,,
300
,,
,,
,,
,,
,,
,,
,,
,,
,,
,,
,,
,,
,,
,,
,,
,,
