data/BP_videos/11.MOV
0
-89.5,0,-719
94,0,643.543
94,0,667.371
78,0,675.314
62,0,691.2
70,0,715.029
110,0,675.314
110,0,699.143
102,0,707.086
78,0,707.086
78,0,746.8
62,0,754.743
94,0,707.086
94,0,746.8
78,0,770.629
86,0,691.2
1
-93.5,0,-719
97.1909,0,645.711
92.3102,0,670.227
76.6245,0,672.202
62.9136,0,689.862
65.8759,0,713.391
108.983,0,676.095
111.946,0,699.623
96.2599,0,701.598
72.7313,0,704.56
77.6684,0,743.775
69.8255,0,744.762
89.4044,0,710.428
86.4986,0,750.63
73.7751,0,776.133
87.4296,0,694.743
2
-97.5,0,-720
92.8863,0,649.487
91.3757,0,674.121
76.51,0,678
63.6183,0,689.444
69.5406,0,712.139
108.216,0,677.806
106.705,0,702.44
99.2722,0,704.38
67.5665,0,704.574
77.4371,0,742.398
62.5713,0,746.278
84.4064,0,708.259
86.8441,0,748.023
70.4677,0,776.537
80.4582,0,693.13
3
-100.5,0,-721
90.9836,0,644.442
92.4878,0,676.617
75.4722,0,673.513
62.9065,0,685.399
69.5811,0,707.883
107.278,0,672.227
113.953,0,694.712
99.1624,0,699.102
69.5811,0,707.883
80.7056,0,745.358
65.1942,0,774.429
86.5967,0,710.988
88.1009,0,743.163
62.9694,0,766.934
82.1469,0,695.998
4
-103.5,0,-719.5
98.5672,0,642.471
96.8527,0,674.694
79.7306,0,670.12
67.1728,0,688.553
70.2158,0,703.89
104.653,0,673.146
117.018,0,694.605
101.417,0,697.7
71.7372,0,711.559
71.5443,0,751.45
66.7869,0,768.335
88.8594,0,716.133
87.1449,0,748.355
68.3083,0,776.004
84.295,0,693.126
5
-107.5,0,-718.5
96.6333,0,649.38
94.705,0,674.109
77.2641,0,670.495
63.7043,0,682.044
69.5261,0,704.789
110.205,0,670.141
123.777,0,690.903
100.527,0,696.854
77.2763,0,702.805
92.7888,0,731.148
69.5505,0,769.41
86.967,0,708.403
85.0386,0,733.132
69.5505,0,769.41
88.8954,0,683.674
6
-110.5,0,-719.5
96.7629,0,641.204
97.014,0,674.188
79.5224,0,670.441
66.0295,0,682.186
72.0274,0,705.424
112.506,0,670.19
126.25,0,691.429
101.013,0,689.681
74.0268,0,713.17
95.517,0,732.41
86.0227,0,759.647
89.519,0,709.172
84.0234,0,751.901
64.7836,0,773.391
85.5204,0,693.679
7
-111.5,0,-720.5
99.1734,0,647.942
96.2695,0,672.575
78.985,0,668.274
64.9795,0,679.279
68.2585,0,694.584
111.914,0,669.223
123.016,0,682.852
107.371,0,686.204
71.5375,0,709.888
90.4615,0,721.841
81.3745,0,755.803
88.822,0,714.189
92.101,0,729.494
81.3745,0,755.803
91.726,0,689.556
8
-111.5,0,-720.5
100.753,0,646.483
92.2577,0,673.488
82.4511,0,668.231
59.7016,0,674.972
71.7318,0,687.733
107.424,0,668.993
127.037,0,679.506
102.064,0,678.744
70.8192,0,712.49
90.4325,0,723.003
91.7434,0,755.265
88.209,0,715.5
81.9368,0,750.008
63.6343,0,771.757
89.1216,0,690.742
9
-113.5,0,-720.5
97.5202,0,644.928
97.1822,0,670.194
79.7005,0,667.308
64.6197,0,672.052
69.4213,0,687.315
112.263,0,665.45
132.145,0,675.968
117.065,0,680.713
76.6237,0,710.208
96.5061,0,720.726
93.4293,0,763.627
94.1053,0,713.095
81.0873,0,750.737
63.2677,0,773.116
86.9029,0,690.201
10
-115.5,0,-720
98.4725,0,642.183
94.8995,0,666.699
85.7158,0,660.417
62.3727,0,664.67
74.3618,0,686.35
110.462,0,663.864
127.426,0,668.728
111.864,0,671.563
78.5698,0,709.448
95.5345,0,714.313
102.548,0,752.809
94.1318,0,706.613
85.5831,0,747.945
57.2644,0,769.014
91.3265,0,691.215
11
-116.5,0,-720
100.139,0,645.06
96.7057,0,670.095
87.479,0,663.659
64.1438,0,667.955
74.8189,0,682.259
112.263,0,667.232
135.598,0,662.936
120.041,0,665.8
79.164,0,705.862
97.6175,0,718.734
104.859,0,758.073
96.1691,0,710.866
78.6274,0,746.633
59.6373,0,774.532
91.8241,0,687.263
12
-117.5,0,-720
106.663,0,636.567
103.353,0,661.149
87.6545,0,664.242
62.5943,0,661.203
73.4691,0,675.014
112.715,0,667.281
134.749,0,654.963
119.051,0,658.056
87.3696,0,704.181
98.2444,0,717.991
105.809,0,756.384
104.581,0,708.767
85.5719,0,736.441
66.5631,0,764.116
100.042,0,685.731
13
-117.5,0,-720
98.7204,0,633.973
102.348,0,657.698
86.8753,0,660.063
63.6668,0,663.612
73.8211,0,678.245
111.293,0,664.423
134.502,0,660.874
117.82,0,655.332
86.3937,0,708.695
96.548,0,723.328
110.33,0,761.686
101.866,0,706.329
83.4938,0,741.51
63.9125,0,768.783
98.2388,0,682.605
14
-117.5,0,-719
101.054,0,631.105
103.004,0,662.349
86.8946,0,655.513
71.2728,0,656.488
72.248,0,672.11
110.815,0,661.861
125.949,0,653.075
125.461,0,645.264
89.8201,0,702.379
98.6062,0,717.513
117.153,0,763.403
105.442,0,701.403
83.9596,0,734.11
61.9897,0,759.005
96.6558,0,686.269
15
-119.5,0,-719
106.719,0,633.323
99.9494,0,657.156
92.0456,0,657.538
68.3342,0,658.685
76.9939,0,673.937
116.135,0,664.209
139.468,0,655.246
123.661,0,656.01
94.3134,0,704.44
103.351,0,727.509
121.048,0,765.829
110.121,0,703.676
87.9214,0,736.09
65.3439,0,760.688
101.083,0,680.607
16
-121.5,0,-718
104.621,0,635.248
106.129,0,658.939
90.5239,0,659.932
67.1168,0,661.422
75.9244,0,676.72
113.931,0,658.442
137.338,0,656.953
113.931,0,658.442
93.5397,0,707.315
102.85,0,730.509
113.166,0,769.498
101.342,0,706.818
87.7479,0,739.4
65.346,0,756.684
99.8342,0,683.127
17
-122.5,0,-719
107.2,0,630.226
102.474,0,662.508
85.9397,0,656.208
70.9792,0,665.656
80.4273,0,680.617
118.222,0,660.934
134.757,0,667.233
118.222,0,660.934
90.6626,0,703.451
109.559,0,733.372
113.495,0,772.741
107.197,0,709.751
94.5984,0,742.82
71.7642,0,753.055
104.836,0,686.129
18
-124.5,0,-719
112.404,0,631.778
107.025,0,655.998
91.2086,0,657.71
68.3269,0,668.067
77.9216,0,682.786
114.934,0,655.142
140.345,0,668.148
116.62,0,670.717
96.268,0,704.437
107.549,0,734.732
111.765,0,773.671
104.176,0,703.581
107.549,0,734.732
76.7591,0,745.945
101.647,0,680.218
19
-126.5,0,-718
113.978,0,629.939
102.108,0,655.772
86.3312,0,658.433
71.8567,0,668.818
82.3507,0,682.936
119.188,0,660.836
137.571,0,673.623
113.905,0,677.614
94.1474,0,704.778
108.549,0,742.069
115.063,0,780.691
109.925,0,702.118
108.549,0,742.069
76.9951,0,747.391
106.016,0,678.945
20
-127.5,0,-719
108.332,0,627.352
104.365,0,651.825
88.8881,0,654.34
68.1866,0,673.588
79.6966,0,695.547
121.099,0,657.05
132.609,0,679.008
117.132,0,681.522
97.6879,0,708.509
103.973,0,747.202
110.259,0,785.895
113.165,0,705.995
111.712,0,745.945
114.226,0,761.422
101.655,0,684.037
21
-127.5,0,-720
106.951,0,626.498
108.103,0,658.169
84.5804,0,659.024
69.4744,0,675.43
78.1792,0,698.899
124.073,0,665.516
132.778,0,688.985
116.808,0,681.637
94.1492,0,706.246
103.43,0,745.55
104.87,0,785.14
109.831,0,705.676
111.271,0,745.265
111.847,0,761.101
101.126,0,682.208
22
-127.5,0,-721
113.878,0,625.842
107.945,0,657.966
92.1295,0,658.953
69.3939,0,676.25
86.6904,0,698.986
124.254,0,664.886
133.643,0,688.116
117.827,0,689.103
95.0918,0,706.4
105.468,0,745.444
107.937,0,784.983
118.815,0,704.918
121.777,0,752.364
89.6527,0,746.432
109.92,0,689.597
23
-126.5,0,-719
110.168,0,624.858
105.155,0,657.413
90.29,0,666.733
76.1158,0,684.022
85.2772,0,699.288
121.404,0,664.034
131.257,0,687.269
115.7,0,688.619
94.4385,0,714.553
104.983,0,745.759
100.661,0,786.284
117.774,0,712.529
121.231,0,752.379
97.8956,0,754.403
107.921,0,689.293
24
-124.5,0,-720
116.244,0,629.646
109.32,0,653.321
93.6923,0,661.823
70.4292,0,678.46
87.4801,0,701.037
126.015,0,668.128
135.074,0,691.071
119.091,0,691.803
95.8276,0,708.44
105.599,0,746.922
99.0306,0,778.367
119.802,0,707.342
129.574,0,745.824
106.31,0,762.462
110.743,0,684.399
25
-122.5,0,-720
116.486,0,634.484
111.252,0,658.516
88.0529,0,661.015
66.5198,0,678.98
84.4849,0,700.513
119.818,0,665.416
130.05,0,687.782
122.317,0,688.615
93.8839,0,715.146
105.782,0,752.978
92.815,0,777.844
117.083,0,712.647
128.148,0,742.746
105.782,0,752.978
106.851,0,690.281
26
-119.5,0,-720
117.651,0,636.582
112.929,0,660.792
97.0806,0,662.988
75.4425,0,681.69
85.5016,0,696.001
129.845,0,666.301
140.972,0,688.315
124.056,0,682.807
95.5607,0,710.311
100.898,0,748.832
97.2431,0,780.747
119.334,0,707.017
139.452,0,735.638
117.814,0,754.341
108.207,0,685.003
27
-116.5,0,-720
116.997,0,631.282
112.313,0,655.487
97.6077,0,665.377
75.0165,0,676.359
86.1049,0,698.379
129.153,0,661.006
140.241,0,683.026
123.401,0,677.507
96.1259,0,712.694
101.463,0,751.215
88.8927,0,776.513
119.785,0,709.416
138.759,0,730.344
126.189,0,755.642
108.696,0,687.397
28
-115.5,0,-718
115.102,0,633.18
110.533,0,657.37
94.9887,0,659.523
72.7403,0,670.458
91.4864,0,691.417
127.144,0,662.92
144.822,0,676.175
129.279,0,678.329
102.461,0,713.453
98.9582,0,745.346
87.684,0,778.316
118.004,0,711.299
135.683,0,724.554
124.409,0,757.524
107.03,0,689.263
29
-110.5,0,-718
113.03,0,629.22
109.726,0,661.983
94.3346,0,664.116
72.3453,0,675.239
89.9326,0,688.955
126.215,0,667.775
143.803,0,681.491
127.313,0,675.699
100.922,0,711.662
98.7158,0,752.349
78.9223,0,779.321
116.313,0,709.529
133.901,0,723.245
131.694,0,763.933
113.02,0,685.756
30
-106.5,0,-718
114.108,0,627.488
110.606,0,659.382
95.0617,0,661.535
71.7459,0,664.766
90.492,0,685.725
127.217,0,664.932
143.828,0,670.483
127.217,0,664.932
101.466,0,707.76
91.2593,0,748.435
78.9177,0,773.701
117.01,0,705.607
134.689,0,718.862
140.026,0,757.383
106.036,0,683.571
31
-101.5,0,-719
113.89,0,631.261
109.397,0,655.439
94.0051,0,657.572
70.9179,0,660.771
89.5116,0,681.751
125.855,0,661.011
142.314,0,666.583
125.855,0,661.011
100.41,0,703.797
90.3551,0,744.45
70.4701,0,770.762
115.801,0,701.665
133.327,0,714.941
138.664,0,753.461
104.903,0,679.618
32
-98.5,0,-718
114.515,0,627.109
111.05,0,658.997
94.5155,0,653.436
71.314,0,656.651
89.9838,0,677.62
126.518,0,656.854
143.053,0,662.415
127.586,0,664.558
100.92,0,699.661
90.7892,0,740.325
70.79,0,766.652
116.388,0,697.518
135.057,0,718.488
140.394,0,757.009
106.519,0,683.181
33
-93.5,0,-717
116.3,0,624.401
111.657,0,648.6
95.9674,0,650.774
73.4996,0,661.739
91.3245,0,674.973
128.415,0,654.13
145.173,0,659.661
137.327,0,660.748
95.5941,0,705.79
92.0187,0,737.694
71.6857,0,764.067
111.284,0,703.616
136.954,0,715.764
150.136,0,753.198
108.082,0,680.504
34
-89.5,0,-717
123.127,0,619.595
111.706,0,652.586
96.016,0,654.76
72.4808,0,658.021
91.3731,0,678.959
127.396,0,650.412
137.376,0,664.734
136.309,0,657.029
94.5754,0,702.072
90.9999,0,733.975
70.6669,0,760.349
110.265,0,699.898
137.003,0,719.75
150.185,0,757.184
107.063,0,676.785
35
-85.5,0,-716
116.863,0,624.237
112.181,0,648.442
96.4113,0,650.626
73.8246,0,661.608
92.7962,0,682.536
129.017,0,653.961
139.037,0,668.277
131.152,0,669.369
94.931,0,697.944
92.3833,0,737.557
70.8641,0,756.243
111.768,0,703.463
137.557,0,715.594
151.846,0,760.727
107.498,0,672.647
36
-81.5,0,-714.5
123.379,0,623.063
110.97,0,648.338
95.3594,0,650.501
73.0105,0,661.45
91.8236,0,682.399
126.581,0,646.175
137.589,0,668.207
121.978,0,670.369
93.9584,0,697.808
92.5574,0,745.114
70.2084,0,756.063
110.637,0,703.349
137.255,0,723.217
142.592,0,761.738
106.367,0,672.532
37
-77.5,0,-715
122.39,0,615.274
118.854,0,647.172
95.4379,0,650.416
73.089,0,661.364
91.902,0,682.314
126.66,0,646.09
137.667,0,668.121
129.862,0,669.203
94.0369,0,697.723
92.6358,0,745.029
69.2195,0,748.273
117.453,0,694.478
137.334,0,723.132
143.738,0,769.357
106.446,0,672.447
38
-72.5,0,-714
121.586,0,620.828
109.507,0,646.731
94.1336,0,648.861
80.9562,0,666.84
84.2499,0,690.613
125.978,0,652.526
129.272,0,676.298
129.272,0,676.298
94.1323,0,705.396
93.0331,0,754.007
68.8755,0,749.278
109.505,0,703.266
129.27,0,732.834
135.858,0,780.379
106.212,0,679.493
39
-67.5,0,-714
123.738,0,620.355
119.056,0,644.56
95.4018,0,647.838
82.8347,0,673.135
93.9215,0,695.155
128.008,0,651.172
130.143,0,666.58
131.21,0,674.285
94.989,0,702.859
101.393,0,749.084
76.6719,0,744.657
110.758,0,700.674
131.865,0,737.011
129.317,0,776.624
107.556,0,677.562
40
-62.5,0,-714
116.489,0,616.799
111.766,0,641.009
96.9853,0,650.909
84.3389,0,676.218
86.4737,0,691.626
129.75,0,654.222
131.885,0,669.63
132.952,0,677.335
95.4654,0,698.232
101.87,0,744.458
77.0295,0,740.047
111.314,0,696.037
132.5,0,732.362
123.055,0,780.783
108.112,0,672.924
41
-59.5,0,-714
116.048,0,618.497
111.467,0,643.137
96.8642,0,653.162
84.4372,0,678.888
87.7004,0,702.441
129.332,0,656.665
131.508,0,672.367
132.595,0,680.218
95.5455,0,701.354
102.072,0,748.46
85.2941,0,742.783
111.236,0,699.18
125.607,0,745.199
115.356,0,786.628
107.972,0,675.628
42
-54.5,0,-713.5
112.512,0,622.658
108.391,0,646.931
94.1941,0,657.007
81.188,0,674.777
84.761,0,697.86
124.97,0,652.243
136.238,0,674.134
129.734,0,683.019
93.6462,0,704.363
107.295,0,741.642
83.0221,0,737.521
110.225,0,709.675
116.18,0,748.145
99.0534,0,790.188
105.461,0,678.898
43
-47.5,0,-712
112.618,0,625.271
108.476,0,649.547
93.0441,0,651.936
73.4698,0,678.602
84.7587,0,700.489
125.098,0,654.853
136.387,0,676.741
128.671,0,677.935
93.6655,0,706.989
108.527,0,751.959
99.051,0,792.818
110.288,0,712.294
107.336,0,744.265
90.7139,0,738.96
105.524,0,681.518
44
-42.5,0,-712.5
110.853,0,620.617
107.939,0,652.582
92.5839,0,654.959
73.1236,0,681.606
83.1835,0,695.806
124.486,0,657.899
134.546,0,672.098
135.737,0,679.793
93.2433,0,710.006
113.363,0,738.405
90.3296,0,741.971
108.599,0,707.629
108.067,0,754.982
89.798,0,789.324
105.026,0,684.547
45
-35.5,0,-712
112.556,0,626.441
108.446,0,650.929
86.501,0,662.277
73.4733,0,680.195
83.593,0,694.53
125.08,0,656.305
142.915,0,669.446
127.484,0,671.835
93.7128,0,708.865
112.75,0,729.77
92.0067,0,748.883
102.631,0,715.435
100.924,0,755.453
82.5849,0,790.095
97.8227,0,684.377
46
-30.5,0,-712.5
110.06,0,621.533
107.228,0,653.774
84.309,0,657.322
71.4333,0,675.216
81.477,0,689.563
123.71,0,659.173
141.393,0,672.337
126.114,0,674.703
85.0829,0,712.857
110.406,0,724.839
99.9344,0,758.262
100.362,0,710.492
93.4966,0,767.21
74.1831,0,794.052
96.7566,0,687.198
47
-23.5,0,-710.5
104.783,0,626.148
108.391,0,649.456
86.332,0,660.827
64.2733,0,672.197
82.1863,0,685.336
125.101,0,654.825
150.768,0,666.764
127.506,0,670.364
86.9971,0,716.414
119.215,0,719.382
101.967,0,761.831
102.505,0,714.013
93.0107,0,755.261
74.5601,0,789.94
97.6939,0,682.935
48
-18.5,0,-710.5
102.945,0,621.336
107.756,0,652.414
84.6084,0,655.997
62.6637,0,667.35
81.7034,0,688.27
124.39,0,657.795
148.74,0,661.981
125.593,0,665.564
93.0274,0,710.384
117.377,0,714.57
109.162,0,763.576
100.743,0,709.19
92.5278,0,758.196
66.4755,0,794.051
104.851,0,684.687
49
-11.5,0,-709.5
106.85,0,622.848
102.553,0,647.38
87.9436,0,657.597
65.4288,0,669.038
75.7401,0,683.354
119.567,0,652.702
152.393,0,655.576
128.676,0,659.248
88.4568,0,713.208
121.283,0,716.082
120.593,0,763.923
104.268,0,710.76
94.4703,0,752.056
67.6578,0,788.029
99.4576,0,679.682
50
-6.5,0,-709.5
104.552,0,618.389
101.536,0,650.679
85.8822,0,653.102
63.6046,0,664.506
73.8368,0,678.834
118.392,0,656.025
149.699,0,651.179
127.422,0,662.583
86.4744,0,708.7
120.187,0,719.393
127.403,0,766.01
102.128,0,706.277
93.6906,0,755.317
65.9916,0,783.472
98.5198,0,682.968
51
-0.5,0,-708.5
105.349,0,621.277
101.165,0,645.792
85.5813,0,648.204
63.4086,0,659.592
73.6058,0,673.925
119.154,0,658.919
122.762,0,682.227
122.762,0,682.227
87.4112,0,711.567
119.781,0,714.512
128.2,0,768.898
102.995,0,709.155
85.6329,0,751.621
67.0683,0,786.317
98.184,0,678.076
52
4.5,0,-709
100.588,0,618.048
96.274,0,650.191
80.5296,0,651.984
57.8027,0,662.485
75.3264,0,676.315
112.018,0,648.397
98.0533,0,665.814
120.78,0,655.312
94.6294,0,705.768
120.025,0,718.702
134.125,0,772.486
110.374,0,703.975
84.223,0,754.431
63.2754,0,780.555
99.8326,0,681.437
53
9.5,0,-709.5
99.4221,0,613.619
102.981,0,644.865
79.5934,0,647.529
57.0958,0,658.004
74.4666,0,671.851
119.462,0,650.901
143.739,0,656.049
120.352,0,658.713
93.6168,0,701.322
119.673,0,722.093
133.696,0,775.886
110.098,0,707.358
91.1589,0,749.079
62.6449,0,776.065
98.7436,0,676.999
54
17.5,0,-709.5
99.7621,0,607.822
103.321,0,639.068
80.5854,0,649.57
57.85,0,660.073
75.3793,0,673.902
119.96,0,645.086
145.365,0,658.018
121.74,0,660.709
94.688,0,703.355
121.872,0,731.91
135.085,0,777.883
110.438,0,701.561
92.1509,0,751.121
62.4301,0,770.331
99.894,0,679.023
55
23.5,0,-708
100.666,0,611.964
96.35,0,644.108
80.5999,0,645.901
58.7542,0,664.215
68.4085,0,678.941
119.975,0,641.417
139.284,0,670.869
122.644,0,664.852
95.5922,0,707.497
114.901,0,736.95
128.114,0,782.922
111.342,0,705.703
93.0551,0,755.263
62.4447,0,766.662
99.9086,0,675.354
56
29.5,0,-708.5
100.824,0,608.235
96.4338,0,640.387
81.4262,0,650.009
58.47,0,660.536
77.0362,0,682.16
121.169,0,645.482
132.677,0,675.823
115.89,0,669.822
95.6024,0,703.785
115.948,0,741.032
130.124,0,794.808
111.5,0,701.974
101.83,0,758.465
62.0869,0,762.992
100.882,0,679.445
57
37.5,0,-707.5
101.6,0,611.217
97.2724,0,643.917
73.4265,0,646.633
59.3398,0,664.34
77.9528,0,686.376
122.023,0,649.15
125.645,0,680.944
125.645,0,680.944
96.5658,0,708.411
117.895,0,754.292
123.326,0,801.984
112.463,0,706.601
109.946,0,755.198
70.203,0,759.724
100.893,0,675.711
58
43.5,0,-707.5
104.027,0,606.286
95.3189,0,637.286
71.5568,0,652.199
55.5579,0,667.347
70.375,0,691.244
110.609,0,645.565
117.663,0,669.227
125.19,0,677.271
93.1916,0,707.567
107.3,0,754.89
113.645,0,801.979
108.718,0,708.037
115.299,0,747.316
76.2472,0,753.95
94.1371,0,676.331
59
51.5,0,-706
100.657,0,613.579
101.617,0,645.315
77.9755,0,653.971
54.5739,0,670.562
71.2156,0,693.882
117.779,0,652.767
126.46,0,676.327
126.46,0,676.327
87.6172,0,709.268
112.94,0,756.148
106.42,0,803.992
111.499,0,708.545
120.901,0,755.907
88.8179,0,748.937
94.6172,0,677.291
60
57.5,0,-706.5
102.007,0,613.756
94.4423,0,645.595
78.6728,0,653.715
55.1556,0,677.8
71.1996,0,693.491
118.325,0,653.258
118.6,0,677.069
126.622,0,684.914
87.2435,0,709.182
103.745,0,764.558
104.294,0,812.18
111.035,0,708.908
127.445,0,756.347
79.8618,0,756.895
94.8082,0,677.343
61
64.5,0,-706.5
101.059,0,614.291
101.999,0,645.55
78.2453,0,654.086
54.9617,0,678.252
71.4248,0,693.4
118.227,0,652.883
127.164,0,683.901
127.164,0,683.901
88.1231,0,716.363
105.527,0,762.769
98.7064,0,802.083
112.112,0,715.641
129.046,0,746.418
89.299,0,755.436
95.1788,0,684.864
62
70.5,0,-705
100.496,0,618.311
92.9858,0,649.655
77.4587,0,657.617
46.4047,0,673.541
70.0207,0,696.778
116.457,0,657.256
124.474,0,680.638
116.674,0,680.71
85.7647,0,712.27
94.0706,0,766.923
86.6325,0,806.084
101.364,0,712.125
132.852,0,743.108
109.381,0,735.507
93.3474,0,688.744
63
76.5,0,-705.5
105.239,0,619.912
99.5634,0,651.689
75.6286,0,653.456
52.8451,0,670.817
70.5286,0,693.03
116.096,0,658.307
133.779,0,680.52
133.779,0,680.52
88.2122,0,715.242
92.2419,0,769.821
79.1636,0,809.984
104.169,0,714.064
137.809,0,735.099
107.623,0,760.846
93.8878,0,683.466
64
86.5,0,-705.5
99.2606,0,614.582
94.5104,0,646.451
72.0833,0,656.446
50.3995,0,674.225
67.3331,0,688.315
111.444,0,660.541
129.121,0,682.414
121.397,0,683.151
78.0298,0,718.708
90.2132,0,764.667
70.7593,0,805.794
101.2,0,716.495
134.324,0,736.893
105.66,0,763.192
90.5035,0,686.102
65
92.5,0,-704.5
99.7632,0,615.949
94.9492,0,648.052
72.4283,0,658.074
49.9073,0,668.096
75.3661,0,689.452
111.187,0,654.445
136.646,0,675.801
121.143,0,677.253
78.304,0,720.83
82.7108,0,767.897
63.1277,0,809.297
101.559,0,718.653
134.036,0,731.439
114.452,0,772.838
90.8697,0,688.001
66
98.5,0,-704.5
98.9348,0,613.034
94.1328,0,644.901
79.3681,0,654.153
49.1012,0,664.873
66.8151,0,686.755
110.372,0,651.216
135.837,0,672.363
120.335,0,673.832
85.2661,0,716.42
74.1876,0,764.588
54.6208,0,805.707
100.031,0,707.168
140.998,0,726.847
121.431,0,767.966
97.8191,0,683.818
67
106.5,0,-704
103.751,0,612.515
97.9113,0,644.466
74.888,0,653.826
51.8647,0,663.186
69.0487,0,685.777
114.094,0,651.33
130.778,0,666.058
130.778,0,666.058
86.7332,0,716.23
74.0536,0,764.405
52.5318,0,797.354
101.915,0,707.369
142.123,0,720.599
137.785,0,776.138
92.5725,0,684.279
68
112.5,0,-704.5
100.769,0,612.748
95.9214,0,644.865
81.0123,0,654.195
50.4495,0,665.011
76.1642,0,686.312
112.32,0,651.223
137.29,0,664.68
129.463,0,665.424
86.2252,0,709.1
75.0396,0,757.647
47.4556,0,799.837
101.879,0,707.614
134.676,0,720.328
139.889,0,775.233
91.0733,0,676.983
69
122.5,0,-704.5
97.2222,0,613.682
99.414,0,644.878
75.5799,0,646.552
52.2938,0,656.026
69.827,0,678.306
115.303,0,643.761
132.289,0,658.243
132.837,0,666.042
87.9082,0,708.386
75.3066,0,756.296
45.7196,0,789.725
103.798,0,707.269
145.165,0,727.875
148.453,0,774.669
93.6611,0,676.632
70
129.5,0,-703.5
99.3292,0,606.4
92.1399,0,645.6
76.6243,0,645.825
53.5783,0,661.799
69.435,0,685.025
107.655,0,645.374
131.156,0,660.67
123.512,0,668.6
77.5338,0,708.364
70.5719,0,763.199
39.8818,0,787.102
100.807,0,708.026
139.937,0,730.914
148.377,0,777.705
92.5947,0,676.869
71
137.5,0,-702.5
99.3993,0,602.958
95.4628,0,642.636
80.6025,0,651.976
50.1057,0,662.877
75.8897,0,683.875
111.099,0,641.076
129.065,0,662.854
129.841,0,670.634
78.9951,0,714.993
75.835,0,762.45
38.2962,0,781.911
102.45,0,712.652
136.052,0,732.87
149.305,0,786.546
90.7499,0,674.535
72
145.5,0,-702.5
100.215,0,608.155
94.929,0,639.937
80.0862,0,648.94
50.4008,0,666.948
75.4099,0,688.517
110.992,0,646.522
127.664,0,660.901
120.548,0,669.3
77.24,0,711.9
73.7838,0,767.065
43.4883,0,777.278
92.6927,0,710.691
133.765,0,738.844
145.761,0,792.8
90.2527,0,679.513
73
151.5,0,-702.5
103.14,0,608.23
99.9466,0,640.315
77.7878,0,651.494
56.7725,0,670.407
75.7377,0,691.313
108.857,0,646.901
127.823,0,667.806
121.199,0,676.689
78.0246,0,706.781
79.4048,0,769.803
47.1916,0,766.662
102.47,0,711.07
131.49,0,746.296
139.494,0,800.434
96.753,0,672.4
74
165.5,0,-702.5
98.3867,0,608.749
94.494,0,640.776
79.7582,0,650.545
50.2865,0,670.082
77.8513,0,698.081
111.216,0,646.517
129.923,0,667.768
123.052,0,676.529
79.8371,0,713.591
86.7875,0,767.875
46.4727,0,765.154
103.43,0,710.57
131.988,0,746.323
131.074,0,801.614
91.5942,0,680.557
75
168.5,0,-701.5
102.96,0,606.115
97.1799,0,638.075
82.0234,0,646.961
52.2243,0,672.595
77.785,0,702.507
113.364,0,644.913
130.576,0,667.475
131.09,0,675.337
78.8126,0,718.231
90.2445,0,772.753
50.0411,0,759.589
102.318,0,716.695
128.393,0,754.469
124.154,0,810.015
92.4277,0,685.759
76
175.5,0,-702.5
103.131,0,603.946
99.6403,0,643.694
84.8691,0,653.21
56.1921,0,680.017
74.4254,0,701.603
116.143,0,649.729
133.51,0,663.539
127.423,0,679.96
84.8403,0,724.059
97.8517,0,769.842
57.0288,0,758.643
100.477,0,722.319
120.441,0,759.456
110.863,0,815.625
96.1495,0,683.441
77
190.5,0,-701.5
99.9706,0,605.311
95.5882,0,645.276
80.6142,0,654.507
51.3562,0,680.825
76.9217,0,702.328
119.774,0,651.068
136.817,0,665.403
130.365,0,681.802
86.1334,0,717.351
114.459,0,770.276
66.7771,0,766.547
101.797,0,715.975
114.459,0,770.276
103.624,0,826.64
91.2057,0,685.241
78
193.5,0,-700.5
104.994,0,615.282
98.8289,0,647.661
83.4826,0,656.5
53.2209,0,682.167
77.7482,0,696.867
115.037,0,654.798
139.564,0,669.499
132.106,0,677.912
86.9291,0,720.407
113.61,0,775.049
92.9605,0,832.244
94.8177,0,719.981
113.18,0,767.061
73.3061,0,761.2
93.0944,0,688.028
79
201.5,0,-702.5
102.451,0,613.962
98.9924,0,646.492
76.9603,0,657.473
55.988,0,676.328
74.5617,0,697.876
115.447,0,652.293
140.658,0,664.932
134.02,0,673.841
86.4979,0,728.334
122.586,0,763.557
76.402,0,769.773
94.1952,0,727.298
101.613,0,782.412
77.1826,0,833.797
96.5938,0,686.895
80
209.5,0,-700.5
106.192,0,620.645
101.748,0,653.298
79.1129,0,663.749
56.478,0,674.201
74.6689,0,696.402
126.074,0,658.757
150.4,0,664.216
143.419,0,673.003
86.7245,0,735.346
128.396,0,755.051
90.9532,0,775.122
94.5513,0,734.514
100.472,0,790.2
73.3927,0,833.304
98.1495,0,693.906
81
218.5,0,-699.5
102.386,0,620.531
98.9337,0,653.296
84.4784,0,663.337
54.4887,0,675.492
73.2594,0,697.158
123.314,0,658.051
147.694,0,662.807
141.006,0,671.791
86.4207,0,735.736
135.181,0,745.247
100.661,0,782.241
100.876,0,725.695
95.0513,0,799.151
68.2981,0,835.087
96.5608,0,693.987
82
226.5,0,-700.5
107.721,0,618.811
102.501,0,651.325
79.8836,0,661.144
49.5165,0,671.577
74.6632,0,693.658
126.383,0,657.457
150.265,0,663.588
143.147,0,672.178
85.575,0,732.919
133.339,0,745.181
105.501,0,787.514
100.442,0,723.715
90.0017,0,788.743
62.1641,0,831.076
97.9128,0,691.815
83
237.5,0,-699.5
104.267,0,617.409
100.705,0,650.175
86.1256,0,660.206
55.9006,0,672.339
73.6762,0,686.094
125.238,0,654.951
157.594,0,658.676
143.014,0,668.707
87.8903,0,732.616
136.956,0,742.168
119.88,0,792.893
102.47,0,722.585
95.3471,0,788.117
52.6727,0,826.138
98.2092,0,690.87
84
243.5,0,-699.5
110.703,0,612.339
105.36,0,644.889
82.0987,0,654.834
51.5219,0,673.41
76.7557,0,687.383
129.936,0,650.889
162.486,0,656.232
147.855,0,673.493
95.989,0,725.933
145.142,0,737.934
133.798,0,795.059
103.962,0,725.275
92.6184,0,782.401
48.0681,0,826.211
101.332,0,693.384
85
254.5,0,-698
107.763,0,612.884
102.613,0,645.417
79.9305,0,655.315
49.4678,0,665.854
74.7804,0,687.848
126.611,0,651.465
158.388,0,656.872
144.143,0,674.101
93.6279,0,726.429
141.623,0,738.526
146.225,0,794.336
109.188,0,725.146
90.4502,0,782.882
47.0573,0,826.596
105.901,0,685.282
86
258.5,0,-699
106.679,0,605.797
102.219,0,646.301
79.6325,0,656.19
49.2984,0,666.719
74.5145,0,688.721
125.462,0,644.384
157.769,0,657.774
143.588,0,674.998
92.6402,0,719.335
141.1,0,739.42
154.108,0,802.565
115.884,0,717.418
89.4946,0,775.784
46.2947,0,819.483
105.506,0,686.165
87
273.5,0,-699
107.028,0,600.335
102.491,0,640.302
79.7993,0,650.092
49.9763,0,668.389
75.2622,0,690.06
126.48,0,646.243
158.897,0,659.407
144.634,0,676.42
101.197,0,719.596
142.691,0,747.849
162.792,0,801.622
116.757,0,718.313
90.1768,0,775.935
45.4423,0,803.38
106.382,0,687.493
88
275.5,0,-698
107.909,0,601.953
103.312,0,641.925
80.4404,0,651.73
50.3774,0,670.047
75.8433,0,691.703
127.481,0,647.851
160.138,0,660.995
145.755,0,678.019
101.958,0,721.224
143.753,0,749.452
164.621,0,811.08
117.638,0,719.931
90.8179,0,777.573
45.7234,0,805.048
106.555,0,681.251
89
293.5,0,-699
117.46,0,607.063
112.148,0,639.176
81.1703,0,649.649
50.8415,0,667.987
84.4132,0,688.975
128.609,0,645.737
154.275,0,667.377
147.017,0,675.894
102.821,0,719.132
145.596,0,755.198
166.598,0,816.815
118.634,0,717.828
100.103,0,782.705
53.3125,0,794.482
108.133,0,687.019
90
293.5,0,-696
110.031,0,600.065
112.444,0,639.992
81.7106,0,649.864
51.9425,0,675.706
84.6059,0,697.776
128.534,0,647.034
153.394,0,669.576
146.072,0,678.033
101.661,0,720.79
143.576,0,766.344
163.045,0,829.285
125.073,0,719.375
105.522,0,784.673
58.6981,0,787.502
107.535,0,688.376
91
312.5,0,-699
121.596,0,600.854
112.656,0,639.852
88.8886,0,647.04
56.8349,0,669.697
79.7306,0,693.881
135.988,0,648.349
158.884,0,672.533
150.816,0,680.158
110.258,0,726.126
148.418,0,766.433
162.373,0,829.614
126.176,0,718.719
116.582,0,781.246
69.4824,0,779.937
111.348,0,686.91
92
314.5,0,-695
120.374,0,604.426
111.478,0,644.194
87.901,0,651.542
56.0946,0,674.667
86.5672,0,699.523
134.61,0,652.84
157.298,0,677.48
149.291,0,685.261
109.255,0,724.163
138.838,0,781.007
145.067,0,837.202
124.825,0,724.596
123.046,0,788.572
76.5594,0,779.276
110.366,0,684.179
93
337.5,0,-699
123.105,0,602.333
114.027,0,642.096
89.9046,0,649.429
57.149,0,680.531
88.5708,0,697.41
137.704,0,650.758
160.715,0,683.41
160.493,0,691.406
111.582,0,730.062
141.892,0,786.927
140.336,0,842.905
135.704,0,722.73
141.892,0,786.927
140.336,0,842.905
120.66,0,690.299
94
343.5,0,-698
121.547,0,602.049
120.436,0,642.034
88.5747,0,657.154
64.3454,0,680.49
87.4632,0,697.139
135.922,0,650.467
158.595,0,683.11
166.449,0,683.328
110.136,0,729.782
139.997,0,786.633
130.364,0,850.39
133.699,0,730.437
147.851,0,786.852
100.948,0,777.545
119.102,0,690.015
95
355.5,0,-698
126.92,0,604.491
118.898,0,643.736
95.1252,0,659.375
63.4435,0,674.99
95.0116,0,698.643
142.58,0,659.512
166.239,0,683.141
166.216,0,690.995
110.716,0,737.957
134.284,0,793.001
118.307,0,847.93
134.466,0,730.172
165.943,0,785.238
134.262,0,800.854
118.762,0,690.858
96
363.5,0,-698
128.399,0,607.827
128.285,0,647.339
104.262,0,655.172
64.1935,0,678.764
96.1248,0,702.563
144.262,0,655.288
168.193,0,679.064
176.17,0,686.99
112.033,0,734.219
135.85,0,797.508
111.713,0,844.853
136.033,0,734.289
175.896,0,781.819
135.873,0,789.606
120.148,0,694.73
97
379.5,0,-699
127.865,0,610.704
127.752,0,649.972
103.829,0,657.757
71.8946,0,681.226
103.716,0,697.025
143.662,0,657.872
175.461,0,681.525
175.461,0,681.525
111.569,0,736.316
127.32,0,799.191
103.284,0,846.244
135.491,0,728.532
183.178,0,767.938
111.387,0,799.145
127.616,0,697.094
98
384.5,0,-698.5
135.226,0,610.752
127.182,0,649.997
103.366,0,657.782
71.5966,0,673.397
103.252,0,697.05
150.952,0,657.92
174.7,0,673.696
174.677,0,681.549
119.001,0,736.364
118.819,0,799.193
94.8899,0,846.246
134.886,0,728.556
190.312,0,760.131
142.658,0,783.555
127.045,0,697.119
99
394.5,0,-697.5
136.421,0,609.971
136.307,0,649.483
112.284,0,657.316
80.2385,0,673.028
104.17,0,696.805
152.284,0,657.431
184.238,0,673.329
184.215,0,681.231
120.056,0,736.363
119.873,0,799.582
87.7357,0,846.904
144.078,0,728.53
192.01,0,752.376
151.895,0,791.772
128.17,0,696.874
100
410.5,0,-697.5
134.204,0,609.709
134.09,0,648.977
110.455,0,656.762
78.9254,0,672.379
110.341,0,696.031
149.832,0,649.023
181.248,0,672.675
181.225,0,680.528
125.992,0,727.491
110.046,0,798.128
78.4484,0,837.305
141.734,0,727.536
196.785,0,743.403
165.142,0,798.287
133.976,0,688.245
101
424.5,0,-697.5
140.22,0,603.903
132.34,0,643.148
116.784,0,650.957
85.6721,0,666.575
108.904,0,690.203
155.617,0,651.069
178.872,0,666.844
186.593,0,682.574
124.346,0,721.662
108.609,0,792.3
69.6391,0,839.309
139.88,0,721.707
194.178,0,745.425
178.486,0,800.356
132.204,0,690.27
102
426.5,0,-697.5
140.357,0,599.979
140.22,0,647.393
124.649,0,655.251
85.7553,0,663.041
109.009,0,686.815
155.768,0,647.438
179.022,0,671.213
186.774,0,679.138
132.217,0,726.395
108.712,0,789.547
69.7041,0,836.849
147.766,0,726.44
194.365,0,742.38
194.182,0,805.599
140.106,0,686.905
103
438.5,0,-697.5
149.97,0,604.002
141.985,0,643.492
126.22,0,651.349
94.6908,0,667.062
118.235,0,690.838
165.575,0,651.462
181.271,0,667.313
189.096,0,683.14
133.885,0,722.493
117.938,0,793.569
70.6209,0,825.042
149.627,0,722.539
204.655,0,746.405
212.343,0,809.647
141.848,0,690.906
104
449.5,0,-698.5
148.744,0,600.906
148.63,0,640.175
132.995,0,647.983
93.9174,0,663.577
125.052,0,695.082
164.221,0,648.073
187.572,0,671.702
195.355,0,679.578
132.768,0,726.519
116.95,0,797.157
70.0438,0,820.582
156.187,0,726.587
202.957,0,750.283
218.389,0,813.157
148.494,0,687.296
105
455,0,-698.5
159.8,0,595.234
151.697,0,642.332
135.741,0,650.14
103.829,0,665.755
127.661,0,689.385
167.607,0,650.232
191.462,0,666.009
199.383,0,681.739
143.503,0,720.846
135.309,0,799.359
71.5534,0,807.028
159.436,0,720.892
207.122,0,760.298
230.841,0,823.196
151.583,0,681.601
106
466.5,0,-695.5
159.795,0,596.897
159.659,0,644.018
143.698,0,651.826
103.809,0,667.418
135.616,0,691.071
175.596,0,644.064
199.411,0,675.548
207.335,0,691.278
143.494,0,722.509
143.267,0,801.045
79.5399,0,793.007
159.431,0,722.555
215.099,0,761.984
230.855,0,824.859
159.545,0,683.286
107
483.5,0,-695.5
167.874,0,597.214
163.034,0,644.761
147.119,0,645.816
108.371,0,664.128
134.323,0,693.89
178.95,0,643.705
196.943,0,673.996
213.898,0,688.613
152.317,0,724.181
149.556,0,803.073
92.8141,0,791.094
168.232,0,723.125
211.138,0,767.505
231.73,0,836.978
157.676,0,684.471
108
492.5,0,-694.5
170.503,0,598.977
165.459,0,646.781
149.683,0,647.729
111.664,0,673.764
136.277,0,688.118
181.236,0,645.833
198.909,0,676.437
215.633,0,691.265
147.01,0,734.973
159.165,0,805.493
103,0,793.036
170.675,0,733.551
212.961,0,778.51
216.754,0,841.615
159.942,0,686.696
109
501.5,0,-693.5
178.268,0,599.097
174.446,0,646.723
150.841,0,648.758
121.391,0,674.944
147.019,0,696.384
190.857,0,653.192
208.617,0,675.309
217.834,0,690.28
158.26,0,734.829
172.198,0,804.573
115.771,0,793.671
173.996,0,733.473
210.19,0,785.532
208.392,0,856.632
170.624,0,694.349
110
509.5,0,-692.5
177.625,0,601.473
173.934,0,649.969
158.308,0,651.316
129.116,0,677.921
146.803,0,700.485
190.247,0,656.592
207.935,0,679.157
217.122,0,694.424
158.052,0,739.664
187.674,0,809.378
130.921,0,790.18
181.491,0,737.644
210.426,0,799.387
200.296,0,864.498
170.243,0,698.465
111
519.5,0,-693
180.337,0,606.215
183.772,0,646.067
160.633,0,656.091
130.926,0,682.741
156.126,0,696.628
200.343,0,652.668
218.975,0,683.181
228.291,0,698.437
168.19,0,743.766
83.9615,0,694.818
103.28,0,733.301
104.352,0,652.912
100.532,0,701.42
111.222,0,732.617
179.952,0,694.574
112
528.5,0,-692.5
183.069,0,603.444
187.191,0,651.267
163.967,0,661.298
134.146,0,687.958
158.744,0,693.867
203.819,0,657.863
221.821,0,680.401
239.823,0,702.938
171.524,0,748.973
71.0692,0,701.424
89.7581,0,731.932
179.494,0,748.286
94.9806,0,699.363
97.7285,0,731.245
183.343,0,699.777
113
542.5,0,-693.5
191.537,0,610.69
193.617,0,650.636
170.205,0,659.866
139.682,0,685.488
164.342,0,700.225
209.919,0,657.798
227.052,0,680.938
243.77,0,696.089
174.781,0,747.747
232.877,0,792.786
78.2205,0,728.742
182.724,0,747.333
76.5564,0,696.786
86.5792,0,736.318
188.587,0,706.973
114
549.5,0,-691.5
196.864,0,606.233
193.363,0,654.769
178.177,0,664.223
148.548,0,691.095
173.932,0,704.794
218.003,0,660.502
236.166,0,682.91
245.62,0,698.097
186.362,0,751.841
245.84,0,786.459
63.9056,0,731.142
193.583,0,743.132
68.8944,0,698.536
72.615,0,738.363
189.862,0,703.305
115
559.5,0,-692
200.555,0,609.595
202.894,0,657.538
178.922,0,658.708
156.51,0,691.839
172.881,0,699.05
218.875,0,656.758
244.016,0,679.56
253.176,0,703.142
191.201,0,746.213
256.684,0,775.056
202.7,0,817.738
199.191,0,745.823
194.709,0,818.128
149.105,0,868.41
197.242,0,705.871
116
568.5,0,-694.5
204.51,0,605.084
199.04,0,653.408
176.003,0,662.541
26.0751,0,637.818
177.563,0,694.503
222.857,0,660.255
247.453,0,683.084
66.2891,0,659.884
26.8548,0,653.799
21.3849,0,702.123
38.5621,0,733.323
50.2815,0,652.656
44.8116,0,700.98
46.7608,0,740.932
201.379,0,701.351
117
583.5,0,-692.5
17.9318,0,573.936
27.3337,0,605.516
187.303,0,661.787
59.8733,0,627.957
196.705,0,693.367
12.0385,0,614.271
12.8182,0,630.252
13.9877,0,654.224
199.044,0,741.31
8.0943,0,694.559
25.7285,0,733.746
37.5152,0,653.076
32.0117,0,701.402
41.8034,0,740.971
28.5032,0,629.487
118
590.5,0,-692
215.875,0,599.908
210.32,0,648.236
194.922,0,656.997
181.084,0,697.72
204.375,0,688.574
234.391,0,655.072
235.951,0,687.034
237.12,0,711.005
206.714,0,736.517
186.541,0,809.587
141.517,0,859.841
230.396,0,735.362
194.045,0,801.211
141.517,0,859.841
212.659,0,696.179
119
597.5,0,-693.5
215.776,0,601.356
218.076,0,648.5
194.675,0,657.517
188.664,0,697.191
204.137,0,688.56
242.244,0,655.197
243.777,0,686.626
227.538,0,679.542
206.437,0,735.704
194.031,0,807.193
140.451,0,849.187
230.221,0,734.543
194.031,0,807.193
140.067,0,841.33
220.376,0,695.644
120
611.5,0,-691.5
224.536,0,603.041
226.452,0,642.328
203.046,0,651.346
197.416,0,698.876
220.439,0,682.001
250.625,0,649.024
252.159,0,680.454
252.159,0,680.454
215.192,0,737.389
210.712,0,808.492
148.423,0,835.159
231.052,0,736.616
210.712,0,808.492
148.423,0,835.159
228.752,0,689.472
121
620.5,0,-690.5
230.558,0,602.495
232.507,0,642.448
209.268,0,651.591
211.997,0,707.524
234.456,0,682.4
256.526,0,649.285
265.962,0,680.863
249.429,0,665.65
221.433,0,739.102
271.03,0,784.739
154.834,0,830.456
237.185,0,738.333
217.065,0,811.401
154.834,0,830.456
227.36,0,698.765
122
634.5,0,-691
235.144,0,605.543
235.995,0,648.574
214.028,0,657.805
222.201,0,697.758
245.293,0,670.7
249.516,0,660.247
239.946,0,698.98
259.665,0,725.404
223.052,0,740.789
287.558,0,791.781
164.198,0,826.264
230.375,0,737.712
221.655,0,819.475
164.198,0,826.264
232.623,0,702.057
123
650.5,0,-693.5
248.192,0,606.114
242.207,0,646.453
226.726,0,655.218
236.611,0,694.783
258.856,0,661.66
258.466,0,653.67
275.116,0,668.876
274.726,0,660.886
238.95,0,742.726
281.353,0,796.724
284.082,0,852.658
246.885,0,742.339
234.913,0,823.018
178.978,0,817.738
237,0,702.774
124
656.5,0,-692.5
250.693,0,606.143
252.213,0,645.447
228.535,0,654.235
254.037,0,692.611
268.809,0,660.55
268.201,0,644.828
300.785,0,659.314
333.369,0,673.799
248.17,0,747.946
290.268,0,801.426
293.004,0,872.173
247.866,0,740.085
258.9,0,818.384
202.638,0,812.687
246.346,0,700.781
125
666.5,0,-691.5
257.345,0,603.25
258.276,0,651.241
242.434,0,659.55
267.05,0,691.079
274.273,0,650.931
266.429,0,659.085
314.576,0,666.152
338.726,0,673.685
252.294,0,755.377
285.374,0,810.746
213.388,0,812.142
252.139,0,747.378
285.374,0,810.746
286.771,0,882.732
251.363,0,707.386
126
676,0,-689.5
265.386,0,603.837
264.982,0,653.879
247.454,0,656.245
279.746,0,684.021
289.993,0,654.074
282.51,0,651.513
,,
,,
251.77,0,741.356
,,
,,
,,
,,
,,
267.14,0,696.435
127
691.5,0,-692.5
270.272,0,616.636
272.602,0,659.251
254.902,0,661.558
285.178,0,671.917
282.733,0,654.354
290.302,0,656.944
290.302,0,656.944
282.733,0,654.354
264.685,0,731.813
,,
,,
,,
,,
,,
277.493,0,694.378
128
699,0,-691.5
,,
,,
248.284,0,554.042
,,
232.913,0,598.964
,,
,,
,,
,,
,,
,,
,,
,,
,,
,,
129
718,0,-691.5
,,
,,
,,
,,
,,
,,
,,
,,
,,
,,
,,
,,
,,
,,
,,
130
724.5,0,-691
,,
,,
,,
,,
,,
,,
,,
,,
,,
,,
,,
,,
,,
,,
,,
131
734.5,0,-694.5
,,
,,
,,
,,
,,
,,
,,
,,
,,
218.867,0,882.926
,,
,,
,,
,,
,,
132
752.5,0,-693.5
,,
,,
207.165,0,872.099
,,
,,
,,
,,
,,
,,
207.165,0,872.099
,,
,,
,,
,,
,,
133
756.5,0,-693
,,
,,
,,
,,
,,
,,
,,
,,
,,
,,
,,
,,
,,
,,
,,
134
768.5,0,-693
,,
,,
,,
,,
,,
,,
,,
,,
,,
,,
,,
,,
,,
,,
,,
135
777.5,0,-693
,,
,,
,,
,,
,,
,,
,,
,,
,,
,,
,,
,,
,,
,,
,,
136
791.5,0,-694
,,
,,
,,
,,
216.868,0,836.066
,,
,,
,,
,,
217.793,0,883.796
,,
,,
,,
,,
,,
137
800.5,0,-693
,,
,,
,,
,,
,,
,,
,,
,,
,,
,,
,,
,,
,,
,,
,,
138
808.5,0,-694
,,
,,
,,
,,
,,
,,
,,
,,
,,
,,
,,
,,
,,
,,
,,
139
816.5,0,-695
,,
,,
,,
,,
,,
,,
,,
,,
,,
,,
,,
,,
,,
,,
,,
140
833.5,0,-695
,,
,,
,,
,,
,,
,,
,,
,,
,,
,,
,,
,,
,,
,,
,,
141
840.5,0,-698
,,
,,
,,
,,
,,
,,
,,
,,
,,
,,
,,
,,
,,
,,
,,
142
854.5,0,-699
,,
,,
,,
,,
,,
,,
,,
,,
,,
,,
,,
,,
,,
,,
,,
143
867.5,0,-700
,,
,,
,,
,,
,,
,,
,,
,,
,,
,,
,,
,,
,,
,,
,,
144
873.5,0,-701
,,
,,
,,
,,
,,
,,
,,
,,
,,
,,
,,
,,
,,
,,
,,
145
883.5,0,-702.5
,,
,,
,,
,,
,,
,,
,,
,,
,,
,,
,,
,,
,,
,,
,,
146
892.5,0,-702
,,
,,
,,
,,
,,
,,
,,
,,
,,
,,
,,
,,
,,
,,
,,
147
903.5,0,-703.5
,,
,,
,,
243.675,0,659.484
,,
,,
,,
,,
,,
,,
,,
,,
,,
,,
,,
148
916.5,0,-700.5
,,
,,
231.534,0,639.408
233.811,0,657.006
251.245,0,654.562
,,
251.245,0,654.562
243.816,0,652.02
240.942,0,684.674
,,
,,
,,
,,
,,
251.245,0,654.562
149
933.5,0,-699.5
,,
230.528,0,639.01
223.161,0,636.49
215.434,0,659.074
240.109,0,659.107
245.261,0,644.051
247.476,0,661.628
232.743,0,656.587
225.015,0,679.171
222.079,0,711.804
229.084,0,739.429
242.324,0,676.684
239.387,0,709.317
231.66,0,731.901
232.743,0,656.587
150
939.5,0,-700.5
225.797,0,602.083
226.414,0,633.903
210.753,0,642.165
211.062,0,658.075
226.877,0,657.768
242.384,0,641.551
242.846,0,665.416
211.062,0,658.075
219.432,0,681.786
219.895,0,705.652
220.512,0,737.472
235.247,0,681.48
227.957,0,713.453
220.512,0,737.472
226.877,0,657.768
151
946.5,0,-702.5
218.73,0,608.281
219.193,0,632.146
203.472,0,640.409
195.997,0,664.428
219.81,0,663.966
235.223,0,639.793
235.686,0,663.658
211.872,0,664.12
204.243,0,680.184
204.86,0,712.004
205.478,0,743.824
220.119,0,679.876
220.736,0,711.696
213.416,0,743.67
219.81,0,663.966
152
956.5,0,-704
208.611,0,608.498
201.222,0,632.515
185.674,0,640.775
186.137,0,664.64
209.691,0,664.183
217.079,0,640.166
217.542,0,664.031
193.988,0,664.488
194.297,0,680.398
194.914,0,712.218
195.531,0,744.038
210,0,680.093
202.765,0,712.066
203.228,0,735.931
201.839,0,664.335
153
967.5,0,-707
195.832,0,607.619
196.293,0,631.354
180.51,0,639.574
180.97,0,663.309
196.907,0,663
212.383,0,638.956
212.843,0,662.691
188.939,0,663.154
189.245,0,678.977
189.859,0,710.624
190.473,0,742.27
205.182,0,678.668
197.828,0,710.469
190.473,0,742.27
196.907,0,663
154
981.5,0,-707
186.419,0,610.808
186.882,0,634.673
171.221,0,642.934
163.777,0,666.953
187.5,0,666.493
202.852,0,642.321
203.315,0,666.186
171.684,0,666.8
171.993,0,682.71
172.61,0,714.53
173.227,0,746.35
195.716,0,682.249
188.425,0,714.223
181.135,0,746.196
187.345,0,658.538
155
993.5,0,-708
175.856,0,609.098
176.319,0,632.963
153.095,0,641.371
153.558,0,665.236
176.936,0,664.783
184.266,0,640.767
184.729,0,664.632
161.351,0,665.085
161.659,0,680.995
162.277,0,712.815
162.894,0,744.635
177.245,0,680.693
177.862,0,712.513
170.687,0,744.484
169.144,0,664.934
156
1003.5,0,-707.5
160.888,0,607.433
161.505,0,639.253
145.861,0,639.556
146.324,0,663.421
161.968,0,663.118
177.149,0,638.949
177.612,0,662.814
154.146,0,663.27
154.609,0,687.135
155.072,0,711
155.689,0,742.82
170.253,0,686.831
163.048,0,718.803
155.689,0,742.82
161.968,0,663.118
157
1013.5,0,-708.5
156.132,0,613.232
156.595,0,637.097
140.815,0,645.361
133.31,0,669.381
157.058,0,660.962
172.684,0,644.743
173.147,0,668.608
149.245,0,669.071
141.586,0,685.136
142.203,0,716.956
142.821,0,748.776
165.488,0,684.672
158.138,0,716.647
150.788,0,748.622
157.058,0,660.962
158
1029.5,0,-707.5
139.844,0,606.734
140.995,0,638.539
125.436,0,647.064
126.012,0,662.967
141.859,0,662.393
157.13,0,645.917
157.993,0,669.77
134.223,0,670.631
134.799,0,686.534
135.662,0,710.388
137.102,0,750.144
150.646,0,685.96
143.874,0,718.052
136.814,0,742.193
141.859,0,662.393
159
1035.5,0,-708.5
130.058,0,608.142
136.851,0,640.235
120.674,0,647.611
112.153,0,663.226
128.043,0,663.801
152.741,0,640.81
151.877,0,664.664
128.043,0,663.801
119.234,0,687.367
126.315,0,711.509
125.164,0,743.314
143.069,0,688.23
133.972,0,719.748
125.164,0,743.314
135.987,0,664.089
160
1048.5,0,-708.5
119.307,0,610.045
118.87,0,641.868
103.109,0,641.652
102.782,0,665.519
118.651,0,657.78
134.63,0,642.084
134.302,0,665.952
110.662,0,665.627
110.334,0,689.495
110.006,0,713.362
117.45,0,745.293
126.094,0,689.711
125.658,0,721.534
117.45,0,745.293
118.542,0,665.735
161
1057.5,0,-709.5
112.52,0,610.687
112.086,0,642.336
96.2451,0,650.032
96.0278,0,665.857
103.894,0,665.965
127.817,0,642.552
127.491,0,666.289
103.894,0,665.965
95.7019,0,689.594
103.242,0,713.439
102.807,0,745.088
119.3,0,689.918
110.999,0,721.459
102.807,0,745.088
111.76,0,666.073
162
1067.5,0,-709.5
97.8855,0,612.971
99.3894,0,636.662
84.0892,0,645.563
77.6924,0,669.756
101.395,0,668.251
115.692,0,643.557
117.196,0,667.248
85.5932,0,669.254
86.5958,0,685.048
88.601,0,716.637
90.6063,0,748.226
102.397,0,684.045
104.403,0,715.634
98.5071,0,747.724
101.395,0,668.251
163
1076.5,0,-709.5
92.6486,0,615.666
93.7713,0,639.379
78.1635,0,648.04
71.2952,0,672.131
95.2683,0,670.996
110.128,0,646.526
103.259,0,670.617
79.2862,0,671.752
80.0347,0,687.561
81.5317,0,719.177
83.0287,0,750.794
96.0168,0,686.804
89.5227,0,718.799
83.0287,0,750.794
86.903,0,663.47
164
1087.5,0,-710.5
78.2544,0,614.323
79.3771,0,638.036
64.1688,0,646.678
57.5003,0,670.759
80.8741,0,669.653
95.3339,0,645.202
88.6654,0,669.284
65.2916,0,670.39
66.04,0,686.199
67.537,0,717.816
69.034,0,749.432
81.9968,0,693.365
83.4938,0,724.982
69.034,0,749.432
80.8741,0,669.653
165
1099.5,0,-710.5
71.4978,0,618.08
72.6205,0,641.793
49.5383,0,650.807
50.2868,0,666.616
74.1175,0,673.409
88.6324,0,648.956
81.9363,0,673.039
58.4798,0,674.15
59.2283,0,689.958
60.7253,0,721.575
62.2223,0,753.192
74.866,0,689.218
68.5441,0,721.205
62.2223,0,753.192
65.9244,0,665.875
166
1106.5,0,-711.5
56.3757,0,612.886
57.8726,0,644.503
42.0972,0,645.25
35.3322,0,669.336
58.9954,0,668.216
74.0223,0,651.66
75.145,0,675.373
43.2199,0,668.963
44.3427,0,692.675
45.4654,0,716.388
47.3366,0,755.909
68.0058,0,691.555
61.6151,0,723.545
54.8501,0,747.631
58.9954,0,668.216
167
1117.5,0,-712.5
46.8889,0,617.473
48.0116,0,641.186
32.7482,0,649.831
26.0521,0,673.913
49.5086,0,672.803
64.0235,0,648.35
65.1462,0,672.062
33.8709,0,673.543
34.6194,0,689.352
36.1164,0,720.968
37.6134,0,752.585
50.2571,0,688.611
51.754,0,720.228
45.4322,0,752.215
49.5086,0,672.803
168
1127.5,0,-713.5
38.6023,0,619.202
39.725,0,642.914
16.6811,0,651.927
17.8038,0,675.64
41.222,0,674.531
55.7114,0,650.079
49.0281,0,674.162
25.6099,0,675.27
26.3583,0,691.079
27.8553,0,722.696
29.3523,0,754.312
41.9705,0,690.34
35.6614,0,722.326
29.3523,0,754.312
33.4159,0,674.901
169
1137.5,0,-713.5
30.7793,0,614.338
24.4087,0,646.502
8.65709,0,647.248
9.78599,0,671.09
25.5376,0,670.345
40.5366,0,653.704
41.6655,0,677.547
17.6618,0,670.718
10.9149,0,694.933
12.4201,0,726.724
21.8011,0,758.141
34.5423,0,693.815
28.1717,0,725.978
21.8011,0,758.141
25.5376,0,670.345
170
1146.5,0,-715
15.1588,0,615.993
16.664,0,647.783
1.20091,0,656.481
1.95351,0,672.376
17.7929,0,671.626
32.5034,0,647.034
34.0086,0,678.824
2.32981,0,680.324
3.08241,0,696.219
4.21131,0,720.062
6.09281,0,759.8
26.8415,0,695.094
20.427,0,727.26
6.09281,0,759.8
17.7929,0,671.626
171
1155.5,0,-715
,,
,,
,,
,,
,,
,,
,,
,,
,,
12.6805,0,734.571
5.58662,0,757.362
,,
,,
5.58662,0,757.362
,,
172
1164.5,0,-716
,,
,,
,,
,,
,,
,,
,,
,,
,,
,,
,,
,,
,,
,,
,,
173
1175.5,0,-716
,,
,,
,,
,,
,,
,,
,,
,,
,,
,,
,,
,,
,,
,,
,,
174
1184.5,0,-717
,,
,,
,,
,,
,,
,,
,,
,,
,,
,,
,,
,,
,,
,,
,,
175
1194.5,0,-718
,,
,,
,,
,,
221.081,0,827.22
,,
,,
,,
,,
,,
,,
,,
,,
,,
,,
176
1204.5,0,-719
,,
,,
,,
,,
209.813,0,829.768
,,
,,
202.646,0,832.768
,,
,,
,,
,,
,,
,,
,,
177
1212.5,0,-719
,,
,,
,,
,,
196.5,0,827.596
,,
,,
196.5,0,827.596
,,
,,
,,
,,
199.494,0,890.83
,,
,,
178
1221.5,0,-720
,,
,,
,,
,,
196.839,0,823.232
,,
,,
,,
,,
,,
,,
,,
,,
,,
,,
179
1231.5,0,-721
,,
,,
,,
,,
184.275,0,833.846
,,
,,
,,
,,
,,
,,
,,
,,
,,
,,
180
1241.5,0,-721
,,
,,
,,
,,
173.251,0,830.106
,,
166.779,0,877.817
158.557,0,850.395
,,
,,
,,
,,
,,
,,
,,
181
1248.5,0,-723
,,
,,
,,
,,
,,
,,
,,
,,
,,
,,
,,
,,
,,
151.405,0,836.327
,,
182
1258.5,0,-723
,,
,,
,,
,,
,,
,,
,,
,,
,,
,,
,,
,,
,,
,,
,,
183
1267.5,0,-723
,,
,,
,,
,,
,,
,,
,,
,,
,,
,,
,,
,,
,,
,,
,,
184
1277.5,0,-724
,,
,,
,,
,,
,,
,,
,,
,,
,,
,,
,,
,,
,,
,,
,,
185
1284.5,0,-725.5
,,
,,
,,
,,
,,
,,
,,
,,
,,
,,
,,
,,
,,
,,
,,
186
1292.5,0,-725.5
,,
,,
,,
,,
,,
,,
,,
,,
,,
,,
,,
,,
,,
,,
,,
187
1301.5,0,-725.5
,,
,,
,,
161.532,0,949.784
,,
,,
,,
,,
,,
,,
,,
,,
,,
,,
,,
188
1309.5,0,-725.5
,,
,,
,,
,,
,,
,,
,,
,,
,,
,,
,,
,,
,,
,,
,,
189
1318.5,0,-724.5
,,
,,
,,
,,
,,
,,
,,
,,
,,
,,
,,
,,
,,
,,
,,
190
1326.5,0,-723.5
,,
,,
,,
,,
,,
,,
,,
,,
,,
,,
,,
,,
,,
,,
,,
191
1332.5,0,-725
,,
,,
,,
,,
,,
,,
,,
,,
,,
,,
,,
,,
,,
,,
,,
192
1347,0,-726.5
,,
,,
,,
,,
,,
,,
,,
,,
,,
,,
,,
,,
,,
,,
,,
193
1351.5,0,-728.5
,,
,,
,,
,,
,,
,,
,,
,,
,,
,,
,,
,,
,,
,,
,,
194
1358.5,0,-728.5
,,
,,
239.017,0,694.025
,,
,,
239.017,0,694.025
,,
,,
,,
,,
,,
,,
,,
,,
,,
195
1370.5,0,-728
,,
,,
,,
,,
,,
,,
,,
164.328,0,898.154
,,
,,
,,
,,
,,
,,
,,
196
1377,0,-733
,,
,,
,,
,,
152.968,0,897.06
,,
193.253,0,919.049
152.968,0,897.06
,,
,,
,,
,,
,,
,,
,,
197
1380.5,0,-734.5
,,
,,
,,
,,
147.565,0,892.724
,,
,,
147.565,0,892.724
,,
,,
,,
,,
,,
,,
,,
198
1393.5,0,-731
,,
,,
,,
,,
,,
,,
,,
1.57239,0,844.826
,,
,,
,,
,,
,,
,,
,,
199
1396.5,0,-733.5
,,
,,
,,
,,
,,
,,
,,
,,
,,
,,
,,
,,
,,
,,
,,
200
1404.5,0,-732.5
,,
,,
,,
161.586,0,924.096
121.094,0,894.326
,,
169.385,0,923.727
,,
,,
,,
,,
,,
,,
,,
,,
201
1412.5,0,-733
,,
,,
,,
,,
113.836,0,896.937
,,
162.328,0,926.503
,,
,,
,,
,,
,,
,,
,,
,,
202
1418.5,0,-734
,,
,,
,,
,,
,,
,,
,,
,,
,,
,,
,,
,,
,,
,,
,,
203
1424.5,0,-733.5
,,
,,
,,
,,
,,
,,
,,
,,
,,
,,
,,
,,
,,
,,
,,
204
1433.5,0,-733
,,
,,
,,
,,
,,
,,
,,
,,
,,
,,
,,
,,
,,
,,
,,
205
1439.5,0,-735
,,
,,
,,
,,
,,
,,
,,
,,
,,
,,
,,
,,
,,
,,
,,
206
1447.5,0,-736
,,
,,
,,
,,
,,
,,
,,
,,
,,
,,
,,
,,
,,
,,
,,
207
1454.5,0,-735
,,
,,
,,
,,
,,
,,
,,
,,
,,
,,
,,
,,
,,
,,
,,
208
1460.5,0,-737
,,
,,
187.282,0,666.722
,,
,,
,,
,,
,,
,,
,,
,,
,,
,,
,,
,,
209
1468,0,-737
,,
,,
185.052,0,666.756
187.31,0,714.442
,,
,,
,,
,,
,,
,,
,,
,,
,,
,,
,,
210
1471,0,-740
,,
,,
,,
,,
,,
,,
,,
,,
,,
,,
43.4874,0,893.913
,,
,,
,,
,,
211
1483.5,0,-740
,,
,,
,,
,,
,,
,,
,,
,,
,,
,,
,,
,,
,,
,,
,,
212
1487,0,-738
,,
,,
,,
,,
,,
,,
,,
,,
,,
,,
,,
,,
,,
,,
,,
213
1490,0,-738
,,
,,
,,
,,
,,
,,
,,
,,
,,
,,
,,
,,
,,
,,
,,
214
1497.5,0,-736
,,
,,
,,
,,
,,
,,
,,
,,
,,
,,
,,
,,
,,
,,
,,
215
1502.5,0,-737
,,
,,
147.928,0,671.367
144.752,0,724.448
150.896,0,739.127
,,
,,
,,
,,
,,
,,
,,
,,
,,
,,
216
1508.5,0,-736
,,
,,
142.027,0,668.835
138.319,0,722.139
172.745,0,742.231
,,
,,
,,
,,
,,
,,
,,
,,
,,
,,
217
1516.5,0,-736
,,
,,
,,
,,
,,
,,
,,
,,
,,
,,
,,
,,
,,
,,
,,
218
1522.5,0,-737
,,
,,
,,
,,
,,
,,
,,
,,
,,
,,
,,
,,
,,
,,
,,
219
1529,0,-738
,,
,,
,,
,,
,,
,,
,,
,,
,,
,,
,,
,,
,,
,,
,,
220
1533.5,0,-739
,,
,,
,,
,,
,,
,,
,,
,,
,,
,,
,,
,,
,,
,,
,,
221
1541,0,-738
,,
,,
,,
,,
,,
,,
,,
,,
,,
,,
,,
,,
,,
,,
,,
222
1544.5,0,-739
,,
,,
,,
,,
,,
,,
,,
,,
,,
,,
,,
,,
,,
,,
,,
223
1550.5,0,-739
,,
,,
,,
,,
,,
,,
,,
,,
,,
,,
,,
,,
,,
,,
,,
224
1559,0,-738
,,
,,
,,
45.9321,0,959.298
,,
,,
,,
,,
,,
,,
,,
,,
,,
,,
,,
225
1562,0,-738
,,
,,
,,
45.8107,0,961.879
,,
,,
,,
,,
,,
,,
,,
,,
,,
,,
,,
226
1567,0,-739
,,
,,
,,
,,
,,
,,
,,
,,
,,
,,
,,
,,
,,
,,
,,
227
1573,0,-738
,,
,,
,,
,,
,,
,,
,,
,,
,,
,,
,,
,,
,,
,,
,,
228
1578,0,-738
,,
,,
,,
30.4335,0,962.844
39.5535,0,986.309
,,
30.4335,0,962.844
39.5535,0,986.309
,,
,,
,,
,,
,,
,,
,,
229
1582.5,0,-738
,,
,,
,,
,,
,,
,,
21.8501,0,960.841
,,
,,
,,
,,
,,
,,
,,
,,
230
1588,0,-738
,,
,,
,,
,,
,,
,,
,,
,,
,,
,,
,,
,,
,,
,,
,,
231
1593,0,-738
,,
,,
,,
,,
,,
,,
6.73208,0,965.289
,,
,,
,,
,,
,,
,,
,,
,,
232
1599,0,-736
,,
,,
,,
,,
,,
,,
,,
,,
,,
,,
,,
,,
,,
,,
,,
233
1601.5,0,-736
,,
,,
,,
,,
,,
,,
,,
,,
,,
,,
,,
,,
,,
,,
,,
234
1606.5,0,-736
,,
,,
,,
,,
,,
,,
,,
,,
,,
,,
,,
,,
,,
,,
,,
235
1610.5,0,-735
,,
,,
,,
,,
,,
,,
,,
,,
,,
,,
,,
,,
,,
,,
,,
236
1614.5,0,-735
,,
,,
,,
,,
,,
,,
,,
,,
,,
,,
,,
,,
,,
,,
,,
237
1619.5,0,-735
,,
,,
,,
,,
,,
,,
,,
,,
,,
,,
,,
,,
,,
,,
,,
238
1622.5,0,-734
,,
,,
,,
,,
,,
,,
,,
,,
,,
,,
,,
,,
,,
,,
,,
239
1626.5,0,-735
,,
,,
,,
,,
,,
,,
,,
,,
,,
,,
,,
,,
,,
,,
,,
240
1631.5,0,-735
,,
,,
,,
,,
,,
,,
,,
,,
,,
,,
,,
,,
,,
,,
,,
241
1635.5,0,-734
,,
,,
,,
,,
,,
,,
,,
,,
,,
,,
,,
,,
,,
,,
,,
242
1639.5,0,-733
,,
,,
,,
,,
,,
,,
,,
,,
,,
,,
,,
,,
,,
,,
,,
243
1643.5,0,-733
,,
,,
,,
,,
,,
,,
,,
,,
,,
,,
,,
,,
,,
,,
,,
244
1647.5,0,-732
,,
,,
,,
,,
,,
,,
,,
,,
,,
,,
,,
,,
,,
,,
,,
245
1650.5,0,-731
,,
,,
,,
,,
,,
,,
,,
,,
,,
,,
,,
,,
,,
,,
,,
246
1653.5,0,-731
,,
,,
,,
,,
,,
,,
,,
,,
,,
,,
,,
,,
,,
,,
,,
247
1656.5,0,-731
,,
,,
,,
,,
,,
,,
,,
,,
,,
,,
,,
,,
,,
,,
,,
248
1660.5,0,-731
,,
,,
,,
,,
,,
,,
,,
,,
,,
,,
,,
,,
,,
,,
,,
249
1664.5,0,-731
,,
,,
,,
,,
,,
,,
,,
,,
,,
,,
,,
,,
,,
,,
,,
250
1668.5,0,-730
,,
,,
,,
,,
,,
,,
,,
,,
,,
,,
,,
,,
,,
,,
,,
251
1669.5,0,-730
,,
,,
,,
,,
164.074,0,702.785
,,
,,
,,
,,
,,
,,
,,
,,
,,
,,
252
1674.5,0,-731
,,
,,
,,
,,
,,
,,
,,
,,
,,
,,
,,
,,
,,
,,
,,
253
1677.5,0,-730
,,
,,
,,
,,
,,
,,
,,
,,
,,
,,
,,
,,
,,
,,
,,
254
1681,0,-730
,,
,,
,,
,,
,,
,,
,,
,,
,,
,,
,,
,,
,,
,,
,,
255
1683.5,0,-729
,,
,,
,,
,,
,,
,,
,,
,,
,,
,,
,,
,,
,,
,,
,,
256
1687,0,-729
,,
,,
,,
,,
,,
,,
,,
,,
,,
,,
,,
,,
,,
,,
,,
257
1688.5,0,-729
,,
,,
,,
,,
,,
,,
,,
,,
,,
,,
,,
,,
,,
,,
,,
258
1692.5,0,-728
,,
,,
,,
,,
,,
,,
,,
,,
,,
,,
,,
,,
,,
,,
,,
259
1695.5,0,-728
,,
,,
,,
,,
,,
,,
,,
,,
,,
,,
,,
,,
,,
,,
,,
260
1697.5,0,-727
,,
,,
,,
,,
168.66,0,721.695
,,
,,
,,
,,
,,
,,
,,
,,
,,
,,
261
1699.5,0,-726
,,
,,
,,
160.254,0,698.919
166.398,0,713.598
,,
,,
,,
,,
,,
,,
,,
,,
,,
,,
262
1703.5,0,-727
,,
,,
,,
,,
,,
,,
,,
,,
,,
,,
,,
,,
,,
,,
,,
263
1706.5,0,-726
,,
,,
,,
,,
,,
,,
,,
,,
,,
,,
,,
,,
,,
,,
,,
264
1707.5,0,-725
,,
,,
,,
,,
,,
,,
,,
,,
,,
,,
,,
,,
,,
,,
,,
265
1711.5,0,-726
,,
,,
,,
,,
,,
,,
,,
,,
,,
,,
,,
,,
,,
,,
,,
266
1713.5,0,-725
,,
,,
,,
,,
,,
,,
,,
,,
,,
,,
,,
,,
,,
,,
,,
267
1715.5,0,-725
,,
,,
,,
,,
,,
,,
,,
,,
,,
,,
,,
,,
,,
,,
,,
268
1717.5,0,-724
,,
,,
,,
,,
,,
,,
,,
,,
,,
,,
,,
,,
,,
,,
,,
269
1719.5,0,-725
,,
,,
,,
,,
,,
,,
,,
,,
,,
198.117,0,774.882
,,
,,
,,
,,
,,
270
1722.5,0,-724
,,
,,
,,
,,
,,
,,
,,
,,
,,
,,
,,
,,
,,
,,
,,
271
1723.5,0,-724
,,
,,
,,
,,
,,
,,
,,
,,
,,
,,
,,
,,
,,
,,
,,
272
1726.5,0,-724
,,
,,
,,
,,
,,
,,
,,
,,
,,
,,
,,
,,
,,
,,
,,
273
1728.5,0,-723
,,
,,
,,
,,
,,
,,
,,
,,
,,
,,
,,
,,
,,
,,
,,
274
1729.5,0,-723
,,
,,
,,
,,
,,
,,
,,
,,
,,
,,
,,
,,
,,
,,
,,
275
1731.5,0,-723
,,
,,
,,
,,
,,
,,
,,
,,
,,
,,
,,
,,
,,
,,
,,
276
1734.5,0,-722
,,
,,
,,
,,
,,
,,
,,
,,
,,
,,
,,
,,
,,
,,
,,
277
1735.5,0,-722.5
,,
,,
,,
,,
,,
,,
,,
,,
,,
,,
,,
,,
,,
,,
,,
278
1738.5,0,-721
,,
,,
,,
,,
,,
,,
,,
,,
,,
,,
,,
,,
,,
,,
,,
279
1739.5,0,-720
,,
,,
,,
,,
,,
,,
,,
,,
,,
,,
,,
,,
,,
,,
,,
280
1740.5,0,-720.5
,,
,,
,,
,,
,,
,,
,,
,,
,,
,,
,,
,,
,,
,,
,,
281
1742.5,0,-719.5
,,
,,
,,
,,
,,
,,
,,
,,
,,
,,
,,
,,
,,
,,
,,
282
1744.5,0,-719.5
,,
,,
,,
,,
,,
,,
,,
,,
,,
,,
,,
,,
,,
,,
,,
