data/BP_videos/18.MOV
0
-736.5,0,-407.5
704.667,0,333.629
712.5,0,357.114
704.667,0,357.114
704.667,0,372.771
696.833,0,372.771
720.333,0,357.114
712.5,0,380.6
704.667,0,380.6
728.167,0,396.257
720.333,0,419.743
720.333,0,458.886
736,0,396.257
736,0,427.571
759.5,0,451.057
728.167,0,372.771
1
-739.5,0,-406.5
711.248,0,337.994
712.16,0,355.859
708.952,0,363.188
713.072,0,373.725
702.535,0,377.845
726.817,0,362.276
720.401,0,376.933
699.327,0,385.174
728.641,0,398.006
726.345,0,423.2
728.17,0,458.931
739.178,0,393.886
741.002,0,429.617
759.78,0,446.57
727.729,0,380.141
2
-742.5,0,-407.5
710.02,0,339.027
711.644,0,356.841
708.73,0,364.292
713.267,0,374.656
710.354,0,382.107
726.545,0,362.668
725.255,0,387.934
707.44,0,389.557
729.792,0,398.298
735.953,0,426.477
762.842,0,445.581
740.156,0,393.761
728.502,0,423.563
731.749,0,459.193
728.169,0,380.483
3
-746.5,0,-408.5
706.01,0,335.374
714.327,0,356.273
711.157,0,363.515
722.644,0,377.172
708.975,0,388.447
728.984,0,362.69
726.802,0,387.622
708.975,0,388.447
741.459,0,394.038
736.108,0,426.212
762.252,0,446.286
741.459,0,394.038
728.779,0,423.003
738.085,0,461.593
729.972,0,380.381
4
-749.5,0,-407.5
710.281,0,332.184
722.546,0,358.29
711.562,0,361
716.981,0,382.969
712.843,0,389.816
729.393,0,362.428
723.828,0,387.106
712.843,0,389.816
733.384,0,402.228
734.665,0,431.044
735.947,0,459.86
744.369,0,399.519
734.665,0,431.044
755.206,0,443.457
727.965,0,380.259
5
-753.5,0,-407.5
712.921,0,332.046
718.468,0,360.352
708.008,0,364.663
719.704,0,378.198
713.555,0,392.969
725.854,0,363.427
724.015,0,388.658
713.555,0,392.969
728.326,0,399.119
730.799,0,434.81
736.346,0,463.116
746.172,0,397.882
733.873,0,427.425
752.956,0,444.034
727.09,0,381.273
6
-754.5,0,-406.5
714.425,0,331.955
721.122,0,359.674
710.976,0,364.382
720.392,0,384.674
710.246,0,389.382
728.549,0,362.393
727.819,0,387.393
714.954,0,399.528
732.527,0,397.539
729.078,0,429.966
756.068,0,448.269
742.673,0,392.831
729.078,0,429.966
743.203,0,460.404
730.538,0,379.966
7
-759.5,0,-407.5
711.612,0,333.404
721.02,0,353.699
715.576,0,368.551
720.281,0,378.699
714.837,0,393.551
728.446,0,356.421
724.985,0,388.847
707.411,0,390.829
729.689,0,398.995
721.523,0,421.273
750.488,0,457.16
747.263,0,397.012
736.375,0,426.716
740.34,0,461.864
727.707,0,381.421
8
-759.5,0,-407
714.387,0,336.513
722.988,0,357.025
712.683,0,361.207
721.285,0,381.718
710.98,0,385.9
730.291,0,360.062
728.588,0,384.755
707.978,0,393.119
732.889,0,395.011
720.881,0,423.886
744.088,0,450.472
750.496,0,393.866
735.486,0,429.96
748.389,0,460.728
731.59,0,377.536
9
-765.5,0,-407
719.776,0,331.527
723.919,0,359.41
713.513,0,363.148
724.323,0,376.887
710.584,0,387.697
730.991,0,362.743
728.062,0,387.293
710.584,0,387.697
731.8,0,397.698
718.465,0,425.985
747.157,0,456.797
749.277,0,397.293
743.014,0,428.914
747.157,0,456.797
731.395,0,380.221
10
-767.5,0,-406
715.749,0,332.923
723.541,0,360.25
713.709,0,365.447
726.25,0,377.685
706.586,0,388.079
730.998,0,362.597
723.875,0,385.229
706.586,0,388.079
736.416,0,397.468
712.003,0,422.951
732.001,0,437.536
743.873,0,399.815
741.833,0,432.339
749.625,0,459.666
733.707,0,380.032
11
-772.5,0,-405
714.406,0,337.657
723.624,0,357.757
720.903,0,365.087
722.791,0,382.467
708.132,0,377.025
730.953,0,360.478
722.791,0,382.467
705.411,0,384.355
734.729,0,395.238
716.516,0,421.835
735.784,0,437.327
749.388,0,400.679
745.834,0,432.718
752.331,0,460.148
732.841,0,377.858
12
-775.5,0,-405
720.587,0,336.264
728.372,0,357.236
717.886,0,361.129
718.482,0,378.804
704.104,0,372.211
735.562,0,360.533
725.671,0,382.101
707.996,0,382.697
736.753,0,395.884
712.485,0,410.858
734.648,0,438.423
743.942,0,399.18
745.134,0,434.531
760.108,0,458.799
736.157,0,378.208
13
-781.5,0,-405
717.4,0,339.122
727.481,0,358.803
717.641,0,363.844
722.682,0,373.684
707.8,0,368.885
737.322,0,353.762
722.682,0,373.684
705.4,0,376.325
732.763,0,393.366
710.682,0,410.888
728.205,0,432.969
750.045,0,390.725
745.486,0,430.328
760.609,0,459.85
737.563,0,378.484
14
-783.5,0,-405
716.922,0,338.383
728.06,0,352.12
724.793,0,359.323
718.259,0,373.728
711.056,0,370.461
735.263,0,355.387
718.259,0,373.728
703.854,0,367.194
733.334,0,397.935
712.394,0,405.806
724.202,0,437.216
751.006,0,397.266
752.344,0,432.611
767.418,0,456.818
735.932,0,373.059
15
-788.5,0,-405
719.3,0,334.393
727.551,0,354.909
727.551,0,354.909
714.227,0,366.226
707.035,0,363.16
734.743,0,357.975
721.419,0,369.292
707.035,0,363.16
736.861,0,392.875
713.279,0,408.318
718.463,0,436.026
751.245,0,399.008
753.363,0,433.907
768.806,0,457.49
735.802,0,375.425
16
-790.5,0,-405.5
718.186,0,334.801
726.859,0,355.143
723.942,0,362.396
716.688,0,359.479
709.435,0,356.562
744.283,0,353.723
723.942,0,362.396
706.517,0,363.816
736.951,0,392.908
716.61,0,401.581
719.448,0,436.43
754.375,0,391.489
754.297,0,433.591
770.223,0,456.85
735.532,0,375.484
17
-796.5,0,-405
725.505,0,327.364
729.645,0,355.349
722.511,0,351.934
712.002,0,355.571
704.868,0,352.156
740.155,0,351.713
729.645,0,355.349
754.422,0,358.543
737.543,0,393.802
716.524,0,401.075
717.288,0,436.112
755.187,0,393.58
755.951,0,428.617
770.601,0,452.966
737.161,0,376.283
18
-801.5,0,-406
725.392,0,326.999
733.363,0,354.379
723.446,0,359.551
708.356,0,354.805
700.811,0,352.432
740.908,0,356.752
725.818,0,352.006
708.356,0,354.805
736.589,0,396.848
709.209,0,404.82
714.807,0,439.744
754.051,0,394.049
759.649,0,428.974
777.538,0,451.182
736.162,0,371.841
19
-804.5,0,-406
725.028,0,329.85
733.758,0,357.104
726.077,0,354.868
710.715,0,350.396
710.715,0,350.396
735.969,0,349.51
728.288,0,347.274
703.034,0,348.159
738.067,0,399.546
712.813,0,400.431
709.44,0,440.636
747.959,0,394.188
762.159,0,431.272
780.781,0,453.168
737.018,0,374.528
20
-809.5,0,-405
721.862,0,324.531
731.165,0,351.595
723.439,0,349.521
715.712,0,347.448
705.935,0,353.013
738.892,0,353.668
725.489,0,341.882
707.985,0,345.374
744.096,0,396.009
716.816,0,405.066
706.566,0,443.261
751.822,0,398.083
768.852,0,427.22
778.156,0,454.283
742.519,0,371.019
21
-813.5,0,-405
723.913,0,320.618
730.765,0,348.314
720.64,0,353.08
713.194,0,350.4
705.749,0,347.721
738.211,0,350.993
723.32,0,345.634
713.194,0,350.4
739.704,0,393.58
716.774,0,410.558
713.501,0,443.02
749.829,0,388.814
761.447,0,426.635
778.425,0,449.565
740.297,0,368.564
22
-816.5,0,-404.5
722.788,0,324.853
731.405,0,352.153
723.733,0,349.886
713.819,0,355.208
706.147,0,352.941
741.319,0,346.831
733.647,0,344.564
716.061,0,347.619
743.21,0,396.897
713.467,0,412.863
712.171,0,445.485
753.125,0,391.576
767.172,0,428.731
778.032,0,448.442
742.265,0,371.864
23
-822.5,0,-405
729.209,0,322.463
735.991,0,350.498
735.991,0,350.498
707.955,0,357.28
710.703,0,349.767
738.739,0,342.985
735.991,0,350.498
710.703,0,349.767
744.789,0,396.309
718.77,0,420.865
722.803,0,456.414
755.05,0,391.544
759.084,0,427.093
778.875,0,442.851
745.521,0,371.021
24
-825.5,0,-404.5
725.277,0,326.124
736.191,0,345.945
736.191,0,345.945
731.737,0,361.313
716.37,0,356.859
736.191,0,345.945
724.054,0,359.086
708.686,0,354.632
748.109,0,391.044
713.923,0,422.783
728.068,0,460.199
755.792,0,393.271
760.026,0,436.144
775.394,0,440.597
744.878,0,373.45
25
-831.5,0,-405
730.405,0,320.321
728.834,0,345.57
728.834,0,345.57
722.841,0,360.405
715.423,0,357.409
739.248,0,341.149
730.259,0,363.402
712.427,0,364.827
743.523,0,394.644
724.12,0,421.318
734.388,0,459.978
753.937,0,390.222
753.791,0,433.303
779.04,0,434.874
745.094,0,369.394
26
-836.5,0,-405
724.063,0,318.445
733.659,0,345.647
723.935,0,351.43
729.718,0,361.154
714.211,0,357.213
741.413,0,347.617
735.502,0,370.878
719.995,0,366.937
745.098,0,398.079
721.709,0,425.153
737.089,0,462.078
754.822,0,392.296
752.724,0,433.034
768.231,0,436.975
743.255,0,372.848
27
-840.5,0,-406
727.402,0,321.592
737.237,0,341.445
727.31,0,346.363
729.723,0,363.712
712.374,0,366.125
744.659,0,343.95
734.641,0,373.638
719.797,0,368.629
744.476,0,393.492
731.953,0,430.603
746.705,0,460.383
754.403,0,388.574
746.797,0,435.612
771.568,0,435.703
744.568,0,368.721
28
-847.5,0,-406
728.557,0,316.455
736.382,0,343.593
726.546,0,348.69
729.273,0,365.992
719.438,0,371.089
743.848,0,345.962
734.37,0,375.828
719.438,0,371.089
744.564,0,395.499
732.717,0,432.831
748.008,0,462.339
754.4,0,390.402
747.65,0,437.57
764.952,0,434.843
744.206,0,370.731
29
-851.5,0,-406
731.401,0,319
732.785,0,344.261
730.674,0,351.977
734.169,0,369.521
724.342,0,375.127
748.218,0,348.482
739.775,0,379.348
724.342,0,375.127
743.27,0,396.892
740.432,0,437.586
757.25,0,467.067
758.703,0,401.114
748.149,0,439.696
765.693,0,436.201
741.886,0,371.632
30
-858.5,0,-406
733.457,0,320.152
735.479,0,344.861
733.615,0,352.476
729.887,0,367.707
720.407,0,373.457
748.845,0,356.205
735.638,0,377.186
720.407,0,373.457
747.139,0,396.145
737.818,0,434.22
755.07,0,462.659
754.754,0,398.009
737.818,0,434.22
762.528,0,432.198
745.117,0,371.435
31
-860.5,0,-404.5
732.499,0,323.223
734.929,0,347.896
733.191,0,355.541
737.36,0,372.569
720.332,0,376.737
750.219,0,351.372
745.005,0,374.307
720.332,0,376.737
747.435,0,398.98
740.483,0,429.559
764.11,0,467.091
755.08,0,400.718
740.483,0,429.559
761.679,0,442.418
745.005,0,374.307
32
-865.5,0,-403.5
732.535,0,324.936
734.558,0,349.645
734.558,0,349.645
736.58,0,374.355
721.35,0,370.626
749.788,0,353.374
736.58,0,374.355
721.35,0,370.626
746.217,0,400.929
740.625,0,423.774
763.628,0,461.692
755.697,0,395.178
733.009,0,421.91
761.606,0,436.982
744.195,0,376.219
33
-871.5,0,-404.5
731.84,0,324.822
741.453,0,351.499
733.773,0,349.564
728.027,0,372.371
720.347,0,370.436
749.133,0,353.434
735.707,0,374.306
720.347,0,370.436
754.916,0,395.316
753.019,0,435.263
770.313,0,463.875
762.596,0,397.251
731.895,0,421.855
751.104,0,442.865
751.067,0,378.176
34
-877.5,0,-404.5
739.49,0,319.703
738.536,0,344.476
735.773,0,351.813
722.909,0,363.723
715.572,0,360.96
753.21,0,350.003
737.583,0,369.25
712.809,0,368.297
751.303,0,399.551
754.922,0,434.425
778.743,0,460.153
761.403,0,394.978
738.439,0,411.461
752.159,0,441.762
752.256,0,374.777
35
-883.5,0,-405
736.736,0,320.423
739.4,0,345.072
730.073,0,351.068
713.086,0,355.397
713.086,0,355.397
754.722,0,348.403
734.403,0,368.055
711.42,0,363.058
752.39,0,396.035
759.384,0,437.671
777.37,0,465.651
760.051,0,397.701
733.736,0,408.026
742.396,0,442.001
749.725,0,371.386
36
-888.5,0,-404.5
740.05,0,324.028
741.856,0,349.008
734.182,0,347.052
724.551,0,352.771
714.92,0,358.489
757.205,0,352.92
737.944,0,364.357
722.595,0,360.445
755.099,0,393.25
760.668,0,435.535
785.498,0,466.383
762.774,0,395.206
735.838,0,404.687
741.407,0,446.972
753.293,0,368.27
37
-893.5,0,-404.5
741.349,0,315.833
742.746,0,340.814
733.118,0,346.425
721.432,0,359.684
715.919,0,349.999
757.888,0,344.888
738.631,0,356.11
715.919,0,349.999
753.113,0,392.813
765.537,0,437.163
784.134,0,458.57
760.684,0,394.85
733.856,0,404.035
731.138,0,444.312
751.715,0,367.832
38
-898.5,0,-405
744.004,0,319.262
747.173,0,343.877
731.639,0,340.78
728.573,0,356.157
741.042,0,374.632
754.94,0,345.425
744.107,0,359.254
720.806,0,354.609
753.511,0,393.106
762.914,0,426.958
789.384,0,456.218
761.278,0,394.655
734.911,0,405.387
727.247,0,443.83
750.342,0,368.492
39
-907.5,0,-405
740.875,0,318.732
744.395,0,343.503
735.279,0,349.914
741.597,0,359.094
731.083,0,373.3
759.828,0,346.273
741.597,0,359.094
718.447,0,354.94
751.435,0,393.046
768.99,0,428.382
787.944,0,455.922
759.152,0,394.43
733.204,0,405.867
726.21,0,444.845
747.915,0,368.274
40
-913.5,0,-405
748.921,0,314.258
752.135,0,339.071
735.241,0,343.889
732.251,0,359.444
718.348,0,348.706
759.834,0,340.551
741.445,0,353.146
718.348,0,348.706
749.368,0,394.994
766.484,0,430.545
794.29,0,452.02
758.562,0,388.697
738.678,0,409.069
723.504,0,446.477
753.853,0,371.661
41
-918.5,0,-405
741.127,0,314.429
755.408,0,338.927
739.093,0,345.723
737.567,0,369.193
722.777,0,352.519
763.311,0,339.441
746.487,0,354.06
722.777,0,352.519
744.453,0,385.354
765.62,0,426.013
796.216,0,443.715
760.26,0,386.382
742.927,0,408.825
724.578,0,446.914
753.374,0,370.221
42
-924.5,0,-405
744.265,0,311.329
748.357,0,335.781
739.395,0,342.309
735.743,0,365.543
721.47,0,355.364
763.847,0,338.216
744.705,0,359.016
721.47,0,355.364
747.58,0,391.213
758.2,0,424.627
795.708,0,438.459
764.288,0,385.903
736.183,0,413.23
722.351,0,450.737
751.233,0,367.978
43
-930.5,0,-404.5
748.933,0,307.611
751.999,0,339.791
744.247,0,338.619
734.153,0,352.952
726.401,0,351.781
767.503,0,342.133
748.485,0,363.047
725.229,0,359.533
752.723,0,387.474
762.37,0,428.577
793.379,0,433.262
760.475,0,388.645
740.286,0,417.311
726.677,0,454.9
756.237,0,364.218
44
-936.5,0,-404.5
752.111,0,306.879
756.941,0,338.841
740.588,0,345.158
739.844,0,352.963
731.295,0,360.024
764.745,0,339.585
746.905,0,361.512
723.491,0,359.28
752.478,0,385.669
755.82,0,433.241
787.782,0,428.411
768.087,0,387.157
740.954,0,423.949
729.431,0,462.228
754.709,0,362.255
45
-942.5,0,-403.5
752.271,0,307.635
756.913,0,339.971
740.34,0,346.233
737.911,0,369.878
737.911,0,369.878
772.677,0,341.591
746.602,0,362.806
722.148,0,368.258
752.055,0,387.26
755.078,0,435.36
787.414,0,430.717
767.818,0,388.88
740.124,0,425.859
736.075,0,465.267
762.366,0,364.425
46
-949.5,0,-403.5
748.796,0,309.632
754.428,0,334.046
745.789,0,341.181
742.782,0,372.731
749.918,0,381.37
769.451,0,343.436
751.421,0,365.595
727.008,0,371.227
749.166,0,389.257
745.408,0,428.694
741.65,0,468.13
764.941,0,390.76
745.408,0,428.694
741.65,0,468.13
759.309,0,366.347
47
-956.5,0,-403.5
756.22,0,308.318
760.862,0,340.654
744.29,0,346.916
749.742,0,371.37
741.86,0,370.561
776.626,0,342.273
750.552,0,363.489
726.097,0,368.941
755.194,0,395.825
743.264,0,434.423
747.096,0,474.641
770.957,0,397.445
751.145,0,435.233
747.096,0,474.641
757.623,0,372.18
48
-963.5,0,-403.5
753.229,0,310.724
759.348,0,335.271
750.134,0,350.604
748.276,0,374.532
747.038,0,390.484
774.681,0,344.486
748.895,0,366.556
724.348,0,372.675
755.014,0,391.103
735.347,0,437.721
743.323,0,438.34
770.347,0,400.318
751.299,0,438.959
756.18,0,479.459
764.847,0,367.794
49
-969.5,0,-403.5
758.049,0,314.303
755.443,0,337.73
746.837,0,344.678
743.363,0,375.914
750.233,0,384.584
770.051,0,347.26
752.838,0,361.157
727.887,0,374.193
757.103,0,393.253
737.284,0,430.577
768.237,0,434.02
772.579,0,394.975
751.892,0,440.108
763.026,0,480.874
759.708,0,369.826
50
-975.5,0,-403.5
758.953,0,314.105
764.141,0,345.802
748.484,0,344.469
738.674,0,367.076
723.017,0,365.744
771.97,0,346.468
754.992,0,360.651
723.017,0,365.744
760.18,0,392.348
734.053,0,421.38
756.879,0,431.136
775.178,0,401.438
764.048,0,439.56
768.576,0,479.015
762.161,0,369.075
51
-983.5,0,-403.5
756.52,0,311.958
761.07,0,343.753
752.44,0,350.672
742.178,0,373.077
749.175,0,381.643
768.884,0,344.576
751.624,0,358.415
727.366,0,363.687
755.357,0,397.952
729.467,0,418.71
759.09,0,437.49
770.985,0,399.599
766.088,0,446.056
778.452,0,478.675
765.619,0,375.547
52
-990.5,0,-403.5
756.335,0,315.236
762.385,0,339.125
753.957,0,346.288
744.338,0,368.976
729.265,0,360.013
769.625,0,347.488
744.933,0,361.213
721.43,0,359.413
757.628,0,401.228
725.102,0,414.354
754.655,0,440.043
773.296,0,402.429
770.323,0,441.244
783.018,0,481.259
767.841,0,370.777
53
-996.5,0,-403.5
758.735,0,318.18
764.007,0,342.437
755.44,0,349.435
739.131,0,355.617
731.388,0,354.801
770.926,0,351.067
746.874,0,356.433
722.822,0,361.799
758.242,0,397.135
725.623,0,409.498
745.557,0,443.202
773.727,0,398.767
768.786,0,445.65
788.72,0,479.354
768.455,0,374.509
54
-1005.5,0,-404.5
757.537,0,318.009
763.177,0,341.975
755.423,0,341.27
751.899,0,380.039
730.752,0,354.664
770.93,0,342.68
746.964,0,348.319
730.752,0,354.664
758.244,0,396.251
726.524,0,401.186
738.508,0,441.364
773.751,0,397.661
777.277,0,444.888
789.966,0,477.312
768.112,0,373.695
55
-1011.5,0,-403.5
759.09,0,317.384
764.32,0,341.651
763.483,0,349.463
745.488,0,371.241
745.488,0,371.241
772.061,0,342.481
748,0,347.804
731.68,0,353.957
766.201,0,397.168
726.656,0,400.832
737.116,0,449.365
773.942,0,397.997
785.239,0,438.718
797.372,0,471.627
768.712,0,373.73
56
-1017.5,0,-403.5
764.493,0,309.904
767.982,0,341.815
759.212,0,348.472
749.386,0,362.844
749.386,0,362.844
767.982,0,341.815
760.269,0,340.758
736.071,0,345.304
760.589,0,395.811
728.678,0,399.3
730.054,0,446.638
777.073,0,390.21
786.163,0,438.604
806.136,0,464.914
772.527,0,366.012
57
-1027.5,0,-403.5
764.295,0,309.112
762.657,0,340.498
762.247,0,348.344
753.653,0,363.631
738.512,0,354.973
770.432,0,340.903
754.882,0,340.092
731.147,0,346.721
759.79,0,395.423
727.871,0,409.492
725.823,0,448.725
775.341,0,396.234
788.843,0,436.278
802.755,0,468.476
769.203,0,364.443
58
-1033.5,0,-403.5
761.699,0,311.81
768.599,0,335.444
768.305,0,343.225
751.865,0,365.978
751.865,0,365.978
768.599,0,335.444
744.965,0,342.344
736.891,0,349.831
758.765,0,389.612
726.764,0,411.779
725.297,0,450.68
774.325,0,390.199
788.125,0,437.467
810.585,0,461.688
767.425,0,366.565
59
-1039.5,0,-403.5
763.077,0,309.777
769.402,0,333.572
768.919,0,341.342
751.449,0,371.461
751.931,0,363.69
769.402,0,333.572
752.896,0,348.149
737.354,0,347.184
765.544,0,395.738
733.014,0,417.121
722.833,0,455.493
781.086,0,396.702
786.445,0,436.038
808.311,0,460.797
767.473,0,364.655
60
-1050.5,0,-403.5
764.463,0,302.398
768.569,0,334.533
768.569,0,334.533
757.995,0,357.017
734.587,0,354.244
776.372,0,335.457
758.919,0,349.214
735.511,0,346.442
769.904,0,390.075
734.997,0,417.589
729.452,0,464.405
785.509,0,391.923
787.767,0,439.663
809.327,0,458.04
772.676,0,366.667
61
-1055.5,0,-403.5
767.066,0,300.11
770.12,0,332.345
761.258,0,338.965
751.235,0,353.355
735.835,0,351.053
776.658,0,341.266
758.935,0,354.506
735.835,0,351.053
768.528,0,395.662
740.781,0,423.293
733.812,0,469.917
783.928,0,397.964
784.659,0,445.74
807.76,0,449.193
773.174,0,364.579
62
-1066.5,0,-403.5
765.735,0,300.62
770.475,0,333.212
761.962,0,340.441
759.698,0,364.334
737.178,0,354.165
777.479,0,341.911
759.698,0,364.334
736.423,0,362.129
765.193,0,388.962
737.39,0,434.543
741.375,0,475.1
780.709,0,390.432
783.185,0,446.918
806.46,0,449.123
775.215,0,365.804
63
-1070.5,0,-403.5
764.928,0,305.73
770.86,0,329.874
762.389,0,337.075
760.485,0,360.585
736.975,0,358.68
778.062,0,338.345
767.686,0,369.056
736.975,0,358.68
765.782,0,392.565
746.935,0,430.477
750.963,0,478.131
781.455,0,393.835
777.011,0,448.689
808.991,0,443.392
775.523,0,369.691
64
-1080.5,0,-404
763.35,0,307.073
768.842,0,331.321
768.065,0,339.144
764.956,0,370.439
741.485,0,368.107
775.889,0,339.922
764.956,0,370.439
741.485,0,368.107
770.448,0,394.686
750.137,0,440.073
761.121,0,488.569
786.095,0,396.241
773.608,0,442.405
804.902,0,445.514
772.78,0,371.216
65
-1087.5,0,-405
764.586,0,301.793
767.105,0,334.13
765.796,0,341.887
761.867,0,365.158
752.801,0,371.605
781.31,0,344.506
768.315,0,374.224
745.044,0,370.296
773.453,0,391.047
756.53,0,444.037
773.254,0,486.749
788.967,0,393.666
772.044,0,446.655
804.381,0,444.136
777.381,0,367.777
66
-1095.5,0,-405
767.128,0,309.513
770.663,0,334.563
767.774,0,350.3
764.886,0,366.037
755.573,0,372.462
784.956,0,345.321
771.31,0,375.35
746.26,0,378.886
774.845,0,400.4
766.179,0,447.612
782.563,0,491.287
790.582,0,403.289
766.179,0,447.612
799.098,0,445.52
779.178,0,376.795
67
-1102.5,0,-404.5
767.47,0,305.635
769.841,0,338.488
760.812,0,345.077
755.485,0,376.63
747.788,0,375.331
783.905,0,348.975
763.183,0,377.93
740.09,0,374.031
774.583,0,404.194
760.228,0,442.336
783.028,0,494.864
782.281,0,405.493
760.228,0,442.336
791.018,0,447.534
779.91,0,372.64
68
-1113.5,0,-404
775.041,0,306.239
779.478,0,338.924
770.648,0,345.997
767.133,0,377.803
743.278,0,375.167
786.551,0,347.754
767.133,0,377.803
743.278,0,375.167
780.401,0,403.415
782.202,0,459.955
794.591,0,493.519
788.352,0,404.294
760.104,0,441.416
791.911,0,444.93
783.036,0,379.56
69
-1121.5,0,-404
773.846,0,310.289
778.763,0,342.905
762.075,0,349.346
759.79,0,373.237
766.23,0,389.925
785.966,0,351.63
767.753,0,373.998
743.862,0,371.713
780.634,0,407.376
784.028,0,455.92
804.111,0,498.023
788.598,0,408.138
754.458,0,428.982
784.028,0,455.92
783.681,0,375.521
70
-1128.5,0,-404
771.244,0,309.522
775.682,0,342.207
766.851,0,349.28
763.337,0,381.087
770.41,0,389.917
782.755,0,351.037
764.216,0,373.135
740.361,0,370.499
784.556,0,407.577
787.236,0,456.165
814.649,0,499.438
792.507,0,408.456
750.114,0,427.918
779.284,0,455.287
780.119,0,374.892
71
-1136.5,0,-404.5
773.408,0,309.393
775.719,0,341.78
766.601,0,348.175
762.517,0,371.445
761.156,0,379.201
783.475,0,343.142
763.878,0,363.688
739.248,0,367.361
780.341,0,406.554
789.047,0,448.059
813.266,0,492.287
789.459,0,400.159
754.349,0,417.983
770.811,0,460.85
778.03,0,374.167
72
-1145.5,0,-403.5
776.993,0,306.001
773.169,0,337.268
764.396,0,344.129
760.572,0,375.396
760.572,0,375.396
787.847,0,346.997
762.484,0,359.762
738.078,0,364.711
781.155,0,401.714
791.052,0,450.526
818.495,0,485.617
788.971,0,402.67
755.792,0,414.479
766.646,0,455.475
776.206,0,377.308
73
-1153.5,0,-403.5
774.376,0,309.809
772.401,0,333.352
763.895,0,340.541
761.262,0,371.93
760.603,0,379.778
787.437,0,342.516
762.578,0,356.236
738.378,0,362.108
782.171,0,405.295
794.574,0,445.849
822.672,0,487.72
790.676,0,398.106
750.122,0,410.509
754.02,0,458.252
776.957,0,373.247
74
-1161.5,0,-403.5
774.853,0,302.49
778.534,0,334.995
769.694,0,341.841
758.79,0,364.428
736.397,0,353.487
785.31,0,343.888
759.822,0,356.558
735.365,0,361.357
785.895,0,400.003
795.321,0,449.271
822.426,0,484.847
785.895,0,400.003
752.599,0,411.649
746.408,0,458.87
782.215,0,367.499
75
-1170.5,0,-402
772.083,0,308.314
777.311,0,332.682
768.538,0,339.614
757.993,0,362.195
764.994,0,370.914
792.199,0,342.293
766.766,0,355.264
734.331,0,359.516
778.109,0,396.175
796.454,0,445.804
832.345,0,481.57
793.884,0,397.961
751.79,0,416.97
738.586,0,463.027
780.768,0,372.7
76
-1180.5,0,-401
779.192,0,305.037
782.156,0,337.386
773.094,0,343.937
761.594,0,366.048
747.13,0,355.809
789.997,0,338.616
764.033,0,350.488
739.288,0,354.58
780.24,0,400.856
796.447,0,451.223
833.217,0,472.93
788.082,0,402.085
753.056,0,420.507
737.896,0,465.958
785.119,0,369.736
77
-1191.5,0,-400.5
773.427,0,298.175
779.312,0,338.218
771.385,0,337.81
761.824,0,369.109
769.343,0,377.445
787.239,0,338.627
770.568,0,353.664
738.452,0,359.957
783.972,0,402.042
789.448,0,450.013
828.266,0,467.909
791.899,0,402.451
751.038,0,424.19
732.325,0,478.862
785.605,0,370.335
78
-1198.5,0,-399
770.97,0,298.268
782.22,0,331.641
765.533,0,337.266
761.184,0,368.464
767.897,0,377.351
788.932,0,340.527
763.359,0,352.865
729.986,0,364.115
780.234,0,402.924
789.309,0,451.896
828.307,0,457.333
788.033,0,404.011
752.486,0,430.86
730.363,0,475.483
784.583,0,371.726
79
-1207.5,0,-397.5
776.062,0,295.569
778.987,0,335.617
770.195,0,342.453
759.448,0,364.917
736.005,0,361.984
794.615,0,337.572
768.239,0,358.081
736.005,0,361.984
778.979,0,399.107
779.948,0,454.783
819.996,0,451.858
786.793,0,400.085
750.648,0,435.244
736.967,0,481.151
782.89,0,367.851
80
-1219,0,-393
768.899,0,298.814
782.678,0,331.286
766.322,0,338.105
756.339,0,369.018
763.744,0,377.395
790.083,0,339.663
764.775,0,361.679
732.578,0,367.459
778.039,0,402.009
774.43,0,457.016
814.548,0,451.755
785.959,0,402.528
751.7,0,439.741
740.171,0,494.228
780.101,0,370.576
81
-1227.5,0,-391
776.254,0,303.45
780.14,0,335.945
763.394,0,341.826
752.528,0,364.452
727.907,0,369.336
795.889,0,337.94
761.399,0,357.575
735.781,0,370.333
779.041,0,407.814
773.058,0,455.062
805.553,0,451.176
786.915,0,408.811
758.306,0,445.193
751.326,0,500.315
783.029,0,376.316
82
-1233.5,0,-390
772.236,0,302.421
778.037,0,334.13
761.933,0,340.932
759.932,0,372.14
767.234,0,380.443
785.339,0,342.433
760.432,0,364.338
728.723,0,370.139
773.535,0,404.35
754.929,0,450.162
759.729,0,497.475
789.139,0,405.35
762.731,0,450.662
802.242,0,445.361
775.536,0,373.141
83
-1248,0,-396
771.55,0,300.365
775.878,0,339.995
768.091,0,339.303
749.748,0,369.069
726.385,0,366.993
783.666,0,340.687
758.227,0,361.973
725.693,0,374.781
770.343,0,402.295
749.924,0,455.423
769.135,0,504.224
785.918,0,403.679
765.499,0,456.807
769.135,0,504.224
780.898,0,371.837
84
-1255,0,-393
770.86,0,299.492
776.165,0,339.03
767.857,0,346.337
743.433,0,360.45
727.317,0,367.256
783.472,0,347.338
751.241,0,360.951
727.317,0,367.256
771.659,0,409.297
737.426,0,454.14
760.848,0,455.642
787.274,0,410.299
768.656,0,456.142
780.766,0,511.796
781.469,0,378.568
85
-1263,0,-392
774.424,0,300.981
779.276,0,340.908
770.744,0,348.152
737.842,0,361.404
729.31,0,368.648
786.581,0,349.388
745.761,0,362.022
721.391,0,368.03
773.755,0,411.664
731.095,0,447.884
786.526,0,452.209
789.593,0,412.9
769.462,0,466.697
789.538,0,515.722
776.209,0,380.217
86
-1271.5,0,-389.5
772.672,0,304.876
777.998,0,345.308
777.998,0,345.308
767.472,0,384.707
767.472,0,384.707
777.998,0,345.308
753.7,0,351.742
728.882,0,366.16
773.318,0,417.156
731.608,0,446.507
762.792,0,456.555
789.17,0,418.188
777.604,0,473.554
798.782,0,515.018
775.398,0,385.224
87
-1286,0,-390
770.379,0,307.521
775.289,0,347.723
775.289,0,347.723
757.042,0,378.199
757.042,0,378.199
775.289,0,347.723
750.927,0,353.837
725.963,0,367.871
770.474,0,411.083
721.148,0,431.231
766.863,0,458.603
786.314,0,412.286
781.499,0,475.647
802.851,0,509.132
780.802,0,380.005
88
-1293,0,-392
767.668,0,310.766
773.19,0,343.285
772.576,0,351.262
762.758,0,374.577
731.466,0,364.146
781.166,0,343.899
748.647,0,349.421
723.49,0,363.532
767.666,0,415.073
726.556,0,427.957
755.393,0,470.294
783.618,0,416.301
787.298,0,472.75
816.135,0,515.087
778.097,0,383.781
89
-1303.5,0,-391
767.696,0,310.088
773.209,0,342.37
773.209,0,342.37
762.279,0,381.368
723.883,0,362.519
773.209,0,342.37
740.927,0,347.883
723.883,0,362.519
767.792,0,413.65
719.068,0,425.879
739.216,0,475.205
783.632,0,414.854
795.258,0,471.498
816.611,0,504.984
770.801,0,374.05
90
-1310.5,0,-390
768.341,0,305.616
773.271,0,345.827
773.271,0,345.827
748.732,0,351.905
723.584,0,365.902
773.88,0,337.907
740.756,0,351.291
723.584,0,365.902
776.372,0,409.796
719.318,0,421.338
731.005,0,478.002
776.372,0,409.796
796.035,0,467.074
824.894,0,509.126
778.81,0,378.118
91
-1323.5,0,-388.5
763.751,0,307.483
769.285,0,339.775
777.261,0,340.39
791.993,0,357.459
758.257,0,378.757
769.285,0,339.775
744.746,0,345.85
719.596,0,359.844
763.791,0,411.05
714.712,0,423.199
718.415,0,479.25
779.744,0,412.279
800.01,0,461.64
828.863,0,503.696
774.209,0,379.987
92
-1335,0,-395
758.317,0,306.839
763.838,0,339.359
771.815,0,339.972
786.54,0,357.153
768.132,0,387.831
763.838,0,339.359
738.682,0,353.47
722.115,0,360.219
758.314,0,411.146
716.591,0,432.007
704.318,0,487.228
774.267,0,412.374
794.514,0,462.074
831.941,0,497.048
769.36,0,371.878
93
-1344,0,-394
758.267,0,302.118
763.78,0,334.4
771.7,0,335.002
785.734,0,359.965
768.089,0,382.522
755.86,0,333.798
738.214,0,356.354
713.852,0,362.468
766.283,0,406.282
716.355,0,434.351
704.222,0,489.189
774.203,0,406.884
785.83,0,463.528
832.146,0,482.979
768.69,0,374.602
94
-1354.5,0,-391
754.381,0,298.451
758.685,0,331.154
765.721,0,340.013
787.743,0,358.643
769.114,0,380.664
757.773,0,339.102
739.144,0,361.124
714.389,0,366.338
757.521,0,411.545
713.226,0,446.729
698.9,0,501.454
774.328,0,405.419
782.935,0,470.825
829.712,0,484.24
762.077,0,371.805
95
-1360.5,0,-391
755.373,0,301.563
759.99,0,334.223
767.947,0,335.057
781.355,0,360.596
762.938,0,382.795
759.156,0,342.179
732.782,0,363.544
716.035,0,369.831
760.434,0,406.664
715.644,0,450.229
701.845,0,505.088
768.391,0,407.499
777.625,0,472.819
826.198,0,469.871
763.773,0,374.839
96
-1374.5,0,-389.5
754.275,0,299.465
759.534,0,331.804
766.827,0,340.4
780.734,0,365.508
762.759,0,387.884
758.856,0,339.717
732.231,0,369.324
715.612,0,375.873
761.403,0,403.711
724.774,0,456.377
712.058,0,511.091
769.374,0,404.394
771.243,0,476.302
820.424,0,464.571
764.115,0,372.056
97
-1384.5,0,-393
749.574,0,298.658
754.148,0,331.324
761.257,0,340.125
782.587,0,366.526
756.185,0,387.856
752.457,0,347.235
733.165,0,377.365
709.3,0,374.829
753.649,0,411.722
724.712,0,456.917
717.949,0,520.559
762.45,0,404.612
762.797,0,477.054
812.219,0,466.216
757.876,0,371.946
98
-1395.5,0,-392
742.389,0,304.278
755.797,0,336.978
763.111,0,345.459
777.737,0,362.422
751.534,0,392.056
755.188,0,344.846
728.986,0,374.48
704.61,0,380.509
750.316,0,407.793
730.209,0,461.645
733.259,0,525.205
766.161,0,409.019
745.444,0,470.74
802.118,0,459.295
760.675,0,376.933
99
-1407,0,-389
744.714,0,298.479
746.578,0,338.677
753.192,0,347.666
740.64,0,377.687
708.244,0,380.739
753.192,0,347.666
732.838,0,376.499
708.244,0,380.739
751.494,0,411.27
734.191,0,472.499
741.482,0,529.488
759.296,0,412.458
741.993,0,473.686
792.368,0,457.406
756.244,0,380.062
100
-1415.5,0,-393
742.723,0,300.3
746.909,0,340.607
746.164,0,348.519
735.27,0,379.423
711.533,0,377.187
754.076,0,349.265
727.357,0,378.678
702.875,0,384.354
756.025,0,413.309
734.238,0,475.117
752.757,0,532.739
763.192,0,421.966
734.238,0,475.117
775.29,0,463.019
759.007,0,381.659
101
-1426.5,0,-391
740.19,0,304.37
742.448,0,344.842
741.316,0,352.708
730.002,0,375.167
705.115,0,379.615
750.367,0,345.981
730.002,0,375.167
697.196,0,378.476
763.934,0,420.197
739.041,0,480.848
763.923,0,532.604
756.016,0,419.057
716.418,0,469.564
772.979,0,469.674
752.625,0,386.452
102
-1437,0,-391
737.766,0,305.631
740.22,0,338.307
737.531,0,353.973
717.832,0,374.782
700.822,0,379.925
746.709,0,347.484
725.665,0,376.126
692.989,0,378.581
758.106,0,422.013
739.516,0,483.331
778.446,0,538.395
756.761,0,429.846
710.874,0,462.287
757.871,0,470.355
747.818,0,387.993
103
-1448.5,0,-387.5
739.499,0,304.034
740.913,0,344.017
731.903,0,350.495
712.619,0,371.193
695.866,0,376.404
748.656,0,345.283
720.362,0,372.459
688.123,0,375.138
751.483,0,425.249
750.365,0,480.718
782.752,0,525.764
751.483,0,425.249
699.959,0,448.626
743.887,0,471.709
750.07,0,385.266
104
-1458.5,0,-393
733.661,0,301.276
737.61,0,341.088
729.03,0,348.124
711.098,0,370.005
686.901,0,375.497
744.646,0,349.668
711.098,0,370.005
686.901,0,375.497
745.506,0,420.713
747.911,0,476.141
790.127,0,527.622
745.506,0,420.713
695.57,0,447.313
732.294,0,474.597
740.786,0,388.709
105
-1469,0,-392
732.196,0,298.065
736.235,0,337.888
727.551,0,344.912
709.408,0,366.766
684.129,0,380.029
743.37,0,346.481
709.408,0,366.766
684.129,0,380.029
744.311,0,417.536
754.711,0,473.759
797.525,0,525.313
744.311,0,417.536
694.529,0,436.253
721.523,0,486.237
740.273,0,377.712
106
-1480,0,-390
733.065,0,299.369
729.055,0,338.91
720.447,0,346.027
702.429,0,368.168
677.407,0,381.61
736.059,0,347.61
702.429,0,368.168
677.407,0,381.61
736.648,0,419.575
754.453,0,477.307
789.474,0,520.806
736.648,0,419.575
687.406,0,438.55
698.206,0,487.582
732.852,0,379.243
107
-1489,0,-390
725.489,0,303.937
724.554,0,335.307
724.32,0,343.15
707.728,0,366.204
683.659,0,373.337
732.265,0,343.387
707.728,0,366.204
675.48,0,380.942
738.106,0,414.208
752.36,0,469.58
798.629,0,518.057
738.106,0,414.208
681.789,0,436.078
688.097,0,491.213
731.33,0,374.758
108
-1501,0,-389
725.585,0,299.19
721.97,0,330.779
713.271,0,337.784
701.862,0,368.481
676.669,0,381.599
728.862,0,339.568
701.862,0,368.481
676.669,0,381.599
735.417,0,420.324
744.682,0,477.388
796.538,0,507.323
735.417,0,420.324
678.139,0,437.772
670.91,0,500.949
732.139,0,379.946
109
-1513,0,-392
717.273,0,297.203
722.554,0,329.119
714.099,0,336.305
695.919,0,366.317
671.189,0,380.054
729.74,0,337.574
695.919,0,366.317
671.189,0,380.054
731.213,0,416.413
742.411,0,472.426
795.249,0,500.33
731.213,0,416.413
673.931,0,443.252
661.667,0,497.36
726.566,0,376.676
110
-1524,0,-389
714.971,0,292.352
718.148,0,332.738
709.431,0,339.722
697.946,0,370.39
664.927,0,382.535
725.018,0,341.545
697.946,0,370.39
664.927,0,382.535
724.502,0,413.51
732.702,0,478.492
786.33,0,492.766
732.295,0,414.421
673.127,0,447.517
650.156,0,508.854
720.402,0,381.019
111
-1532,0,-392
719.806,0,290.549
715.445,0,330.052
706.672,0,337.081
695.282,0,367.811
661.934,0,380.123
722.473,0,338.825
694.409,0,375.712
661.934,0,380.123
729.551,0,419.577
730.473,0,483.655
778.75,0,480.988
721.651,0,418.705
677.785,0,453.846
655.005,0,515.307
718.111,0,378.329
112
-1544.5,0,-390
709.569,0,295.989
715.744,0,335.538
707.45,0,343.018
690.509,0,365.817
665.981,0,380.42
723.332,0,343.734
682.216,0,373.298
658.04,0,380.063
720.153,0,414.278
716.974,0,484.822
773.265,0,471.65
720.153,0,414.278
670.39,0,459.16
651.683,0,521.15
721.919,0,375.087
113
-1555,0,-393
706.67,0,299.438
710.943,0,339.722
702.42,0,346.94
684.665,0,369.293
659.803,0,383.03
718.758,0,340.422
683.957,0,377.21
651.989,0,382.33
719.49,0,420.292
706.008,0,482.929
754.314,0,471.29
719.49,0,420.292
676.165,0,464.298
662.683,0,526.936
715.216,0,380.007
114
-1571,0,-392.5
701.498,0,297.166
705.162,0,337.006
704.335,0,344.808
685.419,0,374.363
652.554,0,386.657
712.965,0,337.833
677.617,0,373.535
652.554,0,386.657
712.491,0,416.685
690.265,0,477.449
738.734,0,466.81
712.491,0,416.685
675.488,0,467.991
668.867,0,530.41
708.826,0,376.845
115
-1583,0,-392
693.181,0,302.712
705.895,0,335.811
705.167,0,343.726
693.714,0,382.584
653.92,0,386.906
705.167,0,343.726
671.003,0,372.513
646.107,0,386.188
705.701,0,423.598
676.437,0,484.765
679.154,0,540.89
713.514,0,424.316
676.437,0,484.765
679.154,0,540.89
709.341,0,384.021
116
-1599,0,-392.5
690.095,0,302.908
700.513,0,344.426
708.389,0,345.493
680.491,0,373.798
646.849,0,385.283
699.446,0,352.302
671.547,0,380.608
637.905,0,392.093
697.718,0,424.26
665.551,0,484.073
689.588,0,543.479
706.662,0,417.451
681.304,0,486.207
689.588,0,543.479
703.054,0,384.877
117
-1610,0,-393
690.698,0,299.403
694.576,0,340.01
709.677,0,349.6
731.919,0,367.965
641.114,0,390.821
693.76,0,347.968
666.621,0,377.353
633.156,0,390.005
693.557,0,428.367
648.053,0,479.994
705.191,0,550.189
710.29,0,422.041
687.029,0,492.033
705.191,0,550.189
697.638,0,388.576
118
-1622,0,-394
689.028,0,302.229
693.484,0,342.296
700.75,0,350.878
730.517,0,377.336
641.46,0,385.257
692.782,0,350.167
658.099,0,378.808
632.79,0,392.417
686.461,0,421.007
642.405,0,464.679
705.45,0,478.239
702.398,0,422.429
688.108,0,492.559
715.065,0,550.501
697.239,0,390.234
119
-1635,0,-394
685.227,0,300.632
691.078,0,348.36
699.07,0,348.721
721.975,0,373.488
633.351,0,385.303
682.729,0,355.893
649.691,0,378.131
625.002,0,392.836
687.509,0,427.304
630.139,0,456.352
677.019,0,482.203
695.501,0,427.665
692.289,0,498.714
730.107,0,547.887
689.294,0,387.832
120
-1648,0,-394
680.158,0,301.931
686.074,0,342.272
701.464,0,351.044
715.668,0,383.786
699.882,0,383.005
677.785,0,349.872
644.632,0,380.27
620.163,0,395.079
689.617,0,430.555
617.395,0,451.011
670.668,0,493.696
689.617,0,430.555
694.346,0,494.868
731.437,0,544.762
683.701,0,390.214
121
-1663,0,-395
674.137,0,302.271
687.16,0,343.336
694.552,0,351.902
716.141,0,385.576
692.205,0,383.815
670.617,0,350.141
636.356,0,379.708
619.813,0,386.513
689.272,0,423.708
615.119,0,450.341
651.491,0,501.145
680.707,0,431.099
699.948,0,496.687
744.299,0,548.078
683.64,0,391.207
122
-1674,0,-394
664.755,0,304.793
676.996,0,345.526
691.968,0,354.759
704.892,0,387.618
689.236,0,386.26
660.657,0,352.044
635.125,0,373.633
610.276,0,387.347
677.993,0,424.957
613.322,0,443.152
632.025,0,500.315
677.311,0,432.833
696.013,0,489.996
738.882,0,541.32
673.581,0,384.902
123
-1687,0,-395
662.339,0,298.551
673.978,0,339.497
688.886,0,348.994
700.525,0,389.94
677.755,0,379.626
657.436,0,345.725
622.718,0,373.907
598.314,0,379.318
672.852,0,426.801
607.502,0,443.851
616.69,0,508.385
672.852,0,426.801
697.765,0,492.969
741.671,0,529.321
669.075,0,386.672
124
-1700,0,-396
658.698,0,301.635
663.299,0,341.669
678.315,0,350.831
690.748,0,391.506
669.193,0,365.946
654.823,0,348.905
621.562,0,369.972
596.777,0,383.803
664.672,0,421.094
607.272,0,448.113
602.105,0,511.14
664.672,0,421.094
690.182,0,494.567
743.061,0,522.696
667.255,0,389.581
125
-1714,0,-394
653.927,0,296.989
659.453,0,344.753
674.848,0,353.437
680.769,0,393.307
586.82,0,372.779
651.558,0,344.358
610.899,0,366.069
586.425,0,380.674
663.4,0,424.097
606.556,0,452.913
595.108,0,523.572
663.4,0,424.097
683.531,0,496.335
738.006,0,514.889
665.374,0,384.622
126
-1725,0,-394
654.17,0,301.002
659.116,0,341.004
674.294,0,350.062
663.474,0,388.889
585.82,0,367.248
642.763,0,347.712
609.469,0,369.01
577.35,0,374.543
661.124,0,420.42
602.419,0,463.605
589.836,0,526.081
660.537,0,428.303
671.602,0,492.541
733.491,0,513.007
655.591,0,388.301
127
-1736,0,-394
648.024,0,301.864
653.786,0,341.757
669.147,0,350.502
659.975,0,373.756
581.469,0,361.601
637.574,0,348.798
605.148,0,362.88
573.149,0,369.069
649.099,0,428.583
599.183,0,473.386
587.88,0,536.106
656.992,0,429.009
661.05,0,500.474
724.197,0,503.884
651.23,0,389.116
128
-1748,0,-394
645.141,0,304.29
643.579,0,343.783
658.968,0,352.303
619.713,0,350.75
595.535,0,365.615
635.415,0,351.371
595.535,0,365.615
564.131,0,364.373
648.305,0,423.08
599.011,0,476.506
596.511,0,539.695
647.992,0,430.978
645.18,0,502.066
716.151,0,496.962
649.555,0,391.485
129
-1761,0,-394
636.128,0,308.426
641.24,0,348.407
651.253,0,353.378
603.78,0,361.011
596.288,0,363.532
626.256,0,353.448
588.796,0,366.052
556.307,0,368.644
636.48,0,433.41
596.64,0,488.516
601.823,0,553.494
643.972,0,430.889
636.692,0,508.401
699.149,0,495.727
638.86,0,390.908
130
-1773,0,-394
630.543,0,300.25
636.883,0,347.628
652.423,0,356.004
620.301,0,370.663
604.761,0,362.287
628.722,0,355.219
588.96,0,361.764
549.198,0,368.308
642.182,0,426.418
608.239,0,496.047
614.059,0,559.131
641.922,0,434.271
615.879,0,504.162
687.243,0,498.664
635.582,0,386.892
131
-1787,0,-393
629.102,0,302.942
632.776,0,350.614
640.606,0,351.307
606.516,0,379.856
602.149,0,340.013
624.254,0,357.751
576.582,0,361.425
545.262,0,358.654
633.679,0,429.606
603.263,0,505.826
629.734,0,563.406
633.679,0,429.606
603.263,0,505.826
667.287,0,495.708
629.313,0,389.763
132
-1798,0,-392.5
624.46,0,313.39
623.033,0,352.899
630.649,0,361.087
599.042,0,359.945
591.711,0,343.856
622.747,0,360.801
575.336,0,359.088
535.827,0,357.66
627.794,0,440.105
617.322,0,510.936
639.029,0,567.105
627.794,0,440.105
593.902,0,502.177
649.215,0,504.176
629.221,0,400.596
133
-1810,0,-392.5
621.461,0,308.262
620.221,0,355.408
628.125,0,355.616
588.397,0,362.434
589.017,0,338.861
612.317,0,355.2
564.684,0,361.811
533.067,0,360.979
625.851,0,442.051
616.293,0,504.705
646.463,0,560.541
625.851,0,442.051
576.772,0,503.666
639.799,0,513.187
618.981,0,402.555
134
-1822,0,-394
614.357,0,316.589
613.068,0,355.87
620.924,0,356.128
581.643,0,354.839
574.56,0,331.012
605.212,0,355.612
557.816,0,361.922
526.649,0,353.034
625.945,0,442.804
623.624,0,513.51
653.503,0,561.679
618.088,0,442.546
561.29,0,495.735
615.51,0,521.109
619.377,0,403.265
135
-1836,0,-393.5
609.583,0,308.979
606.723,0,356.055
614.569,0,356.532
575.339,0,354.149
568.923,0,330.134
606.723,0,356.055
559.17,0,361.042
520.417,0,350.812
617.172,0,443.315
621.205,0,506.559
665.421,0,556.495
609.326,0,442.838
551.544,0,486.578
604.083,0,529.144
611.709,0,403.608
136
-1853,0,-393
598.76,0,310.035
597.686,0,349.323
597.471,0,357.181
566.256,0,348.464
566.901,0,324.891
597.471,0,357.181
550.326,0,355.892
511.039,0,354.817
603.181,0,435.971
617.177,0,499.261
662.818,0,555.552
603.181,0,435.971
539.031,0,481.397
584.673,0,537.689
596.397,0,396.468
137
-1862,0,-395
595.621,0,310.238
586.387,0,349.24
593.966,0,357.372
546.833,0,355.717
556.067,0,316.715
593.966,0,357.372
538.977,0,355.442
507.555,0,354.339
599.065,0,436.204
620.426,0,499.876
665.905,0,548.664
591.209,0,435.928
534.565,0,481.132
563.782,0,545.08
592.588,0,396.65
138
-1873,0,-397.5
587.422,0,314.426
579.667,0,353.759
587.573,0,353.728
555.916,0,345.99
555.795,0,314.548
587.573,0,353.728
532.225,0,353.941
500.567,0,346.202
587.876,0,432.332
611.838,0,495.124
667.368,0,542.074
587.876,0,432.332
532.739,0,487.568
540.888,0,550.421
587.725,0,393.03
139
-1882,0,-395
588.422,0,311.46
572.456,0,350.934
580.363,0,350.965
548.766,0,342.936
548.888,0,311.308
580.333,0,358.871
532.922,0,350.782
493.418,0,342.723
587.936,0,437.971
603.506,0,501.287
666.64,0,533.158
580.029,0,437.941
524.498,0,485.169
524.224,0,556.332
580.181,0,398.406
140
-1899,0,-397.5
574.656,0,317.099
567.903,0,348.797
568.179,0,356.653
543.784,0,333.913
542.682,0,302.491
568.179,0,356.653
520.769,0,350.452
489.071,0,343.699
578.791,0,434.934
596.984,0,505.083
652.525,0,518.864
570.936,0,435.209
525.732,0,491.853
512.227,0,555.25
569.557,0,395.931
141
-1906,0,-397.5
568.286,0,314.156
560.356,0,353.445
576.077,0,353.472
536.816,0,329.822
536.872,0,298.38
560.356,0,353.445
513.193,0,353.361
481.765,0,345.446
568.078,0,432.063
583.66,0,510.695
646.544,0,510.806
568.064,0,439.924
520.804,0,494.864
504.972,0,557.719
568.147,0,392.761
142
-1923,0,-396.5
562.443,0,313.41
412.482,0,317.772
405.057,0,320.49
395.641,0,340.775
532.015,0,299.287
546.329,0,361.407
508.475,0,350.001
480.764,0,343.302
409.228,0,377.902
405.247,0,413.039
408.692,0,445.457
558.653,0,441.095
512.837,0,499.962
433.685,0,444.73
415.927,0,350.191
143
-1932,0,-396
553.221,0,312.071
545.384,0,351.62
553.318,0,367.42
529.528,0,327.927
529.458,0,288.392
545.397,0,359.527
505.849,0,351.69
474.193,0,335.932
561.351,0,438.569
561.49,0,517.638
616.825,0,509.634
553.458,0,446.49
514.021,0,501.908
514.146,0,573.071
553.374,0,399.048
144
-1945,0,-397
550.253,0,313.316
540.863,0,360.529
548.477,0,368.692
526.395,0,320.47
527.663,0,280.916
540.609,0,368.44
494.16,0,343.193
471.063,0,326.615
545.94,0,447.8
543.657,0,518.998
427.916,0,444.015
545.94,0,447.8
512.438,0,510.078
526.145,0,573.869
547.209,0,408.246
145
-1958,0,-396
541.869,0,321.142
535.183,0,360.96
543.391,0,368.617
533.914,0,321.397
532.646,0,281.834
535.437,0,368.873
494.904,0,346.41
470.027,0,315.525
439.986,0,371.934
441.255,0,411.497
442.27,0,443.147
545.929,0,447.743
516.142,0,512.065
466.132,0,442.382
536.706,0,408.436
146
-1967,0,-398
530.457,0,320.885
521.696,0,370.919
521.696,0,370.919
530.457,0,320.885
536.072,0,281.626
517.873,0,363.987
484.82,0,337.01
473.352,0,316.213
535.195,0,444.84
516.318,0,509.493
568.924,0,489.525
535.195,0,444.84
509.349,0,513.336
543.755,0,575.729
530.018,0,402.492
147
-1979,0,-399
529.161,0,311.799
527.337,0,359.515
519.081,0,367.163
537.114,0,312.103
538.633,0,272.341
519.385,0,359.211
488.487,0,334.137
473.797,0,301.719
531.947,0,447.296
498.009,0,501.748
551.245,0,567.496
531.947,0,447.296
521.562,0,510.613
551.245,0,567.496
525.514,0,407.23
148
-1988,0,-399
524.788,0,310.574
515.809,0,358.149
468.31,0,333.293
460.148,0,341.085
468.473,0,325.336
507.81,0,357.985
484.306,0,333.621
476.962,0,301.63
475.49,0,373.24
474.672,0,413.024
474.018,0,444.85
491.487,0,373.569
528.698,0,509.654
498.013,0,445.343
522.989,0,398.097
149
-1998,0,-400
484.009,0,299.35
500.114,0,331.298
516.088,0,323.246
535.204,0,297.583
543.125,0,273.557
482.635,0,368.155
476.088,0,323.376
471.178,0,289.792
516.481,0,443.245
471.833,0,489.791
518.248,0,494.439
516.481,0,443.245
532.716,0,515.192
563.289,0,567.892
509.934,0,398.466
150
-2015,0,-401.5
511.725,0,308.079
508.861,0,348.77
524.732,0,346.742
535.532,0,305.036
546.331,0,263.33
491.976,0,342.863
472.048,0,313.15
476.941,0,288.329
511.068,0,429.139
460.591,0,475.916
519.182,0,492.622
512.082,0,437.074
536.067,0,498.529
567.988,0,558.97
513.932,0,388.447
151
-2023,0,-399.5
505.947,0,297.524
506.004,0,345.034
521.841,0,345.015
529.712,0,305.414
537.583,0,265.813
498.086,0,345.044
474.293,0,313.399
474.255,0,281.725
506.118,0,440.055
450.718,0,463.876
506.185,0,495.483
506.118,0,440.055
537.858,0,495.445
569.598,0,550.836
506.061,0,392.544
152
-2039,0,-402.5
509.508,0,298.081
509.451,0,346.081
525.287,0,346.1
525.345,0,298.1
541.211,0,274.119
493.624,0,338.062
469.907,0,306.034
469.945,0,274.034
493.508,0,434.062
445.979,0,450.005
485.513,0,498.053
501.427,0,434.072
525.115,0,490.1
564.639,0,546.148
501.484,0,386.072
153
-2047,0,-402.5
508.703,0,299.631
512.195,0,339.068
536.102,0,336.952
532.61,0,297.514
545.754,0,264.553
496.258,0,340.48
476.828,0,302.453
474.733,0,278.791
495.971,0,427.948
440.888,0,440.774
477.652,0,493.165
495.971,0,427.948
524.766,0,481.044
569.499,0,532.728
500.448,0,387.805
154
-2058,0,-403.5
497.192,0,302.937
516.111,0,333.217
492.472,0,335.563
473.553,0,305.283
470.394,0,273.439
531.871,0,331.654
520.831,0,300.592
540.521,0,258.442
528.73,0,380.201
431.034,0,438.13
527.96,0,452.631
544.49,0,378.637
547.649,0,410.481
559.479,0,449.503
534.24,0,355.536
155
-2070,0,-404.5
504.24,0,293.173
500.137,0,336.058
518.024,0,336.277
529.238,0,297.057
551.228,0,254.39
493.026,0,332.393
471.911,0,303.511
472.349,0,267.737
488.485,0,411.053
423.829,0,431.73
458.946,0,485.829
488.485,0,411.053
516.273,0,479.375
558.721,0,519.252
496.034,0,378.944
156
-2080,0,-406
503.54,0,291.313
500.855,0,331.616
492.926,0,332.676
471.822,0,295.552
468.675,0,272.006
509.834,0,338.405
528.377,0,295.983
540.041,0,262.469
471.697,0,415.4
424.12,0,421.759
448.371,0,482.428
479.627,0,414.341
504.926,0,482.858
550.867,0,524.651
490.241,0,372.978
157
-2091,0,-407.5
508.008,0,296.454
499.444,0,331.19
557.592,0,334.473
543.745,0,345.798
555.831,0,326.669
582.764,0,336.994
467.229,0,297.454
467.989,0,264.477
560.353,0,383.056
561.353,0,423.836
560.592,0,456.812
575.961,0,379.535
499.922,0,478.702
584.004,0,451.53
484.836,0,375.492
158
-2100,0,-407
505.014,0,287.836
498.21,0,330.377
564.162,0,331.899
524.143,0,299.923
538.751,0,255.621
581.531,0,336.181
465.995,0,296.64
466.755,0,263.664
566.923,0,380.482
410.846,0,415.698
567.162,0,454.238
582.531,0,376.961
591.334,0,415.98
534.425,0,527.234
577.248,0,353.549
159
-2114,0,-409.5
504.351,0,287.375
497.547,0,329.916
489.743,0,331.676
521.719,0,291.657
538.088,0,255.16
489.743,0,331.676
465.332,0,296.179
466.092,0,263.203
575.825,0,386.064
408.423,0,407.432
430.313,0,468.102
474.375,0,408.954
480.657,0,473.145
518.155,0,530.293
481.179,0,366.413
160
-2122,0,-408
502.619,0,284.046
495.885,0,326.152
505.352,0,332.134
519.811,0,288.284
536.012,0,252.159
486.418,0,320.171
463.998,0,292.76
464.751,0,260.12
581.088,0,379.985
407.67,0,402.878
581.325,0,452.988
465.225,0,406.127
471.443,0,469.663
500.834,0,527.971
479.684,0,362.278
161
-2131,0,-409.5
505.531,0,286.659
491.162,0,330.906
506.611,0,327.421
522.74,0,290.977
537.109,0,246.729
481.677,0,324.845
457.425,0,289.312
459.867,0,264.157
591.975,0,381.97
409.037,0,398.643
592.374,0,455.69
466.628,0,402.051
457.541,0,469.71
617.307,0,458.265
482.757,0,365.607
162
-2141,0,-411.5
504.531,0,286.049
495.966,0,320.786
513.334,0,325.068
521.899,0,290.331
536.507,0,246.03
478.598,0,316.504
465.511,0,294.853
458.468,0,263.638
463.229,0,393.781
405.081,0,390.499
417.406,0,445.126
464.99,0,401.585
455.665,0,469.298
469.751,0,531.729
479.598,0,357.284
163
-2147,0,-416
612.568,0,303.269
493.75,0,321.877
511.118,0,326.159
597.96,0,347.57
534.291,0,247.121
484.185,0,315.834
461.535,0,288.14
464.056,0,262.968
614.568,0,384.829
408.908,0,382.025
614.807,0,458.585
630.176,0,381.307
443.884,0,464.346
638.219,0,453.302
477.382,0,358.374
164
-2155,0,-417
621.97,0,301.226
625.927,0,333.953
507.062,0,327.409
600.398,0,346.936
532.536,0,249.937
483.485,0,324.513
463.809,0,289.855
459.852,0,257.128
620.074,0,381.594
623.056,0,422.261
618.178,0,461.963
635.793,0,383.525
647.609,0,417.218
650.591,0,457.885
630.86,0,358.739
165
-2164,0,-415
635.877,0,301.598
497.901,0,323.567
625.558,0,332.927
608.431,0,347.714
527.686,0,245.536
481.944,0,322.397
460.348,0,288.728
454.709,0,256.229
630.027,0,381.384
635.081,0,421.861
632.156,0,461.754
645.984,0,382.553
651.038,0,423.031
656.676,0,455.531
639.76,0,358.033
166
-2174,0,-417
643.961,0,302.059
643.122,0,333.722
515.377,0,322.417
618.712,0,348.917
533.468,0,243.685
483.388,0,321.57
460.235,0,289.272
461.074,0,257.609
641.864,0,381.215
640.816,0,420.793
639.768,0,460.371
657.859,0,381.639
664.808,0,421.429
663.969,0,453.091
482.34,0,361.148
167
-2184,0,-419
512.542,0,287.341
495.863,0,318.91
511.483,0,327.327
512.754,0,279.343
521.305,0,255.561
480.032,0,318.491
456.921,0,293.87
457.768,0,261.881
644.565,0,386.871
643.506,0,426.857
642.659,0,458.846
462.083,0,398.043
413.742,0,428.774
372.893,0,475.709
478.973,0,358.477
168
-2193,0,-420
520.607,0,280.253
495.556,0,319.604
511.338,0,328.024
638.87,0,347.408
529.451,0,248.476
479.561,0,319.18
456.205,0,294.553
457.053,0,262.564
653.805,0,387.818
652.746,0,427.804
659.896,0,460.004
669.8,0,388.241
414.525,0,357.471
683.888,0,460.64
478.502,0,359.166
169
-2203,0,-422
519.333,0,290.163
502.492,0,321.728
510.277,0,329.937
645.806,0,349.533
654.015,0,341.747
486.497,0,321.305
455.144,0,296.466
455.991,0,264.477
660.741,0,389.942
667.679,0,430.14
666.832,0,462.129
460.387,0,400.641
404.195,0,407.155
690.823,0,462.764
477.441,0,361.079
170
-2213,0,-422
521.588,0,292.936
496.542,0,332.086
512.537,0,332.51
513.801,0,284.767
522.642,0,253.15
480.759,0,323.705
457.399,0,299.198
458.242,0,267.369
462.867,0,394.897
423.935,0,354.051
398.679,0,401.159
454.66,0,402.642
398.679,0,401.159
342.277,0,415.591
479.705,0,363.491
171
-2220,0,-423.5
518.73,0,294.751
501.889,0,326.316
509.674,0,334.525
510.945,0,286.542
527.998,0,246.98
485.894,0,325.893
454.541,0,301.054
455.388,0,269.065
459.996,0,397.232
421.281,0,348.19
395.807,0,403.535
451.787,0,405.017
396.231,0,387.54
339.827,0,402.052
476.838,0,365.667
172
-2228,0,-425
523.87,0,297.781
497.568,0,331.902
510.094,0,305.919
512.913,0,294.962
528.258,0,258.023
486.611,0,329.083
456.56,0,309.669
454.06,0,273.98
451.853,0,396.074
423.37,0,347.859
690.085,0,469.049
455.922,0,402.962
397.068,0,381.979
343.534,0,385.729
471.266,0,366.023
173
-2235,0,-424.5
519.516,0,299.297
497.378,0,340.128
683.16,0,341.399
666.637,0,360.412
523.885,0,259.709
486.469,0,337.321
459.354,0,307.082
456.864,0,271.546
686.894,0,394.703
693.435,0,437.097
691.872,0,465.774
704.662,0,393.458
714.009,0,424.943
720.55,0,467.337
467.139,0,367.244
174
-2244,0,-424.5
522.901,0,301.479
500.764,0,342.311
509.185,0,309.582
518.85,0,294.621
527.27,0,261.892
485.803,0,332.646
451.83,0,306.458
453.392,0,277.78
436.233,0,389.684
398.208,0,356.637
340.853,0,353.512
451.194,0,399.349
409.118,0,359.444
385.736,0,382.508
477.383,0,365.375
175
-2253,0,-424
525.369,0,308.382
500.159,0,340.211
691.253,0,343.514
515.13,0,296.353
535.22,0,258.509
483.854,0,333.345
452.192,0,308.435
460.151,0,280.917
703.771,0,395.09
706.051,0,434.637
703.211,0,468.17
444.62,0,397.855
403.665,0,349.738
342.62,0,339.464
475.896,0,360.863
176
-2262,0,-424.5
545.716,0,317.892
504.019,0,342.959
533.532,0,328.262
519.048,0,298.902
534.076,0,254.845
482.495,0,330.014
455.827,0,311.024
463.815,0,283.381
443.099,0,394.812
437.551,0,326.58
352.805,0,325.755
443.099,0,394.812
402.894,0,335.233
352.805,0,325.755
479.651,0,363.7
177
-2269,0,-426
537.089,0,313.163
506.747,0,340.409
525.94,0,314.804
518.037,0,298.882
535.678,0,262.115
482.897,0,332.53
459.047,0,324.65
459.189,0,284.765
439.712,0,390.141
408.102,0,326.454
354.052,0,305.936
433.362,0,385.381
436.75,0,327.933
354.052,0,305.936
476.405,0,367.655
178
-2279,0,-426
531.824,0,317.666
501.617,0,345.061
520.683,0,319.362
517.469,0,297.054
534.928,0,260.201
484.103,0,342.029
457,0,311.96
458.552,0,283.228
433.222,0,383.971
441.093,0,320.081
363.053,0,292.068
428.455,0,390.395
407.671,0,325.169
363.053,0,292.068
465.036,0,367.728
179
-2286,0,-428
531.658,0,321.127
513.657,0,347.276
513.979,0,318.592
516.39,0,300.981
527.801,0,270.295
498.067,0,355.814
463.03,0,322.06
463.351,0,293.375
453.708,0,363.819
438.761,0,314.988
370.454,0,287.237
449.208,0,370.356
416.581,0,318.99
370.454,0,287.237
471.387,0,366.354
180
-2295,0,-428
536.559,0,321.424
511.877,0,343.282
518.949,0,319.013
521.484,0,301.334
526.554,0,265.975
489.73,0,347.461
420.754,0,377.677
462.114,0,289.601
406.212,0,328.817
426.358,0,313.549
385.134,0,275.457
451.974,0,360.319
426.358,0,313.549
378.596,0,270.957
474.121,0,356.14
181
-2302,0,-431
542.503,0,319.165
509.92,0,342.369
524.829,0,321.93
517.423,0,297.74
529.567,0,259.628
492.247,0,345.134
456.01,0,321.833
461.638,0,288.362
751.626,0,405.949
435.572,0,306.925
390.054,0,270.591
430.834,0,369.227
435.572,0,306.925
398.349,0,323.612
472.698,0,359.056
182
-2308,0,-432
763.094,0,320.128
758.148,0,355.418
747.067,0,357.463
518.108,0,296.587
523.054,0,261.297
780.312,0,351.327
777.839,0,368.972
758.148,0,355.418
750.729,0,408.353
750.302,0,437.08
758.482,0,481.406
766.329,0,399.744
779.028,0,437.508
785.164,0,470.753
762.239,0,377.581
183
-2314,0,-433
772.836,0,323.79
767.89,0,359.08
756.809,0,361.125
734.645,0,365.216
743.682,0,352.089
783.49,0,350.471
787.581,0,372.634
767.89,0,359.08
758.426,0,400.933
760.043,0,440.742
761.661,0,480.55
776.071,0,403.406
788.77,0,441.17
794.906,0,474.415
765.417,0,376.725
184
-2322,0,-433.5
775.601,0,328.707
775.173,0,357.434
759.574,0,366.042
748.492,0,368.087
515.871,0,256.322
790.773,0,348.825
794.864,0,370.988
775.173,0,357.434
767.754,0,410.369
769.372,0,450.177
768.944,0,478.904
783.354,0,401.76
791.535,0,446.087
797.671,0,479.332
774.746,0,386.16
185
-2330,0,-433.5
788.548,0,324.79
783.602,0,360.08
772.52,0,362.125
750.357,0,366.215
506.654,0,256.495
794.684,0,358.035
792.211,0,375.68
783.602,0,360.08
769.62,0,408.497
775.755,0,441.742
777.373,0,481.55
791.783,0,404.406
797.919,0,437.651
806.099,0,481.978
781.129,0,377.725
186
-2337,0,-435.5
786.242,0,328.817
792.456,0,362.116
781.348,0,364.144
759.132,0,368.198
768.169,0,355.071
803.564,0,360.089
805.635,0,371.189
501.387,0,248.811
778.526,0,410.57
784.74,0,443.869
786.436,0,483.731
800.741,0,406.515
802.437,0,446.378
815.241,0,484.213
785.491,0,386.343
187
-2345,0,-436.5
797.001,0,328.141
504.425,0,329.895
780.998,0,365.496
765.371,0,374.088
494.446,0,245.631
495.388,0,343.023
451.332,0,322.369
772.337,0,349.86
789.282,0,409.896
790.977,0,449.76
797.19,0,483.061
800.39,0,407.869
813.193,0,445.705
825.996,0,483.542
796.248,0,385.669
188
-2351,0,-437.5
798.126,0,331.552
797.702,0,360.07
782.215,0,368.616
771.214,0,370.647
773.669,0,353.129
497.456,0,335.851
812.764,0,380.042
797.702,0,360.07
790.336,0,412.621
791.942,0,452.141
798.033,0,485.145
801.338,0,410.591
813.945,0,448.08
826.552,0,485.569
797.277,0,388.588
189
-2358,0,-438.5
803.669,0,333.286
803.245,0,361.805
787.758,0,370.351
486.331,0,278.094
480.24,0,245.09
820.762,0,364.26
811.791,0,377.291
803.245,0,361.805
795.88,0,414.356
797.485,0,453.876
803.577,0,486.879
806.881,0,412.326
819.488,0,449.815
832.095,0,487.304
802.82,0,390.323
190
-2366,0,-439.5
816.99,0,330.609
812.106,0,365.818
801.037,0,367.841
486.424,0,276.622
473.673,0,238.916
823.176,0,363.796
820.734,0,381.401
812.106,0,365.818
798.215,0,414.113
804.4,0,447.3
812.648,0,491.549
820.354,0,410.068
833.105,0,447.774
839.291,0,480.961
816.23,0,387.943
191
-2370,0,-440.5
820.769,0,333.002
815.875,0,368.077
804.855,0,370.102
782.816,0,374.153
472.612,0,237.5
831.384,0,359.531
828.936,0,377.068
815.875,0,368.077
802.003,0,416.194
808.128,0,449.244
816.295,0,493.311
824.042,0,412.144
836.698,0,449.689
842.824,0,482.739
813.428,0,385.614
192
-2377,0,-440.5
823.996,0,336.426
823.66,0,365.032
808.114,0,373.556
797.059,0,375.558
467.746,0,235.374
841.281,0,367.55
838.868,0,385.114
823.66,0,365.032
816.42,0,417.723
818.16,0,457.371
824.389,0,490.497
831.965,0,409.2
840.271,0,453.367
853.067,0,491.013
823.323,0,393.638
193
-2384,0,-441.5
835.36,0,328.091
830.257,0,363.427
819.2,0,365.528
797.085,0,369.729
806.158,0,356.55
500.809,0,311.459
838.763,0,378.995
830.257,0,363.427
816.082,0,411.943
822.036,0,445.178
829.975,0,489.492
838.196,0,407.741
846.135,0,452.056
863.146,0,483.191
829.69,0,392.174
194
-2390,0,-441.5
837.647,0,334.799
837.057,0,363.53
826.012,0,365.639
803.92,0,369.856
463.657,0,223.032
501.534,0,307.38
448.869,0,300.263
438.413,0,273.64
822.859,0,412.03
828.779,0,445.242
836.672,0,489.525
844.95,0,407.813
852.844,0,452.096
858.763,0,485.308
829.958,0,387.78
195
-2393.5,0,-443
844.477,0,334.843
843.89,0,363.576
826.332,0,361.202
810.749,0,369.899
463.925,0,218.559
854.937,0,361.468
852.375,0,379.129
843.89,0,363.576
829.694,0,412.077
831.081,0,451.881
843.514,0,489.577
851.787,0,407.862
859.685,0,452.147
865.608,0,485.362
836.792,0,387.827
196
-2401.5,0,-444
846.659,0,336.421
852.846,0,369.541
492.503,0,275.405
475.267,0,244.299
464.586,0,217.706
496.629,0,297.485
450.37,0,294.501
822.13,0,358.016
850.048,0,415.715
862.791,0,453.347
875.535,0,490.98
838.999,0,417.729
840.694,0,457.376
846.881,0,490.495
845.923,0,393.635
197
-2406.5,0,-445
852.099,0,338.16
847.167,0,373.254
836.15,0,375.293
818.611,0,372.841
827.599,0,359.784
496.808,0,295.65
450.711,0,292.785
847.167,0,373.254
844.265,0,419.368
845.856,0,458.953
851.942,0,492.01
855.282,0,417.33
867.89,0,454.876
880.499,0,492.423
851.225,0,395.292
198
-2412.5,0,-446
858.272,0,334.207
857.687,0,362.941
842.103,0,371.638
831.055,0,373.745
833.616,0,356.083
875.246,0,365.317
456.378,0,290.641
857.687,0,362.941
850.005,0,415.926
851.395,0,455.733
857.321,0,488.949
867.564,0,418.302
873.491,0,451.519
885.929,0,489.218
857.102,0,391.675
199
-2418.5,0,-447
863.363,0,337.217
864.988,0,376.825
847.426,0,374.358
831.904,0,382.917
834.358,0,365.362
876.017,0,374.795
454.941,0,286.999
450.862,0,264.946
851.091,0,424.993
857.21,0,458.072
858.835,0,497.68
873.147,0,420.931
879.266,0,454.011
891.92,0,491.588
862.534,0,394.38
200
-2424.5,0,-447
870.43,0,343.093
870.084,0,371.813
858.986,0,373.825
843.38,0,382.387
845.807,0,364.753
887.772,0,374.336
372.073,0,530.907
343.288,0,530.397
862.804,0,424.715
864.54,0,464.519
870.784,0,497.774
880.491,0,427.238
893.325,0,465.03
899.569,0,498.285
869.739,0,400.532
201
-2429.5,0,-449
878.749,0,340.004
873.7,0,375.377
862.616,0,377.46
844.984,0,375.034
847.509,0,357.347
891.332,0,377.803
380.438,0,531.146
351.721,0,530.803
866.126,0,428.438
872.161,0,461.729
878.197,0,495.02
881.747,0,419.766
894.33,0,457.565
906.913,0,495.364
877.723,0,397.572
202
-2435.5,0,-450
881.702,0,343.619
876.82,0,378.794
865.762,0,380.816
848.146,0,378.323
850.586,0,360.736
894.436,0,381.287
378.448,0,527.051
881.319,0,372.258
869.497,0,431.557
875.673,0,464.711
881.849,0,497.864
885.054,0,422.999
897.789,0,460.667
910.523,0,498.335
876.437,0,407.433
203
-2439.5,0,-452
888.213,0,340.967
883.122,0,376.311
872.059,0,378.408
854.469,0,376.011
857.014,0,358.339
900.712,0,378.708
454.983,0,285.542
362.04,0,532.354
875.486,0,429.328
881.458,0,462.577
887.431,0,495.825
891.085,0,420.642
903.585,0,458.384
916.084,0,496.125
887.104,0,398.477
204
-2443.5,0,-452
892.267,0,340.352
887.197,0,375.711
876.123,0,377.801
858.512,0,375.39
861.047,0,357.71
909.344,0,371.533
458.526,0,284.576
887.197,0,375.711
879.592,0,428.75
885.596,0,462.02
891.599,0,495.29
901.739,0,424.571
907.743,0,457.841
920.284,0,495.611
891.199,0,397.891
205
-2448.5,0,-452
901.114,0,345.327
896.148,0,380.758
885.022,0,382.812
867.307,0,380.329
869.79,0,362.613
913.863,0,383.241
911.81,0,372.115
900.684,0,374.169
888.699,0,433.904
894.86,0,467.282
901.02,0,500.659
910.951,0,429.798
917.111,0,463.175
929.861,0,501.089
895.718,0,409.6
206
-2453,0,-453
906.188,0,346.865
901.159,0,382.252
883.507,0,379.813
872.412,0,381.888
874.927,0,364.194
912.253,0,380.177
912.253,0,380.177
372.191,0,532.866
891.593,0,424.229
899.68,0,468.645
905.745,0,501.957
909.245,0,426.668
921.868,0,464.494
927.933,0,497.806
905.202,0,404.46
207
-2459.5,0,-453
910.512,0,346.129
505.01,0,251.519
887.831,0,379.077
870.262,0,376.695
879.334,0,363.516
920.989,0,372.767
464.76,0,282.085
378.25,0,533.325
895.753,0,423.38
897.157,0,463.196
903.099,0,496.423
913.322,0,425.762
925.78,0,463.475
931.721,0,496.701
902.845,0,399.125
208
-2463,0,-455
916.494,0,345.45
911.403,0,380.795
893.813,0,378.398
878.213,0,387.084
880.759,0,369.412
922.466,0,378.698
472.2,0,292.122
455.165,0,260.97
897.24,0,429.319
903.212,0,462.567
911.175,0,506.898
919.366,0,425.126
931.866,0,462.867
937.838,0,496.115
908.857,0,398.467
209
-2467,0,-454
921.751,0,340.346
912.207,0,382.338
901.102,0,384.406
883.429,0,381.952
885.933,0,364.251
934.416,0,378.202
475.385,0,285.592
389.343,0,537.154
909.231,0,428.851
910.791,0,468.774
916.888,0,502.108
926.904,0,431.304
939.569,0,469.16
945.666,0,502.494
916.271,0,404.56
210
-2472,0,-456
918.981,0,346.188
920.624,0,385.855
903.03,0,383.378
887.483,0,391.943
889.935,0,374.363
492.621,0,264.633
474.623,0,290.779
459.48,0,270.721
906.721,0,434.088
912.864,0,467.219
921.055,0,511.394
928.815,0,430.03
941.506,0,467.668
954.196,0,505.306
913.673,0,409.972
211
-2476.5,0,-456
519.641,0,230.353
926.265,0,385.029
910.698,0,393.58
893.061,0,391.073
895.492,0,373.478
937.333,0,383.014
422.977,0,539.535
459.439,0,275.616
912.404,0,433.291
920.68,0,477.523
926.886,0,510.698
934.541,0,429.261
942.816,0,473.494
955.591,0,511.19
919.335,0,409.16
212
-2481.5,0,-456
935.207,0,349.778
930.345,0,384.967
914.778,0,393.518
897.141,0,391.011
899.572,0,373.417
490.155,0,264.989
478.725,0,295.656
463.519,0,275.555
916.485,0,433.229
924.76,0,477.461
930.966,0,510.636
934.121,0,435.736
946.896,0,473.432
959.671,0,511.128
929.984,0,413.62
213
-2485,0,-457
934.309,0,346.155
929.405,0,381.315
913.858,0,389.88
896.264,0,387.403
898.716,0,369.823
946.999,0,383.792
478.904,0,292.775
459.262,0,279.253
922.049,0,434.055
930.24,0,478.229
929.836,0,506.853
939.643,0,436.533
952.334,0,474.171
958.477,0,507.301
929.001,0,409.938
214
-2488.5,0,-458
935.635,0,347.41
937.215,0,387.033
919.663,0,384.584
897.611,0,388.672
900.084,0,371.107
948.241,0,384.989
435.658,0,542.732
924.162,0,378.048
923.269,0,435.237
931.376,0,479.353
937.456,0,512.44
945.321,0,431.149
953.428,0,475.266
970.533,0,506.309
930.242,0,411.135
215
-2493,0,-458
945.75,0,352.372
940.804,0,387.503
923.252,0,385.055
907.726,0,393.635
903.673,0,371.577
951.83,0,385.459
443.747,0,536.666
927.751,0,378.518
926.859,0,435.707
934.965,0,479.823
941.045,0,512.911
948.91,0,431.619
961.516,0,469.199
974.122,0,506.779
933.831,0,411.605
216
-2498,0,-459
950.04,0,351.48
945.094,0,386.611
929.568,0,395.191
912.016,0,392.743
914.489,0,375.177
956.12,0,384.567
473.66,0,302.929
932.041,0,377.626
931.149,0,434.815
939.255,0,478.931
945.335,0,512.018
953.2,0,430.727
961.307,0,474.844
978.412,0,505.887
938.121,0,410.713
217
-2501,0,-460
951.684,0,352.589
946.717,0,387.705
935.702,0,389.756
913.671,0,393.858
916.155,0,376.3
957.733,0,385.654
456.609,0,541.651
428.063,0,541.268
932.751,0,435.894
945.315,0,473.445
946.863,0,513.047
954.781,0,431.792
967.345,0,469.343
979.909,0,506.894
946.25,0,416.285
218
-2504,0,-461
960.73,0,357.358
949.31,0,388.033
938.232,0,390.04
922.654,0,398.584
918.495,0,376.454
966.968,0,390.554
456.673,0,540.237
942.731,0,383.504
942.049,0,440.838
948.287,0,474.034
956.604,0,518.295
964.206,0,436.823
977.023,0,474.547
983.261,0,507.743
953.469,0,410.163
219
-2509,0,-462
956.94,0,353.832
952.056,0,389.006
940.999,0,391.029
918.885,0,395.073
921.327,0,377.486
974.171,0,384.962
442.384,0,230.831
949.999,0,377.956
949.231,0,435.231
950.905,0,474.919
959.136,0,519.121
966.845,0,437.723
979.576,0,475.388
990.25,0,502.004
956.172,0,411.107
220
-2512,0,-462
962.975,0,348.924
958.019,0,384.167
942.443,0,392.772
931.381,0,394.821
426.493,0,230.871
975.631,0,386.627
461.359,0,544.784
432.685,0,544.372
950.585,0,437.032
958.726,0,481.291
964.832,0,514.486
968.196,0,439.491
980.851,0,477.194
991.471,0,503.832
957.576,0,412.853
221
-2514.5,0,-462
971.562,0,353.522
959.967,0,384.388
948.881,0,386.47
933.259,0,395.14
935.782,0,377.452
982.138,0,380.226
466.643,0,540.115
957.954,0,373.29
952.398,0,437.452
964.987,0,475.255
966.49,0,515.139
974.569,0,433.29
987.158,0,471.093
997.734,0,497.798
959.457,0,413.174
222
-2518.5,0,-463
975.767,0,353.089
970.721,0,388.465
953.086,0,386.037
937.464,0,394.708
939.987,0,377.02
981.807,0,386.384
470.848,0,539.683
962.159,0,372.858
956.603,0,437.019
969.192,0,474.822
970.695,0,514.707
978.774,0,432.857
991.363,0,470.66
997.403,0,503.955
970.211,0,417.251
223
-2522,0,-463
979.508,0,354.247
974.506,0,389.558
958.907,0,398.197
941.283,0,395.753
937.234,0,373.589
985.581,0,387.493
455.792,0,245.626
425.069,0,234.166
960.455,0,438.016
968.552,0,482.344
974.625,0,515.59
982.604,0,433.886
995.226,0,471.641
1001.3,0,504.887
967.48,0,413.787
224
-2525.5,0,-465
980.508,0,356.288
975.653,0,391.515
960.066,0,400.07
942.403,0,397.553
944.831,0,379.94
993.315,0,394.032
482.792,0,543.989
973.577,0,380.444
968.37,0,444.355
970.095,0,484.112
976.323,0,517.326
990.536,0,440.33
996.764,0,473.544
1007.5,0,500.216
975.301,0,420.2
225
-2527,0,-465.5
983.923,0,356.153
979.068,0,391.38
963.481,0,399.935
945.819,0,397.418
948.246,0,379.805
996.73,0,393.896
475.124,0,545.866
972.488,0,386.85
971.785,0,444.22
973.51,0,483.976
979.738,0,517.19
993.951,0,440.195
1000.18,0,473.409
1010.91,0,500.081
978.716,0,420.065
226
-2529.5,0,-465.5
985.895,0,356.194
980.873,0,391.493
969.808,0,393.565
947.678,0,397.709
950.19,0,380.06
996.463,0,382.847
447.206,0,256.656
972.319,0,375.916
973.339,0,444.44
979.381,0,477.666
980.898,0,517.466
995.468,0,440.296
1001.51,0,473.522
1012.08,0,500.174
984.901,0,413.643
227
-2533,0,-467.5
988.771,0,357.721
983.836,0,392.892
972.793,0,394.933
950.707,0,399.014
953.175,0,381.428
994.879,0,390.852
992.411,0,408.438
415.529,0,252.373
976.433,0,445.65
982.541,0,478.781
984.145,0,518.454
991.979,0,437.067
1004.63,0,474.7
1015.24,0,501.289
983.404,0,421.522
228
-2536,0,-467.5
987.533,0,356.446
987.03,0,385.099
971.48,0,393.727
949.408,0,397.867
951.917,0,380.261
1004.59,0,387.519
484.901,0,542.094
980.509,0,380.61
979.504,0,437.917
987.529,0,482.107
993.547,0,515.25
997.061,0,440.337
1009.6,0,477.968
1020.13,0,504.552
986.528,0,413.753
229
-2539,0,-467.5
1004.92,0,358.803
993.453,0,389.574
977.834,0,398.154
966.729,0,400.177
962.58,0,377.987
1011.15,0,392.087
1002.12,0,405.204
986.863,0,385.037
986.133,0,442.533
994.432,0,486.912
1000.66,0,520.196
1008.34,0,438.489
1016.64,0,482.868
1025.31,0,498.498
993.088,0,418.321
230
-2543,0,-468.5
999.608,0,355.227
994.688,0,390.506
983.604,0,392.542
968.004,0,401.137
963.894,0,378.975
1012.34,0,392.993
1003.31,0,406.11
988.118,0,385.984
987.308,0,443.425
995.528,0,487.749
1001.69,0,520.993
1009.48,0,439.353
1017.7,0,483.678
1026.32,0,499.281
994.283,0,419.227
231
-2545.5,0,-468.5
998.806,0,361.841
998.401,0,390.561
987.316,0,392.597
971.717,0,401.192
967.607,0,379.03
1016.05,0,393.048
427.298,0,277.747
991.831,0,386.039
991.021,0,443.48
999.241,0,487.804
1005.41,0,521.048
1013.19,0,439.408
1021.41,0,483.732
1030.03,0,499.336
997.996,0,419.282
232
-2549.5,0,-468.5
1009.47,0,361.961
1004.57,0,397.164
986.949,0,394.676
971.381,0,403.246
967.27,0,381.129
1015.64,0,395.137
1006.63,0,408.223
991.453,0,388.133
990.668,0,445.453
998.891,0,489.688
1005.06,0,522.864
1012.8,0,441.399
1025.52,0,479.091
1029.63,0,501.208
1008.68,0,419.282
233
-2552.5,0,-469.5
1011.41,0,361.282
1006.53,0,396.499
995.457,0,398.52
973.309,0,402.561
975.747,0,384.952
1017.6,0,394.479
1015.17,0,412.088
993.391,0,387.454
999.215,0,449.325
1000.91,0,489.064
1007.1,0,522.261
1014.79,0,440.762
1027.56,0,478.481
398.012,0,295.839
1010.66,0,418.631
234
-2554,0,-470.5
1015.96,0,359.143
1011.1,0,394.376
995.512,0,402.933
977.848,0,400.418
980.277,0,382.801
1028.76,0,396.891
1015.25,0,416.521
997.941,0,385.317
1003.81,0,447.224
1005.53,0,486.986
1018.34,0,524.734
1021.48,0,449.74
1034.28,0,487.487
1036.36,0,498.56
1010.75,0,423.065
235
-2558,0,-470.5
1002.98,0,368.477
1012.44,0,395.551
1004.46,0,426.308
977.57,0,402.918
981.559,0,387.54
467.509,0,336.253
1016.17,0,412.932
981.559,0,387.54
1008.19,0,443.69
1007.93,0,476.45
916.249,0,575.769
1010.19,0,436.001
843.035,0,540.362
402.016,0,302.848
1014.18,0,420.622
236
-2562.5,0,-470.5
1018.44,0,364.412
1013.5,0,399.59
1002.45,0,401.631
980.365,0,405.713
976.292,0,383.621
1029.05,0,391.006
1022.08,0,415.139
1000.42,0,390.585
1004.06,0,441.312
1012.2,0,485.496
1013.81,0,525.177
1021.64,0,443.774
1034.29,0,481.414
1038.37,0,503.505
1017.57,0,421.682
237
-2565.5,0,-470.5
1020.83,0,358.273
1015.93,0,393.567
1004.84,0,395.597
989.226,0,404.185
985.097,0,382.009
1033.6,0,396.067
1024.57,0,409.185
1009.35,0,389.038
1008.58,0,446.508
1016.84,0,490.861
1023.03,0,524.126
1030.77,0,442.449
1039.03,0,486.802
1045.61,0,491.332
1015.54,0,422.302
238
-2568.5,0,-469
1016.59,0,358.199
1022.18,0,393.503
1011.06,0,391.605
986.959,0,398.946
988.804,0,387.81
1039.8,0,390.781
1031.47,0,406.535
1006.42,0,385.089
1012.96,0,449.18
1023.19,0,491
1024.14,0,519.787
1037.06,0,441.839
1047.29,0,483.659
1052.88,0,518.963
1023.13,0,422.29
239
-2571,0,-468
1026.98,0,360.647
1027.91,0,389.405
1010.3,0,392.137
990.843,0,405.994
994.548,0,383.742
1039.03,0,391.293
1030.69,0,407.037
1012.15,0,381.011
1018.65,0,445.033
1022.36,0,491.423
1027.92,0,526.688
1036.25,0,442.302
1046.45,0,484.073
1063.13,0,521.225
1028.84,0,418.163
240
-2576.5,0,-468
1020.48,0,360.549
1027.9,0,384.688
1014.93,0,393.926
990.836,0,401.277
994.541,0,379.026
1043.65,0,393.083
1035.31,0,408.827
1016.78,0,382.801
1018.64,0,440.317
1022.35,0,486.707
1027.91,0,521.971
1040.88,0,444.092
1051.07,0,485.863
1063.12,0,516.508
1028.83,0,413.446
241
-2577.5,0,-469
1030.06,0,359.734
1030.99,0,388.492
1013.38,0,391.223
1000.41,0,400.461
997.63,0,382.829
1046.74,0,396.886
1033.77,0,406.124
1019.87,0,386.604
1021.73,0,444.12
1031.93,0,485.891
1031,0,525.774
1039.33,0,441.388
1049.53,0,483.159
1066.21,0,520.311
1031.92,0,417.249
242
-2580.5,0,-469
1023.67,0,361.903
1029.75,0,395.087
1014.18,0,403.702
996.579,0,401.256
999.069,0,383.636
1047.34,0,397.533
520.261,0,547.041
1016.67,0,386.082
1022.28,0,447.947
1021.81,0,476.629
341.007,0,317.308
1037.85,0,439.332
450.171,0,382.789
336.492,0,323.867
1029.28,0,423.768
243
-2584.5,0,-469
1034.51,0,369.385
1034.17,0,398.1
864.922,0,291.242
1000.88,0,404.133
1003.3,0,386.502
1051.86,0,400.625
529.625,0,552.577
1020.99,0,389.027
374.583,0,368.648
339.553,0,334.883
332.963,0,330.347
374.583,0,368.648
339.553,0,334.883
332.963,0,330.347
1038.33,0,420.267
244
-2584.5,0,-470
429.105,0,434.301
411.862,0,405.191
409.866,0,412.886
717.547,0,246.336
423.598,0,391.811
409.866,0,412.886
402.363,0,378.09
423.598,0,391.811
367.396,0,385.443
336.662,0,344.621
338.659,0,336.927
367.396,0,385.443
336.662,0,344.621
344.406,0,346.63
398.371,0,393.479
245
-2588.5,0,-470.5
1035.16,0,366.947
1036.13,0,395.719
1025.01,0,393.814
1005.59,0,407.648
1002.78,0,390.004
1053.72,0,393.013
267.861,0,618.743
1026.85,0,382.686
1028.79,0,440.23
335.95,0,344.362
474.402,0,59.1575
372.104,0,367.722
335.95,0,344.362
479.042,0,65.674
1037.1,0,424.491
246
-2589.5,0,-469
1038.42,0,363.775
1045.83,0,387.965
1039.31,0,392.606
1008.61,0,404.653
1012.36,0,382.338
1061.63,0,396.358
1048.59,0,405.639
1034.67,0,386.09
1036.45,0,443.751
1046.62,0,485.615
1045.63,0,525.603
1058.76,0,447.503
1064.29,0,482.85
295.438,0,313.438
1046.72,0,416.796
247
-2594.5,0,-469
334.66,0,363.644
351.946,0,394.969
358.536,0,399.505
380.788,0,395.398
636.869,0,37.5066
347.41,0,401.558
330.124,0,370.234
636.869,0,37.5066
386.948,0,428.775
393.967,0,404.47
420.325,0,422.615
384.894,0,417.65
393.967,0,404.47
420.325,0,422.615
371.715,0,408.577
248
-2594.5,0,-470
445.083,0,436.24
429.421,0,444.883
436.01,0,449.419
608.48,0,43.6827
630.732,0,39.5759
415.812,0,464.652
158.2,0,627.244
512.173,0,550.41
365.578,0,410.646
337.166,0,381.376
291.039,0,349.622
356.506,0,423.826
337.166,0,381.376
297.629,0,354.158
387.4,0,435.381
249
-2596.5,0,-469
369.807,0,433.886
202.396,0,648.86
387.093,0,465.21
411.398,0,472.229
389.576,0,447.494
392.059,0,429.779
151.733,0,623.696
516.831,0,544.808
455.901,0,464.015
321.626,0,391.006
293.215,0,361.736
458.384,0,446.3
315.037,0,386.47
293.215,0,361.736
425.007,0,452.46
250
-2600.5,0,-470
349.046,0,421.114
377.458,0,450.385
381.565,0,472.637
405.87,0,479.656
640.988,0,39.3474
386.53,0,437.206
157.331,0,629.069
496.353,0,66.0413
461.499,0,469.389
316.098,0,398.433
289.74,0,380.288
214.584,0,658.769
316.098,0,398.433
294.276,0,373.699
618.025,0,538.291
251
-2600.5,0,-471
400.986,0,495.283
137.308,0,469.166
130.718,0,464.63
154.929,0,626.981
634.051,0,43.8491
635.393,0,549.812
161.519,0,631.517
201.486,0,629.893
337.143,0,461.047
315.75,0,407.471
287.339,0,378.2
357.341,0,445.814
315.75,0,407.471
287.339,0,378.2
615.624,0,536.203
252
-2604.5,0,-471
434.756,0,482.587
137.701,0,462.631
137.701,0,462.631
618.782,0,45.9563
641.033,0,41.8495
633.732,0,532.15
161.912,0,624.981
203.932,0,634.483
359.788,0,450.404
320.25,0,423.187
285.249,0,389.38
366.377,0,454.94
320.25,0,423.187
285.249,0,389.38
383.663,0,486.265
253
-2605.5,0,-471
427.563,0,496.185
413.955,0,515.954
398.293,0,524.597
620.661,0,46.3748
642.913,0,42.2681
398.293,0,524.597
163.792,0,625.4
205.812,0,634.902
738.227,0,496.373
317.594,0,430.195
284.646,0,407.514
315.634,0,263.737
313.057,0,436.785
284.646,0,407.514
631.076,0,539.158
254
-2607.5,0,-471
293.702,0,540.47
509.426,0,282.37
518.886,0,309.619
319.818,0,439.802
645.412,0,44.9091
355.944,0,523.557
618.163,0,54.3699
645.412,0,44.9091
413.875,0,555.116
321.861,0,208.917
283.108,0,422.014
536.383,0,305.893
487.878,0,524.725
285.117,0,414.271
530.648,0,296.141
255
-2611.5,0,-471.5
1057.82,0,365.326
1069.89,0,396.015
895.446,0,274.714
1028.15,0,406.098
1025.36,0,388.442
1081.02,0,397.908
1068.04,0,407.155
1047.63,0,392.229
907.517,0,305.403
310.158,0,455.818
280.463,0,427.859
907.517,0,305.403
314.799,0,462.335
280.463,0,427.859
898.235,0,292.37
256
-2611.5,0,-471.5
1065.26,0,364.471
1066.95,0,404.339
1055.84,0,406.368
1033.63,0,410.425
1029.49,0,388.223
1078.06,0,402.31
1069.02,0,415.44
1053.77,0,395.267
1055.47,0,435.134
310.243,0,473.649
281.814,0,444.403
1071.09,0,426.541
310.243,0,473.649
281.814,0,444.403
1064.5,0,422.005
257
-2614.5,0,-470.5
882.885,0,282.981
896.065,0,292.053
896.065,0,292.053
626.75,0,48.3857
660.128,0,42.2255
338.486,0,481.245
294.318,0,615.95
256.404,0,628.699
693.988,0,599.71
309.644,0,480.816
276.696,0,458.135
311.268,0,520.783
305.108,0,487.406
276.696,0,458.135
343.787,0,572.305
258
-2616.5,0,-470.5
1063.87,0,361.224
1075.92,0,391.931
365.222,0,524.845
1038.69,0,408.618
616.987,0,50.9097
574.443,0,542.81
292.555,0,615.881
261.849,0,627.927
330.668,0,628.024
306.672,0,497.793
278.828,0,458.695
312.994,0,630.789
306.672,0,497.793
283.468,0,465.211
336.392,0,525.735
259
-2617.5,0,-470
1061.83,0,364.26
1073.89,0,394.958
366.031,0,516.034
1036.73,0,411.603
1040.46,0,389.306
1085.04,0,396.842
297.295,0,515.878
261.006,0,630.114
329.742,0,630.27
597.573,0,56.5
269.45,0,476.78
312.092,0,633.018
538.118,0,69.3769
274.091,0,483.296
332.557,0,579.158
260
-2621.5,0,-469
1071.39,0,367.958
1083.43,0,398.664
588.476,0,544.903
1041.57,0,408.835
1038.8,0,391.161
588.476,0,544.903
294.639,0,518.448
1067.63,0,390.272
920.813,0,308.226
928.219,0,332.416
276.076,0,492.383
920.813,0,308.226
921.703,0,337.057
276.076,0,492.383
339.267,0,525.951
261
-2622.5,0,-469.5
1074.44,0,365.693
1075.37,0,394.49
1064.24,0,392.598
1044.76,0,406.47
1041.97,0,388.813
1097.64,0,398.275
1078.16,0,412.147
1064.24,0,392.598
1066.11,0,450.192
1076.33,0,492.022
1075.41,0,531.959
1083.74,0,447.461
1093.96,0,489.291
751.647,0,585.748
1076.31,0,423.287
262
-2624.5,0,-470
1074.48,0,365.507
1075.41,0,394.304
1068.92,0,398.928
1044.8,0,406.283
1042.01,0,388.626
1097.68,0,398.089
1078.2,0,411.96
1064.28,0,392.411
1066.15,0,450.005
1076.37,0,491.835
540.152,0,549.603
1088.42,0,453.79
1098.64,0,495.62
540.152,0,549.603
1076.35,0,423.101
263
-2626.5,0,-470.5
1075.31,0,367.365
1076.27,0,396.145
1065.15,0,394.244
1045.7,0,408.091
1042.9,0,390.442
1098.51,0,399.947
1079.07,0,413.793
1065.15,0,394.244
1067.07,0,451.805
1077.31,0,493.618
548.267,0,546.274
1089.31,0,455.606
1101.39,0,486.288
541.786,0,550.89
1077.23,0,424.925
264
-2628.5,0,-470
1072.56,0,368.912
1079.99,0,393.081
1067.02,0,402.32
1042.92,0,409.661
1040.13,0,392.009
1095.76,0,401.494
1082.79,0,410.733
1068.87,0,391.184
1070.77,0,448.76
1074.51,0,495.2
1080.1,0,530.505
1093.02,0,452.554
1098.61,0,487.858
545.15,0,548.083
1080.94,0,421.869
265
-2630.5,0,-470.5
1072.76,0,364.864
1084.84,0,395.545
1067.24,0,398.259
1047.8,0,412.105
1045,0,394.457
1095.97,0,397.446
1087.65,0,413.193
1067.24,0,398.259
1075.64,0,451.204
1079.41,0,497.632
1080.37,0,526.412
1093.25,0,448.49
1103.49,0,490.302
761.686,0,586.399
1085.81,0,424.325
266
-2631.5,0,-470
397.789,0,514.884
364.474,0,520.954
689.201,0,599.473
638.581,0,52.2245
660.792,0,48.1779
377.653,0,530.026
720.442,0,582.308
415.484,0,517.397
333.233,0,538.119
361.298,0,596.111
548.011,0,550.619
333.233,0,538.119
594.505,0,553.621
548.011,0,550.619
669.799,0,557.114
267
-2633.5,0,-470.5
1080.65,0,362.774
1092.7,0,393.481
388.519,0,521.755
1055.47,0,410.168
1052.71,0,392.494
1097.34,0,399.997
761.136,0,79.609
1075.02,0,396.246
342.807,0,623.058
935.607,0,338.39
551.235,0,543.374
325.133,0,625.823
551.915,0,61.6441
555.876,0,549.89
353.172,0,527.285
268
-2633.5,0,-470
1085.55,0,367.254
1097.59,0,397.96
388.777,0,519.717
395.293,0,515.077
417.608,0,518.828
340.397,0,534.529
316.11,0,610.753
278.887,0,627.44
343.065,0,621.021
563.33,0,61.4826
516.826,0,65.1369
330.032,0,630.302
556.814,0,66.1233
516.826,0,65.1369
358.07,0,531.764
269
-2635.5,0,-470.5
1087.22,0,366.16
1088.16,0,394.958
385.865,0,521.889
1051.05,0,411.562
1048.26,0,393.905
1099.29,0,396.85
313.524,0,612.693
276.418,0,629.297
345.073,0,629.51
719.881,0,578.658
519.337,0,63.4469
327.446,0,632.242
559.232,0,64.4996
523.978,0,69.9633
355.252,0,533.869
270
-2637.5,0,-470.5
1084.62,0,370.331
1096.69,0,401.021
389.757,0,521.436
1054.94,0,411.109
1052.15,0,393.452
580.885,0,542.464
563.258,0,545.196
545.631,0,547.928
348.965,0,629.057
937.092,0,328.075
516.736,0,67.6179
326.698,0,625.273
556.631,0,68.6706
516.736,0,67.6179
359.144,0,533.416
271
-2638.5,0,-470
1088.65,0,367.863
1100.69,0,398.57
671.985,0,389.595
1058.83,0,408.74
1056.07,0,391.067
589.94,0,536.416
570.391,0,550.338
548.076,0,546.587
350.805,0,628.147
346.067,0,690.449
519.925,0,65.7465
333.131,0,630.912
559.913,0,66.7329
519.925,0,65.7465
361.17,0,532.373
272
-2640.5,0,-470.5
1090,0,367.863
1102.05,0,398.57
388.586,0,513.811
1060.18,0,408.74
1057.42,0,391.067
584.774,0,541.057
300.219,0,527.636
260.231,0,526.649
345.639,0,632.788
349.294,0,679.292
365.981,0,716.515
329.841,0,624.396
561.264,0,66.7329
521.276,0,65.7465
348.501,0,581.643
273
-2642.5,0,-470
1094.44,0,365.677
1095.33,0,394.508
391.157,0,522.781
399.549,0,506.984
271.193,0,519.822
338.136,0,531.076
318.49,0,613.817
281.267,0,630.504
350.085,0,630.601
684.784,0,38.6752
525.722,0,63.5602
327.771,0,626.85
554.553,0,62.6709
525.722,0,63.5602
352.947,0,579.456
274
-2644.5,0,-470
1093.08,0,365.714
682.939,0,382.805
681.063,0,393.962
309.821,0,520.846
269.833,0,519.859
687.579,0,389.321
398.189,0,507.021
422.379,0,499.615
350.601,0,619.481
623.887,0,51.648
524.362,0,63.5973
332.928,0,622.246
564.35,0,64.5838
524.362,0,63.5973
358.104,0,574.853
275
-2645.5,0,-470
665.559,0,376.779
681.334,0,385.187
679.481,0,396.328
392.828,0,502.257
271.291,0,510.239
685.975,0,391.704
708.242,0,395.488
286.168,0,627.322
350.183,0,621.018
621.863,0,54.3286
522.595,0,66.0956
332.556,0,623.75
562.489,0,67.1483
767.674,0,588.876
357.593,0,576.456
276
-2646.5,0,-470
418.415,0,505.404
410.38,0,536.378
197.833,0,654.8
447.449,0,74.9004
236.843,0,631.861
410.38,0,536.378
196.116,0,629.56
428.168,0,499.669
344.413,0,535.795
317.456,0,512.272
268.985,0,507.962
344.413,0,535.795
722.427,0,576.006
268.985,0,507.962
369.652,0,534.078
277
-2647.5,0,-469
1102.47,0,367.088
924.938,0,297.089
394.537,0,517.676
1066.13,0,412.606
1063.37,0,394.932
692.32,0,384.179
321.078,0,511.062
284.647,0,625.399
353.466,0,625.496
948.142,0,329.671
276.449,0,503.559
335.792,0,628.261
562.574,0,64.0817
276.449,0,503.559
936.095,0,298.964
278
-2648.5,0,-469
273.361,0,619.326
409.889,0,519.758
250.761,0,652.156
405.75,0,497.553
677.712,0,46.0488
405.369,0,526.324
655.493,0,50.1084
423.449,0,500.06
344.158,0,629.351
321.393,0,507.226
274.885,0,504.243
338.711,0,538.503
321.393,0,507.226
274.885,0,504.243
328.528,0,637.947
279
-2650.5,0,-469
273.07,0,631.156
440.856,0,514.397
443.307,0,496.728
664.241,0,48.8069
686.461,0,44.7472
420.707,0,529.559
208.862,0,625.667
244.261,0,630.68
533.872,0,520.363
323.551,0,501.388
277.043,0,498.405
684.506,0,527.282
323.551,0,501.388
277.043,0,498.405
480.775,0,512.843
280
-2650.5,0,-469
801.773,0,266.305
803.462,0,306.178
810.052,0,310.714
408.582,0,498.871
411.033,0,481.203
810.052,0,310.714
207.467,0,621.72
685.065,0,40.8003
361.693,0,524.659
328.745,0,501.978
282.237,0,498.995
352.653,0,537.791
322.156,0,497.441
282.237,0,498.995
814.572,0,304.148
281
-2651.5,0,-469
1099.17,0,368.468
1106.6,0,392.641
1093.61,0,401.89
1069.49,0,409.246
1066.7,0,391.589
1117.73,0,394.534
1114.03,0,416.815
1088.97,0,395.373
942.358,0,313.178
328.22,0,495.186
283.684,0,487.617
942.358,0,313.178
328.22,0,495.186
288.325,0,494.133
939.569,0,295.521
282
-2652.5,0,-469
1098.74,0,368.971
1111.49,0,406.885
1100.36,0,408.938
1071.52,0,408.509
1074.01,0,390.793
1127.15,0,398.242
1113.54,0,418.011
1091.72,0,393.276
1101.99,0,448.905
333.542,0,492.939
286.985,0,490.026
341.755,0,537.442
333.542,0,492.939
293.575,0,494.563
1109.01,0,424.6
283
-2653.5,0,-469
423.823,0,492.224
404.016,0,517.357
707.738,0,532.626
672.946,0,46.8544
695.416,0,44.1911
404.016,0,517.357
672.946,0,46.8544
776.855,0,587.094
359.826,0,625.131
338.894,0,496.594
300.237,0,506.872
344.221,0,541.534
332.611,0,491.642
300.237,0,506.872
694.215,0,562.711
284
-2654.5,0,-468
426.746,0,491.978
395.704,0,518.443
189.103,0,457.484
409.227,0,488.358
404.275,0,494.641
418.174,0,515.78
209.078,0,626.01
687.104,0,45.2769
385.8,0,531.01
340.485,0,485.113
303.16,0,506.626
380.849,0,537.293
340.485,0,485.113
300.497,0,484.156
400.655,0,512.159
285
-2655.5,0,-468
812.899,0,266.99
421.171,0,518.493
519.455,0,290.379
205.792,0,623.772
407.273,0,497.355
427.455,0,523.445
205.792,0,623.772
252.064,0,629.681
598.644,0,525.94
343.483,0,487.826
299.874,0,504.388
587.409,0,527.272
343.483,0,487.826
297.211,0,481.918
693.851,0,560.227
286
-2656.5,0,-469
,,
399.642,0,521.213
442.64,0,518.537
348.96,0,496.087
318.654,0,511.368
775.492,0,198.647
417.256,0,493.325
434.956,0,490.735
286.359,0,686.037
359.062,0,490.993
305.876,0,473.464
364.242,0,526.393
351.464,0,488.489
311.056,0,508.864
407.24,0,523.717
287
-2657.5,0,-468
378.569,0,488.874
811.072,0,301.953
812.421,0,313.166
412.221,0,484.946
434.656,0,482.328
204.911,0,463.662
212.585,0,621.948
688.949,0,43.3242
388.901,0,527.464
349.851,0,486.541
312.614,0,507.942
267.786,0,655.301
349.851,0,486.541
302.283,0,469.352
694.932,0,565.651
288
-2658.5,0,-468
813.477,0,263.564
817.472,0,297.269
818.804,0,308.504
412.803,0,487.645
435.273,0,484.982
825.087,0,313.456
212.654,0,625.297
258.926,0,631.206
394.328,0,524.014
355.296,0,483.068
317.971,0,504.582
641.875,0,545.94
350.345,0,489.352
313.019,0,510.865
675.58,0,541.945
289
-2659.5,0,-468
756.068,0,533.829
707.614,0,556.54
195.158,0,457.169
357.599,0,483.691
437.47,0,485.739
201.441,0,462.121
580.938,0,71.0398
552.22,0,68.7066
625.807,0,65.8029
351.315,0,478.739
315.428,0,511.353
625.807,0,65.8029
352.665,0,489.951
315.428,0,511.353
666.329,0,544.303
290
-2659.5,0,-468
491.179,0,303.776
721.892,0,566.787
712.91,0,539.41
359.31,0,484.034
782.027,0,593.878
528.416,0,282.375
416.746,0,488.7
439.181,0,486.082
571.05,0,305.824
359.31,0,484.034
,,
559.833,0,307.134
354.376,0,490.295
572.018,0,550.169
674.324,0,549.598
291
-2660.5,0,-468
417.735,0,488.615
722.88,0,566.701
707.615,0,534.372
354.015,0,478.996
783.015,0,593.793
975.401,0,207.495
417.735,0,488.615
440.17,0,485.996
572.039,0,305.739
360.299,0,483.948
317.665,0,460.499
635.377,0,548.489
584.224,0,548.774
566.723,0,545.131
675.312,0,549.513
292
-2661.5,0,-468
428.52,0,493.622
814.804,0,300.726
382.301,0,487.646
676.529,0,49.6666
692.68,0,42.0964
816.153,0,311.938
581.856,0,66.4013
444.671,0,486.052
649.746,0,536.022
364.8,0,484.004
322.166,0,460.555
639.878,0,548.544
359.866,0,490.265
322.629,0,511.666
668.596,0,550.877
293
-2662.5,0,-468
388.922,0,471.505
194.178,0,460.124
194.178,0,460.124
213.069,0,617.1
320.732,0,519.259
200.462,0,465.075
219.353,0,622.052
569.327,0,552.78
573.293,0,302.174
,,
,,
642.915,0,549.876
591.762,0,550.161
330.136,0,455.625
665.349,0,547.258
294
-2663.5,0,-469
390.618,0,459.894
383.133,0,482.607
375.535,0,480.103
659.397,0,53.2768
337.545,0,467.582
786.519,0,204.283
421.123,0,495.127
441.309,0,484.993
292.971,0,679.508
371.8,0,210.29
,,
285.373,0,677.004
371.8,0,210.29
,,
383.246,0,507.823
295
-2663.5,0,-468
299.705,0,626.566
267.402,0,641.707
194.66,0,462.59
213.551,0,619.567
696.198,0,45.8945
205.877,0,461.281
353.516,0,506.585
563.525,0,550.294
642.047,0,541.13
592.243,0,552.627
335.552,0,451.831
637.113,0,547.391
592.243,0,552.627
335.552,0,451.831
665.831,0,549.724
296
-2663.5,0,-468
440.304,0,494.064
433.291,0,526.295
206.449,0,437.219
424.312,0,494.556
343.121,0,457.031
206.694,0,445.215
199.189,0,461.453
448.301,0,493.819
361.57,0,536.502
,,
343.121,0,457.031
369.321,0,528.26
,,
343.121,0,457.031
434.028,0,550.284
