data/kolin.mp4
0
,,
,,
,,
,,
,,
,,
,,
,,
,,
,,
,,
,,
,,
,,
,,
,,
,,
1
,,
,,
,,
,,
,,
,,
,,
,,
,,
,,
,,
,,
,,
,,
,,
,,
,,
2
,,
,,
,,
,,
,,
,,
,,
,,
,,
,,
,,
,,
,,
,,
,,
,,
,,
3
,,
,,
,,
,,
,,
,,
,,
,,
,,
,,
,,
,,
,,
,,
,,
,,
,,
4
,,
,,
,,
,,
,,
,,
,,
,,
,,
,,
,,
,,
,,
,,
,,
,,
,,
5
,,
,,
,,
,,
,,
,,
,,
,,
,,
,,
,,
,,
,,
,,
,,
,,
,,
6
,,
,,
,,
,,
,,
,,
,,
,,
,,
,,
,,
,,
,,
,,
,,
,,
,,
7
,,
,,
,,
,,
,,
,,
,,
,,
,,
,,
,,
,,
,,
,,
,,
,,
,,
8
,,
,,
,,
,,
,,
,,
,,
,,
,,
,,
,,
,,
,,
,,
,,
,,
,,
9
,,
,,
,,
,,
,,
,,
,,
,,
,,
,,
,,
,,
,,
,,
,,
,,
,,
10
,,
,,
,,
,,
,,
,,
,,
,,
,,
,,
,,
,,
,,
,,
,,
,,
,,
11
,,
,,
,,
,,
,,
,,
,,
,,
,,
,,
,,
,,
,,
,,
,,
,,
,,
12
,,
,,
,,
,,
,,
,,
,,
,,
,,
,,
,,
,,
,,
,,
,,
,,
,,
13
,,
,,
,,
,,
,,
,,
,,
,,
,,
,,
,,
,,
,,
,,
,,
,,
,,
14
,,
,,
,,
,,
,,
,,
,,
,,
,,
,,
,,
,,
,,
,,
,,
,,
,,
15
,,
,,
,,
,,
,,
,,
,,
,,
,,
,,
,,
,,
,,
,,
,,
,,
,,
16
,,
,,
,,
,,
,,
,,
,,
,,
,,
,,
,,
,,
,,
,,
,,
,,
,,
17
,,
,,
,,
,,
,,
,,
,,
,,
,,
,,
,,
,,
,,
,,
,,
,,
,,
18
,,
,,
,,
,,
,,
,,
,,
,,
,,
,,
,,
,,
,,
,,
,,
,,
,,
19
,,
,,
,,
,,
,,
,,
,,
,,
,,
,,
,,
,,
,,
,,
,,
,,
,,
20
,,
,,
,,
,,
,,
,,
,,
,,
,,
,,
,,
,,
,,
,,
,,
,,
,,
21
,,
,,
,,
,,
,,
,,
,,
,,
,,
,,
,,
,,
,,
,,
,,
,,
,,
22
,,
,,
,,
,,
,,
,,
,,
,,
,,
,,
,,
,,
,,
,,
,,
,,
,,
23
,,
,,
,,
,,
,,
,,
,,
,,
,,
,,
,,
,,
,,
,,
,,
,,
,,
24
,,
,,
,,
,,
,,
,,
,,
,,
,,
,,
,,
,,
,,
,,
,,
,,
,,
25
,,
,,
,,
,,
,,
,,
,,
,,
,,
,,
,,
,,
,,
,,
,,
,,
,,
26
,,
,,
,,
,,
,,
,,
,,
,,
,,
,,
,,
,,
,,
,,
,,
,,
,,
27
,,
,,
,,
,,
,,
,,
,,
,,
,,
,,
,,
,,
,,
,,
,,
,,
,,
28
,,
,,
,,
,,
,,
,,
,,
,,
,,
,,
,,
,,
,,
,,
,,
,,
,,
29
,,
,,
,,
,,
,,
,,
,,
,,
,,
,,
,,
,,
,,
,,
,,
,,
,,
30
,,
,,
,,
,,
,,
,,
,,
,,
,,
,,
,,
,,
,,
,,
,,
,,
,,
31
,,
,,
,,
,,
,,
,,
,,
,,
,,
,,
,,
,,
,,
,,
,,
,,
,,
32
,,
,,
,,
,,
,,
,,
,,
,,
,,
,,
,,
,,
,,
,,
,,
,,
,,
33
,,
,,
,,
,,
,,
,,
,,
,,
,,
,,
,,
,,
,,
,,
,,
,,
,,
34
,,
,,
,,
,,
,,
,,
,,
,,
,,
,,
,,
,,
,,
,,
,,
,,
,,
35
,,
,,
,,
,,
,,
,,
,,
,,
,,
,,
,,
,,
,,
,,
,,
,,
,,
36
,,
,,
,,
,,
,,
,,
,,
,,
,,
,,
,,
,,
,,
,,
,,
,,
,,
37
,,
,,
,,
,,
,,
,,
,,
,,
,,
,,
,,
,,
,,
,,
,,
,,
,,
38
,,
,,
,,
,,
,,
,,
,,
,,
,,
,,
,,
,,
,,
,,
,,
,,
,,
39
,,
,,
,,
,,
,,
,,
,,
,,
,,
,,
,,
,,
,,
,,
,,
,,
,,
40
,,
,,
,,
,,
,,
,,
,,
,,
,,
,,
,,
,,
,,
,,
,,
,,
,,
41
,,
,,
,,
,,
,,
,,
,,
,,
,,
,,
,,
,,
,,
,,
,,
,,
,,
42
,,
,,
,,
,,
,,
,,
,,
,,
,,
,,
,,
,,
,,
,,
,,
,,
,,
43
,,
,,
,,
,,
,,
,,
,,
,,
,,
,,
,,
,,
,,
,,
,,
,,
,,
44
,,
,,
,,
,,
,,
,,
,,
,,
,,
,,
,,
,,
,,
,,
,,
,,
,,
45
,,
,,
,,
,,
,,
,,
,,
,,
,,
,,
,,
,,
,,
,,
,,
,,
,,
46
,,
,,
,,
,,
,,
,,
,,
,,
,,
,,
,,
,,
,,
,,
,,
,,
,,
47
,,
,,
,,
,,
,,
,,
,,
,,
,,
,,
,,
,,
,,
,,
,,
,,
,,
48
,,
,,
,,
,,
,,
,,
,,
,,
,,
,,
,,
,,
,,
,,
,,
,,
,,
49
,,
,,
,,
,,
,,
,,
,,
,,
,,
,,
,,
,,
,,
,,
,,
,,
,,
50
,,
,,
,,
,,
,,
,,
,,
,,
,,
,,
,,
,,
,,
,,
,,
,,
,,
51
,,
,,
,,
,,
,,
,,
,,
,,
,,
,,
,,
,,
,,
,,
,,
,,
,,
52
,,
,,
,,
,,
,,
,,
,,
,,
,,
,,
,,
,,
,,
,,
,,
,,
,,
53
,,
,,
,,
,,
,,
,,
,,
,,
,,
,,
,,
,,
,,
,,
,,
,,
,,
54
,,
,,
,,
,,
,,
,,
,,
,,
,,
,,
,,
,,
,,
,,
,,
,,
,,
55
,,
,,
,,
,,
,,
,,
,,
,,
,,
,,
,,
,,
,,
,,
,,
,,
,,
56
,,
,,
,,
,,
,,
,,
,,
,,
,,
,,
,,
,,
,,
,,
,,
,,
,,
57
,,
,,
,,
,,
,,
,,
,,
,,
,,
,,
,,
,,
,,
,,
,,
,,
,,
58
,,
,,
,,
,,
,,
,,
,,
,,
,,
,,
,,
,,
,,
,,
,,
,,
,,
59
,,
,,
,,
,,
,,
,,
,,
,,
,,
,,
,,
,,
,,
,,
,,
,,
,,
60
,,
,,
,,
,,
,,
,,
,,
,,
,,
,,
,,
,,
,,
,,
,,
,,
,,
61
,,
,,
,,
,,
,,
,,
,,
,,
,,
,,
,,
,,
,,
,,
,,
,,
,,
62
,,
,,
,,
,,
,,
,,
,,
,,
,,
,,
,,
,,
,,
,,
,,
,,
,,
63
,,
,,
,,
,,
,,
,,
,,
,,
,,
,,
,,
,,
,,
,,
,,
,,
,,
64
,,
,,
,,
,,
,,
,,
,,
,,
,,
,,
,,
,,
,,
,,
,,
,,
,,
65
,,
,,
,,
,,
,,
,,
,,
,,
,,
,,
,,
,,
,,
,,
,,
,,
,,
66
,,
,,
,,
,,
,,
,,
,,
,,
,,
,,
,,
,,
,,
,,
,,
,,
,,
67
,,
,,
,,
,,
,,
,,
,,
,,
,,
,,
,,
,,
,,
,,
,,
,,
,,
68
,,
,,
,,
,,
,,
,,
,,
,,
,,
,,
,,
,,
,,
,,
,,
,,
,,
69
,,
,,
,,
,,
,,
,,
,,
,,
,,
,,
,,
,,
,,
,,
,,
,,
,,
70
,,
,,
,,
,,
,,
,,
,,
,,
,,
,,
,,
,,
,,
,,
,,
,,
,,
71
,,
,,
,,
,,
,,
,,
,,
,,
,,
,,
,,
,,
,,
,,
,,
,,
,,
72
,,
,,
,,
,,
,,
,,
,,
,,
,,
,,
,,
,,
,,
,,
,,
,,
,,
73
,,
,,
,,
,,
,,
,,
,,
,,
,,
,,
,,
,,
,,
,,
,,
,,
,,
74
,,
,,
,,
,,
,,
,,
,,
,,
,,
,,
,,
,,
,,
,,
,,
,,
,,
75
,,
,,
,,
,,
,,
,,
,,
,,
,,
,,
,,
,,
,,
,,
,,
,,
,,
76
,,
,,
,,
,,
,,
,,
,,
,,
,,
,,
,,
,,
,,
,,
,,
,,
,,
77
,,
,,
,,
,,
,,
,,
,,
,,
,,
,,
,,
,,
,,
,,
,,
,,
,,
78
,,
,,
,,
,,
,,
,,
,,
,,
,,
,,
,,
,,
,,
,,
,,
,,
,,
79
-84,0,-283.5
76.375,0,232
76.375,0,240
68.75,0,248
61.125,0,256
61.125,0,272
84,0,240
91.625,0,256
84,0,264
76.375,0,272
76.375,0,296
76.375,0,312
84,0,272
84,0,288
76.375,0,312
76.375,0,256
76.375,0,360
80
-75.5,0,-284
77.0661,0,232.235
70.9936,0,248.886
63.403,0,249.609
64.9212,0,265.537
70.9936,0,248.886
78.5842,0,248.162
87.6929,0,263.367
87.6929,0,263.367
73.2708,0,272.778
75.548,0,296.669
,,
80.8614,0,272.054
96.8017,0,278.571
,,
72.5118,0,264.814
70.9936,0,168.523
81
-67.5,0,-284
69.375,0,224.968
77,0,240.71
61.75,0,248.581
61.75,0,256.452
61.75,0,272.194
84.625,0,240.71
92.25,0,248.581
92.25,0,256.452
69.375,0,272.194
69.375,0,287.935
61.75,0,311.548
84.625,0,272.194
92.25,0,287.935
92.25,0,319.419
77,0,256.452
122.75,0,185.613
82
-59.5,0,-284
,,
,,
,,
,,
127.736,0,330.594
,,
,,
,,
,,
,,
,,
,,
,,
,,
,,
69.0065,0,158.203
83
-51.5,0,-283.5
,,
,,
,,
,,
,,
,,
,,
,,
,,
,,
,,
,,
,,
,,
,,
38.4888,0,217.295
84
-43.5,0,-283.5
,,
,,
,,
,,
,,
,,
,,
,,
,,
,,
,,
,,
,,
,,
,,
72.2408,0,156.332
85
-35.5,0,-283.5
70.5083,0,219.213
74.2412,0,242.333
66.7137,0,243.548
61.6748,0,260.177
61.6748,0,260.177
81.7688,0,241.117
91.7849,0,255.315
91.7849,0,255.315
70.4466,0,266.668
,,
,,
79.2185,0,273.159
89.2346,0,287.357
,,
76.7299,0,257.746
46.6815,0,215.152
86
-27.5,0,-283.5
70.386,0,221.829
72.3926,0,245.357
64.7952,0,246.005
,,
,,
79.9901,0,244.709
88.9252,0,259.746
,,
,,
,,
,,
,,
,,
,,
73.7304,0,261.042
39.3275,0,216.579
87
-18.5,0,-283.5
,,
,,
,,
,,
,,
,,
,,
,,
,,
,,
,,
,,
,,
,,
,,
77.0599,0,157.801
88
-8.5,0,-283.5
75.3155,0,227.074
76.6539,0,242.767
60.9609,0,244.106
54.4528,0,260.468
62.9685,0,267.645
84.5004,0,242.098
93.6854,0,257.122
85.1696,0,249.945
71.4843,0,274.823
81.3384,0,297.693
97.2156,0,391.182
79.3308,0,274.153
89.1849,0,297.024
92.531,0,336.256
77.9923,0,258.46
84.9855,0,155.117
89
0.5,0,-284.5
68.0103,0,222.924
75.9159,0,238.667
60.1812,0,246.576
52.3062,0,246.591
44.4465,0,254.485
83.7909,0,238.651
91.6811,0,246.515
83.8062,0,246.53
68.1021,0,270.197
76.0382,0,301.697
60.3342,0,325.364
83.852,0,270.167
83.9132,0,301.682
83.9744,0,333.197
75.9465,0,254.424
75.7476,0,152
90
10.5,0,-284.5
70.5728,0,222.353
73.1923,0,237.891
59.4207,0,248.203
43.6653,0,338.749
54.4996,0,265.012
82.0427,0,244.389
90.8931,0,250.887
83.3525,0,252.158
72.2004,0,278.008
68.589,0,302.587
75.4555,0,389.319
79.741,0,276.737
88.5914,0,283.235
84.98,0,307.814
77.1215,0,261.199
73.8664,0,149.888
91
21,0,-285
68.9666,0,221.096
70.4943,0,236.668
55.5689,0,245.993
32.5928,0,334.719
57.0966,0,261.566
86.1837,0,235.129
95.5562,0,249.931
79.8668,0,251.471
66.4691,0,276.368
61.6799,0,308.283
61.4741,0,386.914
82.1585,0,274.829
91.5309,0,289.632
93.8226,0,312.99
72.786,0,260.026
22.8682,0,154.868
92
31,0,-286
66.9075,0,222.209
68.446,0,237.891
61.6048,0,246.479
54.7636,0,255.067
56.3021,0,270.749
83.6671,0,236.398
92.8162,0,251.334
85.2056,0,252.08
72.2924,0,277.097
66.9898,0,301.367
74.6003,0,300.62
79.903,0,276.35
82.2108,0,299.874
99.7397,0,321.904
69.9846,0,253.574
82.8155,0,149.399
93
41,0,-287
70.4066,0,222.367
73.0261,0,237.905
59.2545,0,248.217
53.0236,0,257.257
55.6431,0,272.796
81.8765,0,244.403
92.0366,0,258.67
84.496,0,259.941
72.0341,0,278.022
68.4227,0,302.601
36.2762,0,387.92
79.5748,0,276.751
83.504,0,300.059
87.4333,0,323.366
76.9553,0,261.213
116.642,0,174.623
94
51.5,0,-287.5
69.2424,0,217.233
71.5492,0,240.745
64.4807,0,249.351
58.1812,0,265.795
59.719,0,281.469
87.2239,0,239.207
88.7617,0,254.882
82.4622,0,271.325
74.6248,0,272.094
77.7004,0,303.444
80.0072,0,326.956
82.4622,0,271.325
85.5378,0,302.675
80.0072,0,326.956
73.087,0,256.419
87.3722,0,160.064
95
62.5,0,-287.5
74.9117,0,224.14
77.5637,0,239.672
63.3643,0,250.089
58.2536,0,266.948
60.9056,0,282.48
86.6523,0,246.113
95.741,0,252.555
89.3043,0,261.646
76.4309,0,279.83
73.9722,0,312.221
68.8615,0,329.079
84.1936,0,278.504
95.9342,0,300.478
81.7348,0,310.895
73.7789,0,264.297
79.8292,0,159.358
96
74.5,0,-288.5
74.0044,0,225.973
75.5428,0,241.647
68.4746,0,250.254
54.3383,0,267.467
63.714,0,282.373
91.2175,0,240.109
100.593,0,255.015
101.362,0,262.852
79.3887,0,280.834
74.6281,0,312.953
60.4917,0,330.166
87.226,0,280.065
104.439,0,294.201
81.6962,0,304.346
77.8503,0,265.159
52.1763,0,164.812
97
85,0,-289
79.3808,0,224.731
82.0321,0,240.256
67.8324,0,250.67
53.6328,0,261.084
64.0466,0,275.283
91.1203,0,246.693
100.209,0,253.13
101.534,0,260.893
79.5719,0,272.632
69.3491,0,306.334
56.475,0,324.51
87.3345,0,271.306
106.837,0,291.943
93.9626,0,310.12
84.6833,0,255.781
54.7674,0,220.945
98
95.5,0,-289.5
84.8252,0,219.82
86.8544,0,243.357
71.1626,0,244.71
56.1472,0,253.909
66.0222,0,276.77
94.7003,0,242.681
103.223,0,249.85
103.899,0,257.696
81.714,0,275.417
68.0514,0,300.308
53.7123,0,317.352
89.5599,0,274.741
106.604,0,289.08
108.634,0,312.618
88.2072,0,259.049
106.199,0,376.061
99
106.5,0,-290.5
89.0454,0,222.022
89.2804,0,238.02
73.6496,0,246.25
58.0188,0,254.481
66.2455,0,278.363
97.1546,0,237.904
105.264,0,253.787
113.255,0,261.67
81.9938,0,278.131
74.5896,0,310.244
50.9672,0,310.591
89.8679,0,278.016
113.725,0,293.667
114.195,0,325.663
89.6329,0,262.017
51.4372,0,342.587
100
118.5,0,-290.5
89.8542,0,218.641
88.5428,0,242.241
80.6799,0,241.804
64.08,0,256.664
70.6315,0,280.7
96.4057,0,242.678
111.694,0,251.418
111.257,0,259.285
86.7943,0,273.708
85.0459,0,305.174
85.0459,0,305.174
94.6572,0,274.145
109.072,0,298.618
115.186,0,330.522
87.6686,0,257.974
106.012,0,353.685
101
129.5,0,-291.5
93.0087,0,217.258
93.3811,0,240.88
77.7572,0,249.002
62.2575,0,264.999
62.5058,0,280.747
101.255,0,240.756
109.377,0,256.38
109.502,0,264.254
86.1278,0,280.374
86.6244,0,311.87
78.6262,0,304.12
94.0018,0,280.25
110.122,0,303.624
110.619,0,335.12
93.7536,0,264.502
71.6212,0,359.363
102
139,0,-292
97.5381,0,217.712
96.4188,0,241.686
88.1793,0,249.31
71.7002,0,264.558
70.954,0,280.541
104.285,0,242.053
111.405,0,258.403
119.272,0,258.77
94.5533,0,281.643
100.927,0,313.975
93.0609,0,313.608
102.42,0,282.01
108.794,0,314.342
99.808,0,337.949
95.2995,0,265.66
114.39,0,194.473
103
152,0,-293
94.5401,0,221.207
102.536,0,244.728
87.2435,0,244.954
72.0676,0,253.058
72.4172,0,276.692
110.182,0,244.615
118.061,0,260.258
118.061,0,260.258
95.4724,0,284.231
111.114,0,307.638
88.6419,0,339.489
103.119,0,284.118
111.114,0,307.638
88.1758,0,307.978
102.769,0,260.484
139.835,0,181.139
104
165,0,-294
97.5186,0,222.084
106.924,0,245.078
91.6733,0,246.229
76.4226,0,247.381
78.2026,0,270.95
114.549,0,244.502
122.768,0,251.782
123.361,0,259.639
102.265,0,284.936
96.42,0,309.081
104.639,0,316.361
109.891,0,284.36
126.328,0,298.921
75.3239,0,334.378
100.485,0,261.366
62.2706,0,161.537
105
178,0,-295
106.687,0,217.763
109.868,0,241.017
94.2487,0,243.154
79.69,0,253.042
81.8109,0,268.545
125.487,0,238.88
135.418,0,253.314
127.608,0,254.383
107.361,0,280.842
95.9833,0,313.984
74.6754,0,332.692
115.17,0,279.774
132.91,0,293.139
129.343,0,325.213
113.049,0,264.271
119.124,0,192.372
106
191,0,-296
108.067,0,217.639
117.642,0,240.472
101.919,0,241.623
86.7679,0,250.577
87.9104,0,266.182
125.503,0,239.896
142.368,0,254.351
150.801,0,261.578
112.637,0,280.061
137.934,0,301.742
140.219,0,332.953
120.498,0,279.485
107.06,0,311.847
75.6152,0,314.149
119.356,0,263.88
127.081,0,153.492
107
204,0,-297
118.349,0,219.731
121.578,0,243.335
105.726,0,245.504
92.0266,0,263.408
94.1794,0,279.144
137.431,0,241.166
147.51,0,255.817
140.66,0,264.77
120.111,0,291.627
116.49,0,324.183
90.5589,0,311.7
128.037,0,290.542
147.118,0,311.977
151.424,0,343.449
124.808,0,266.939
133.516,0,153.535
108
217,0,-298
128.145,0,218.183
130.023,0,241.594
114.701,0,250.677
100.004,0,267.564
101.256,0,283.171
146.598,0,248.118
155.825,0,263.085
147.85,0,263.725
125.805,0,289.055
128.31,0,320.269
128.31,0,320.269
133.78,0,288.415
143.632,0,311.186
146.763,0,350.203
131.902,0,265.004
123.466,0,359.926
109
231,0,-299
132.45,0,222.202
133.01,0,246.196
117.646,0,254.557
102.468,0,270.915
110.804,0,294.727
148.562,0,245.833
156.711,0,261.647
148.748,0,253.83
126.355,0,294.364
142.654,0,325.992
135.625,0,358.165
141.907,0,294.001
150.429,0,325.811
135.438,0,350.167
133.571,0,270.189
180.225,0,269.1
110
242,0,-300
140.45,0,222.202
141.01,0,246.196
125.646,0,254.557
110.468,0,270.915
118.617,0,286.73
156.562,0,245.833
164.711,0,261.647
165.084,0,277.642
134.355,0,294.364
142.878,0,326.174
128.074,0,358.528
149.72,0,286.003
166.018,0,317.631
127.327,0,326.537
141.571,0,270.189
188.225,0,269.1
111
252.5,0,-300
148.45,0,220.202
149.01,0,244.196
141.422,0,252.375
118.468,0,268.915
126.617,0,284.73
164.748,0,251.83
172.898,0,267.644
173.084,0,275.642
142.355,0,292.364
135.327,0,324.537
120.336,0,348.894
157.72,0,284.003
181.607,0,307.452
158.84,0,331.99
149.571,0,268.189
190.69,0,363.255
112
267,0,-299
158.463,0,220.722
159.019,0,244.544
151.243,0,244.725
128.287,0,261.151
136.619,0,284.792
166.794,0,244.362
174.941,0,260.062
183.087,0,275.762
152.17,0,284.429
145.322,0,324.314
114.59,0,340.921
167.722,0,284.066
191.605,0,307.343
184.571,0,339.287
159.575,0,268.366
188.267,0,164.411
113
277,0,-301.5
166.45,0,220.202
167.01,0,244.196
159.422,0,252.375
136.281,0,260.918
144.617,0,284.73
182.562,0,243.833
182.935,0,259.828
191.084,0,275.642
160.169,0,284.366
153.327,0,324.537
122.411,0,333.261
175.72,0,284.003
199.607,0,307.452
208.317,0,347.26
167.571,0,268.189
122.971,0,357.255
114
290,0,-302.5
180.145,0,215.114
180.706,0,239.107
165.318,0,247.469
149.93,0,255.83
150.49,0,279.824
188.68,0,246.923
189.053,0,262.919
197.214,0,278.733
166.251,0,287.458
167.185,0,327.447
143.636,0,319.995
181.826,0,287.094
205.935,0,318.54
206.682,0,350.531
173.665,0,271.28
195.16,0,190.757
115
303,0,-303.5
191.074,0,216.9
189.089,0,240.355
180.456,0,247.499
155.88,0,253.293
161.867,0,277.422
197.061,0,241.03
203.709,0,257.341
210.357,0,273.652
185.119,0,287.264
189.783,0,327.03
167.192,0,309.37
193.091,0,287.939
214.359,0,321.236
203.08,0,359.652
187.104,0,263.81
141.954,0,322.983
116
317,0,-304
200.706,0,215.469
199.832,0,246.857
184.438,0,246.428
161.129,0,253.632
168.17,0,277.388
207.529,0,247.071
214.571,0,270.826
222.05,0,278.888
198.521,0,293.939
213.042,0,325.755
196.774,0,356.714
198.521,0,293.939
205.345,0,325.541
196.774,0,356.714
199.177,0,270.398
165.767,0,363.704
117
331,0,-304
211.55,0,214.914
210.67,0,246.502
194.876,0,246.062
170.965,0,253.299
178.203,0,277.21
226.464,0,246.942
225.804,0,270.633
233.481,0,278.749
209.351,0,293.884
232.382,0,318.234
208.471,0,325.471
217.248,0,294.103
232.382,0,318.234
191.798,0,356.619
210.01,0,270.193
275.165,0,200.879
118
345,0,-305
225.125,0,217.156
217.922,0,248.942
202.116,0,249.292
186.485,0,257.545
194.738,0,273.176
233.727,0,248.593
234.252,0,272.301
242.33,0,280.029
218.971,0,296.359
211.767,0,328.146
188.584,0,352.379
226.874,0,296.185
250.932,0,311.466
235.651,0,335.524
218.446,0,272.651
274.291,0,295.135
119
357,0,-306
231.568,0,215.751
230.688,0,247.358
214.884,0,246.918
198.641,0,262.281
214.444,0,262.721
238.589,0,247.578
246.051,0,263.602
253.733,0,271.723
229.367,0,294.768
268.436,0,311.672
267.336,0,351.18
237.269,0,294.988
220.366,0,334.057
188.539,0,341.078
230.028,0,271.063
303.123,0,201.928
120
371,0,-307
244.275,0,214.798
237.245,0,246.403
221.794,0,246.745
214.591,0,270.491
229.868,0,262.291
252.87,0,253.919
268.668,0,269.295
283.945,0,261.094
238.288,0,293.554
269.712,0,316.446
278.306,0,355.568
246.014,0,293.383
239.158,0,332.847
200.531,0,333.701
237.767,0,269.978
292.192,0,284.499
121
382,0,-309
258.503,0,224.314
250.142,0,247.678
234.481,0,255.118
234.056,0,270.834
249.93,0,255.535
265.379,0,255.953
280.615,0,264.227
304.001,0,256.995
248.869,0,294.823
263.257,0,334.529
224.847,0,325.628
256.593,0,295.032
278.918,0,327.088
285.582,0,366.585
257.018,0,279.317
311.089,0,280.777
122
400,0,-311
269.627,0,219.943
267.066,0,251.28
251.309,0,249.992
257.907,0,266.305
267.066,0,251.28
282.823,0,252.568
297.94,0,261.69
314.337,0,255.143
263.224,0,298.286
291.537,0,340.033
281.097,0,370.727
271.103,0,298.93
284.298,0,331.555
252.784,0,328.979
265.145,0,274.783
328.173,0,279.934
123
411,0,-312
284.61,0,234.131
275.964,0,257.657
268.064,0,257.41
283.865,0,257.905
284.61,0,234.131
291.766,0,258.152
307.568,0,258.647
331.271,0,259.39
274.475,0,305.205
289.036,0,345.324
264.34,0,376.28
282.376,0,305.453
313.235,0,330.217
272.489,0,368.603
283.121,0,281.679
244.857,0,240.818
124
424,0,-313
299.885,0,222.355
289.274,0,253.172
281.399,0,252.488
328.649,0,256.592
345.083,0,250.085
297.149,0,253.856
328.649,0,256.592
299.201,0,230.23
293.044,0,301.106
288.94,0,348.357
263.263,0,369.93
300.92,0,301.79
331.052,0,320.277
312.566,0,350.409
295.097,0,277.481
356.379,0,211.393
125
437,0,-315
312.95,0,232.861
304.18,0,256.269
296.281,0,255.979
312.66,0,240.76
313.24,0,224.961
312.08,0,256.559
335.778,0,257.429
351.867,0,250.109
310.63,0,296.056
349.258,0,321.204
347.808,0,360.701
302.441,0,303.666
293.092,0,342.873
260.624,0,365.412
303.311,0,279.967
273.162,0,239.31
126
454,0,-317
320.9,0,225.573
318.641,0,249.173
310.208,0,256.304
328.579,0,226.308
314.727,0,209.105
325.567,0,257.774
349.357,0,252.113
358.543,0,237.115
321.048,0,304.973
309.604,0,343.57
269.702,0,355.628
329.481,0,297.842
357.185,0,332.248
369.531,0,365.185
323.308,0,281.374
385.346,0,199.989
127
465,0,-318
333.102,0,228.179
334.46,0,251.783
327.021,0,260.105
333.555,0,236.047
331.743,0,204.575
342.805,0,259.197
358.135,0,250.42
380.905,0,233.322
338.083,0,314.726
332.455,0,354.52
299.983,0,340.601
345.522,0,306.404
363.569,0,344.835
373.725,0,383.721
336.272,0,283.255
293.19,0,222.582
128
477.5,0,-318.5
357.502,0,235.825
352.124,0,260.167
344.263,0,260.997
349.641,0,236.655
346.33,0,205.305
359.985,0,259.337
374.879,0,249.839
388.946,0,232.504
349.229,0,308.021
362.056,0,354.215
328.956,0,341.861
357.09,0,307.191
376.95,0,344.718
365.367,0,385.565
346.746,0,284.509
300.819,0,225.961
129
489,0,-324.5
364.415,0,226.49
362.506,0,258.052
354.615,0,257.574
357.002,0,218.123
342.176,0,201.387
370.396,0,258.529
387.609,0,235.813
388.563,0,220.032
367.532,0,305.871
389.771,0,330.974
350.319,0,328.587
368.009,0,297.981
373.036,0,345.8
355.346,0,376.407
361.074,0,281.723
421.557,0,198.27
130
502,0,-325.5
369.751,0,226.596
371.174,0,258.565
363.111,0,250.915
353.983,0,219.29
337.503,0,195.999
378.525,0,250.23
385.52,0,233.903
384.809,0,217.918
372.951,0,298.525
367.022,0,338.828
345.68,0,379.817
380.658,0,298.182
412.551,0,320.787
382.08,0,330.151
371.885,0,274.549
446.577,0,391.345
131
515,0,-327.5
387.427,0,224.615
381.88,0,248.989
374.013,0,249.762
363.827,0,226.935
345.773,0,204.881
389.747,0,248.216
387.427,0,224.615
393.748,0,208.109
394.386,0,295.417
427.4,0,308.058
406.119,0,333.978
386.52,0,296.19
374.652,0,337.071
353.371,0,362.991
384.2,0,272.59
365.508,0,163.227
132
527,0,-329
388.461,0,213.63
389.804,0,245.22
381.906,0,245.556
365.104,0,222.534
348.637,0,207.41
389.804,0,245.22
396.695,0,221.192
395.688,0,197.499
399.38,0,284.373
447.437,0,298.154
432.984,0,330.416
399.38,0,284.373
385.599,0,332.43
354.679,0,349.568
398.709,0,268.577
387.613,0,379.815
133
542,0,-332
391.323,0,214.85
394.941,0,238.287
387.128,0,239.493
367.887,0,218.468
348.645,0,197.442
396.146,0,246.099
400.341,0,221.457
396.724,0,198.02
409.987,0,283.955
451.46,0,293.551
448.471,0,326.005
409.987,0,283.955
401.597,0,333.24
370.348,0,338.063
398.558,0,261.724
415.338,0,163.154
134
555,0,-333
392.368,0,211.817
400.612,0,242.342
392.981,0,244.404
369.474,0,218
355.659,0,197.168
400.612,0,242.342
402.06,0,217.387
403.508,0,192.432
418.549,0,278.438
460.828,0,283.395
461.441,0,315.981
418.549,0,278.438
415.653,0,328.348
379.558,0,346.285
404.734,0,257.605
429.911,0,168.925
135
568,0,-336
386.001,0,208.914
397.566,0,238.342
390.209,0,241.233
371.287,0,214.696
358.147,0,202.873
404.923,0,235.451
406.498,0,217.845
405.181,0,192.883
422.271,0,279.593
461.947,0,272.494
469.046,0,312.17
422.271,0,279.593
422.013,0,322.161
401.258,0,355.797
413.597,0,257.522
435.926,0,206.28
136
580,0,-340
399.391,0,212.089
403.185,0,236.796
406.794,0,243.829
381.716,0,212.274
367.465,0,201.817
406.794,0,243.829
385.325,0,219.307
406.239,0,190.805
431.871,0,275.384
474.253,0,271.405
481.656,0,303.146
424.838,0,278.993
442.883,0,314.158
436.22,0,353.116
414.012,0,257.895
423.543,0,155.271
137
593,0,-343
399.409,0,205.667
405.04,0,237.769
397.818,0,240.982
377.742,0,215.307
357.667,0,189.631
405.04,0,237.769
409.844,0,209.676
410.64,0,192.018
431.542,0,277.889
467.653,0,261.823
480.506,0,290.711
424.319,0,281.102
454.83,0,310.787
456.452,0,353.324
414.68,0,259.436
412.231,0,156.703
138
605,0,-346
397.5,0,222.429
410.562,0,234.321
403.193,0,237.168
391.806,0,207.691
368.527,0,191.277
403.193,0,237.168
384.437,0,210.538
368.527,0,191.277
432.166,0,268.32
469.012,0,254.085
480.4,0,283.562
427.644,0,278.536
468.508,0,296.625
482.743,0,333.471
419.103,0,256.428
344.744,0,217.403
139
618,0,-350.5
411.141,0,220.631
417.272,0,244.638
406.563,0,242.142
389.723,0,215.639
372.883,0,189.137
413.062,0,238.012
419.929,0,205.747
424.507,0,184.236
438.322,0,277.765
466.607,0,250.492
483.447,0,276.994
438.322,0,277.765
476.948,0,281.124
500.287,0,303.497
425.692,0,257.889
353.018,0,229.662
140
629.5,0,-354.5
394.799,0,222.632
411.87,0,240.59
404.916,0,243.898
391.427,0,215.543
381.31,0,194.277
411.87,0,240.59
415.659,0,212.708
422.821,0,191.915
439.057,0,279.814
456.753,0,245.316
484.149,0,267.055
435.685,0,272.726
456.753,0,245.316
484.149,0,267.055
421.987,0,261.856
423.238,0,156.944
141
641,0,-357.5
401.509,0,226.902
416.142,0,245.339
410.111,0,250.126
396.631,0,220.756
431.665,0,202.967
421.02,0,251.484
423.327,0,229.619
431.665,0,202.967
445.409,0,282.213
460.932,0,239.841
491.352,0,265.783
445.409,0,282.213
465.809,0,245.987
491.352,0,265.783
430.776,0,263.776
458.361,0,211.83
142
654.5,0,-361.5
420.753,0,230.156
413.096,0,246.246
413.096,0,246.246
399.861,0,216.702
390.11,0,204.417
419.362,0,241.272
422.144,0,219.04
424.926,0,196.809
448.613,0,278.127
454.177,0,233.664
497.352,0,249.456
443.738,0,271.985
,,
492.477,0,243.314
427.721,0,264.673
529.385,0,264.079
143
662.5,0,-364.5
390.053,0,231.686
411.708,0,237.457
411.708,0,237.457
396.244,0,210.147
388.512,0,196.492
411.708,0,237.457
424.861,0,211.977
424.09,0,194.38
448.826,0,270.54
450.381,0,224.577
489.825,0,229.293
444.96,0,263.712
450.381,0,224.577
489.825,0,229.293
430.267,0,253.999
452.707,0,196.21
144
672.5,0,-367.5
409.667,0,236.604
421.493,0,262.126
421.493,0,262.126
409.667,0,236.604
397.842,0,211.082
425.567,0,255.592
431.131,0,231.839
435.205,0,225.305
465.515,0,280.5
455.179,0,237.759
494.033,0,234.762
458.857,0,276.348
455.179,0,237.759
487.375,0,230.611
445.541,0,268.046
364.552,0,190.325
145
680.5,0,-370.5
398.829,0,233.813
417.233,0,248.468
422.216,0,242.21
431.032,0,218.55
400.358,0,194.125
417.233,0,248.468
408.795,0,221.297
429.88,0,207.407
457.873,0,260.377
448.284,0,222.062
475.504,0,213.057
457.873,0,260.377
448.284,0,222.062
469.369,0,208.172
434.486,0,251.98
396.904,0,160.695
146
689.5,0,-375
404.312,0,238.543
429.251,0,241.221
432.447,0,234.117
424.344,0,213.389
416.24,0,192.66
426.055,0,248.325
424.344,0,213.389
416.24,0,192.66
475.933,0,253.681
456.53,0,219.328
483.809,0,197.434
465.49,0,257.524
453.334,0,226.431
476.561,0,194.174
450.994,0,251.003
393.641,0,165.41
147
698.5,0,-378
346.692,0,295.105
418.019,0,241.05
418.019,0,241.05
433.414,0,245.005
421.896,0,225.961
419.957,0,233.505
,,
421.896,0,225.961
,,
448.865,0,216.805
462.377,0,196.149
,,
441.167,0,214.827
464.316,0,188.605
435.352,0,237.46
331.466,0,194.684
148
706.5,0,-381
389.217,0,231.626
421.997,0,231.789
,,
,,
443.63,0,179.528
,,
,,
422.263,0,198.818
,,
,,
,,
,,
,,
,,
,,
543.696,0,205.238
149
715.5,0,-383.5
393.638,0,238.182
418.821,0,236.61
422.698,0,221.521
438.2,0,193.334
449.825,0,180.236
424.631,0,246.145
440.128,0,250.127
418.826,0,204.441
467.25,0,241.01
,,
,,
463.373,0,256.099
473.054,0,282.714
,,
442.066,0,242.582
414.939,0,283.867
150
721.5,0,-389
397.065,0,225.317
428.735,0,229.901
430.966,0,214.482
429.743,0,167.082
429.743,0,167.082
427.619,0,237.61
,,
,,
,,
,,
,,
,,
,,
,,
460.405,0,234.484
584.746,0,213.126
151
730.5,0,-391
,,
421.94,0,222.052
,,
,,
424.063,0,151.523
,,
,,
,,
,,
,,
,,
,,
,,
,,
,,
577.951,0,205.277
152
737.5,0,-395
390.238,0,209.119
423.024,0,205.994
425.255,0,190.575
427.486,0,175.157
416.114,0,142.029
421.908,0,213.703
444.545,0,224.849
,,
,,
,,
,,
,,
,,
,,
446.776,0,209.431
563.2,0,186.927
153
744.5,0,-397
391.204,0,209.477
423.99,0,206.351
425.106,0,198.642
429.569,0,167.805
423.882,0,151.241
423.99,0,206.351
428.453,0,175.514
423.882,0,151.241
,,
,,
,,
,,
,,
,,
448.858,0,202.079
570.968,0,196.14
154
750,0,-401
389.045,0,195.855
420.287,0,200.377
422.579,0,184.542
420.498,0,143.824
414.979,0,126.858
419.142,0,208.294
,,
,,
,,
,,
,,
,,
,,
,,
,,
566.606,0,181.136
155
757,0,-404
386.905,0,196.759
411.442,0,192.451
412.556,0,184.753
419.24,0,138.568
413.661,0,122.043
411.442,0,192.451
,,
,,
443.786,0,189.273
,,
,,
435.979,0,188.143
,,
,,
428.171,0,187.013
528.546,0,154.387
156
763,0,-407
,,
,,
,,
,,
,,
,,
,,
,,
,,
,,
,,
,,
,,
,,
,,
434.492,0,206.079
157
770,0,-409
,,
,,
,,
,,
,,
,,
,,
,,
,,
,,
,,
,,
,,
,,
,,
457.686,0,159.229
158
775,0,-413
,,
,,
,,
,,
,,
,,
,,
,,
,,
,,
,,
,,
,,
,,
,,
460.176,0,114.88
159
781,0,-415
417.901,0,172.914
,,
419.968,0,133.265
416.462,0,110.197
405.318,0,143.358
,,
423.203,0,101.305
413.227,0,142.156
,,
,,
,,
,,
,,
,,
,,
485.849,0,194.057
160
787,0,-418
,,
,,
,,
,,
,,
,,
,,
,,
,,
,,
,,
,,
,,
,,
,,
463.996,0,137.027
161
791,0,-422
,,
,,
,,
417.271,0,143.314
,,
,,
,,
,,
,,
,,
,,
,,
,,
,,
,,
450.884,0,154.39
162
795,0,-423
,,
,,
,,
,,
,,
,,
,,
,,
,,
,,
,,
,,
,,
,,
,,
436.142,0,155.114
163
801,0,-426
,,
,,
,,
,,
,,
,,
,,
,,
,,
,,
,,
,,
,,
,,
,,
450.376,0,89.6812
164
804,0,-428
,,
,,
,,
,,
,,
,,
,,
,,
,,
,,
,,
,,
,,
,,
,,
438.434,0,63.9969
165
808,0,-430
,,
,,
,,
,,
,,
,,
,,
,,
,,
,,
,,
,,
,,
,,
,,
400.502,0,71.8645
166
814,0,-432.5
,,
,,
,,
,,
,,
,,
,,
,,
,,
,,
,,
,,
,,
,,
,,
469.041,0,121.673
167
816,0,-434
,,
,,
,,
,,
,,
,,
,,
,,
,,
,,
,,
,,
,,
,,
,,
427.778,0,31.6752
168
821,0,-436
,,
,,
,,
,,
,,
,,
,,
,,
,,
,,
,,
,,
,,
,,
,,
437.362,0,121.544
169
824,0,-439
,,
,,
,,
,,
,,
,,
,,
,,
,,
,,
,,
,,
,,
,,
,,
431.514,0,12.0768
170
827,0,-440.5
,,
,,
,,
,,
,,
,,
,,
,,
,,
,,
,,
,,
,,
,,
,,
469.134,0,76.8827
171
830,0,-441.5
,,
,,
,,
,,
,,
,,
,,
,,
,,
,,
,,
,,
,,
,,
,,
435.725,0,35.466
172
833,0,-443.5
,,
,,
,,
,,
,,
,,
,,
,,
,,
,,
481.568,0,81.2829
,,
,,
,,
,,
449.823,0,29.4641
173
836,0,-445.5
,,
,,
,,
,,
,,
,,
,,
,,
,,
,,
,,
,,
,,
,,
,,
446.033,0,22.3095
174
839,0,-446.5
,,
,,
,,
,,
,,
,,
,,
,,
,,
,,
,,
,,
,,
,,
,,
434.331,0,20.2512
175
,,
,,
,,
,,
,,
,,
,,
,,
,,
,,
,,
,,
,,
,,
,,
,,
,,
176
,,
,,
,,
,,
,,
,,
,,
,,
,,
,,
,,
,,
,,
,,
,,
,,
,,
177
,,
,,
,,
,,
,,
,,
,,
,,
,,
,,
,,
,,
,,
,,
,,
,,
,,
178
,,
,,
,,
,,
,,
,,
,,
,,
,,
,,
,,
,,
,,
,,
,,
,,
,,
179
,,
,,
,,
,,
,,
,,
,,
,,
,,
,,
,,
,,
,,
,,
,,
,,
,,
180
,,
,,
,,
,,
,,
,,
,,
,,
,,
,,
,,
,,
,,
,,
,,
,,
,,
181
,,
,,
,,
,,
,,
,,
,,
,,
,,
,,
,,
,,
,,
,,
,,
,,
,,
182
,,
,,
,,
,,
,,
,,
,,
,,
,,
,,
,,
,,
,,
,,
,,
,,
,,
183
,,
,,
,,
,,
,,
,,
,,
,,
,,
,,
,,
,,
,,
,,
,,
,,
,,
184
,,
,,
,,
,,
,,
,,
,,
,,
,,
,,
,,
,,
,,
,,
,,
,,
,,
185
,,
,,
,,
,,
,,
,,
,,
,,
,,
,,
,,
,,
,,
,,
,,
,,
,,
186
,,
,,
,,
,,
,,
,,
,,
,,
,,
,,
,,
,,
,,
,,
,,
,,
,,
187
,,
,,
,,
,,
,,
,,
,,
,,
,,
,,
,,
,,
,,
,,
,,
,,
,,
188
,,
,,
,,
,,
,,
,,
,,
,,
,,
,,
,,
,,
,,
,,
,,
,,
,,
189
,,
,,
,,
,,
,,
,,
,,
,,
,,
,,
,,
,,
,,
,,
,,
,,
,,
190
,,
,,
,,
,,
,,
,,
,,
,,
,,
,,
,,
,,
,,
,,
,,
,,
,,
191
,,
,,
,,
,,
,,
,,
,,
,,
,,
,,
,,
,,
,,
,,
,,
,,
,,
192
,,
,,
,,
,,
,,
,,
,,
,,
,,
,,
,,
,,
,,
,,
,,
,,
,,
193
,,
,,
,,
,,
,,
,,
,,
,,
,,
,,
,,
,,
,,
,,
,,
,,
,,
194
,,
,,
,,
,,
,,
,,
,,
,,
,,
,,
,,
,,
,,
,,
,,
,,
,,
195
,,
,,
,,
,,
,,
,,
,,
,,
,,
,,
,,
,,
,,
,,
,,
,,
,,
196
,,
,,
,,
,,
,,
,,
,,
,,
,,
,,
,,
,,
,,
,,
,,
,,
,,
197
,,
,,
,,
,,
,,
,,
,,
,,
,,
,,
,,
,,
,,
,,
,,
,,
,,
198
,,
,,
,,
,,
,,
,,
,,
,,
,,
,,
,,
,,
,,
,,
,,
,,
,,
199
,,
,,
,,
,,
,,
,,
,,
,,
,,
,,
,,
,,
,,
,,
,,
,,
,,
200
,,
,,
,,
,,
,,
,,
,,
,,
,,
,,
,,
,,
,,
,,
,,
,,
,,
201
,,
,,
,,
,,
,,
,,
,,
,,
,,
,,
,,
,,
,,
,,
,,
,,
,,
202
,,
,,
,,
,,
,,
,,
,,
,,
,,
,,
,,
,,
,,
,,
,,
,,
,,
203
,,
,,
,,
,,
,,
,,
,,
,,
,,
,,
,,
,,
,,
,,
,,
,,
,,
204
,,
,,
,,
,,
,,
,,
,,
,,
,,
,,
,,
,,
,,
,,
,,
,,
,,
205
,,
,,
,,
,,
,,
,,
,,
,,
,,
,,
,,
,,
,,
,,
,,
,,
,,
206
,,
,,
,,
,,
,,
,,
,,
,,
,,
,,
,,
,,
,,
,,
,,
,,
,,
207
,,
,,
,,
,,
,,
,,
,,
,,
,,
,,
,,
,,
,,
,,
,,
,,
,,
208
,,
,,
,,
,,
,,
,,
,,
,,
,,
,,
,,
,,
,,
,,
,,
,,
,,
209
,,
,,
,,
,,
,,
,,
,,
,,
,,
,,
,,
,,
,,
,,
,,
,,
,,
210
,,
,,
,,
,,
,,
,,
,,
,,
,,
,,
,,
,,
,,
,,
,,
,,
,,
211
,,
,,
,,
,,
,,
,,
,,
,,
,,
,,
,,
,,
,,
,,
,,
,,
,,
212
,,
,,
,,
,,
,,
,,
,,
,,
,,
,,
,,
,,
,,
,,
,,
,,
,,
213
,,
,,
,,
,,
,,
,,
,,
,,
,,
,,
,,
,,
,,
,,
,,
,,
,,
214
,,
,,
,,
,,
,,
,,
,,
,,
,,
,,
,,
,,
,,
,,
,,
,,
,,
215
,,
,,
,,
,,
,,
,,
,,
,,
,,
,,
,,
,,
,,
,,
,,
,,
,,
216
,,
,,
,,
,,
,,
,,
,,
,,
,,
,,
,,
,,
,,
,,
,,
,,
,,
217
,,
,,
,,
,,
,,
,,
,,
,,
,,
,,
,,
,,
,,
,,
,,
,,
,,
218
,,
,,
,,
,,
,,
,,
,,
,,
,,
,,
,,
,,
,,
,,
,,
,,
,,
219
,,
,,
,,
,,
,,
,,
,,
,,
,,
,,
,,
,,
,,
,,
,,
,,
,,
220
,,
,,
,,
,,
,,
,,
,,
,,
,,
,,
,,
,,
,,
,,
,,
,,
,,
221
,,
,,
,,
,,
,,
,,
,,
,,
,,
,,
,,
,,
,,
,,
,,
,,
,,
222
,,
,,
,,
,,
,,
,,
,,
,,
,,
,,
,,
,,
,,
,,
,,
,,
,,
223
,,
,,
,,
,,
,,
,,
,,
,,
,,
,,
,,
,,
,,
,,
,,
,,
,,
224
,,
,,
,,
,,
,,
,,
,,
,,
,,
,,
,,
,,
,,
,,
,,
,,
,,
225
,,
,,
,,
,,
,,
,,
,,
,,
,,
,,
,,
,,
,,
,,
,,
,,
,,
226
,,
,,
,,
,,
,,
,,
,,
,,
,,
,,
,,
,,
,,
,,
,,
,,
,,
227
,,
,,
,,
,,
,,
,,
,,
,,
,,
,,
,,
,,
,,
,,
,,
,,
,,
228
,,
,,
,,
,,
,,
,,
,,
,,
,,
,,
,,
,,
,,
,,
,,
,,
,,
229
,,
,,
,,
,,
,,
,,
,,
,,
,,
,,
,,
,,
,,
,,
,,
,,
,,
230
,,
,,
,,
,,
,,
,,
,,
,,
,,
,,
,,
,,
,,
,,
,,
,,
,,
231
,,
,,
,,
,,
,,
,,
,,
,,
,,
,,
,,
,,
,,
,,
,,
,,
,,
