data/kolin2.MOV
0
,,
,,
,,
,,
,,
,,
,,
,,
,,
,,
,,
,,
,,
,,
,,
,,
,,
1
,,
,,
,,
,,
,,
,,
,,
,,
,,
,,
,,
,,
,,
,,
,,
,,
,,
2
,,
,,
,,
,,
,,
,,
,,
,,
,,
,,
,,
,,
,,
,,
,,
,,
,,
3
,,
,,
,,
,,
,,
,,
,,
,,
,,
,,
,,
,,
,,
,,
,,
,,
,,
4
,,
,,
,,
,,
,,
,,
,,
,,
,,
,,
,,
,,
,,
,,
,,
,,
,,
5
,,
,,
,,
,,
,,
,,
,,
,,
,,
,,
,,
,,
,,
,,
,,
,,
,,
6
,,
,,
,,
,,
,,
,,
,,
,,
,,
,,
,,
,,
,,
,,
,,
,,
,,
7
,,
,,
,,
,,
,,
,,
,,
,,
,,
,,
,,
,,
,,
,,
,,
,,
,,
8
,,
,,
,,
,,
,,
,,
,,
,,
,,
,,
,,
,,
,,
,,
,,
,,
,,
9
,,
,,
,,
,,
,,
,,
,,
,,
,,
,,
,,
,,
,,
,,
,,
,,
,,
10
,,
,,
,,
,,
,,
,,
,,
,,
,,
,,
,,
,,
,,
,,
,,
,,
,,
11
,,
,,
,,
,,
,,
,,
,,
,,
,,
,,
,,
,,
,,
,,
,,
,,
,,
12
,,
,,
,,
,,
,,
,,
,,
,,
,,
,,
,,
,,
,,
,,
,,
,,
,,
13
,,
,,
,,
,,
,,
,,
,,
,,
,,
,,
,,
,,
,,
,,
,,
,,
,,
14
,,
,,
,,
,,
,,
,,
,,
,,
,,
,,
,,
,,
,,
,,
,,
,,
,,
15
,,
,,
,,
,,
,,
,,
,,
,,
,,
,,
,,
,,
,,
,,
,,
,,
,,
16
,,
,,
,,
,,
,,
,,
,,
,,
,,
,,
,,
,,
,,
,,
,,
,,
,,
17
,,
,,
,,
,,
,,
,,
,,
,,
,,
,,
,,
,,
,,
,,
,,
,,
,,
18
,,
,,
,,
,,
,,
,,
,,
,,
,,
,,
,,
,,
,,
,,
,,
,,
,,
19
,,
,,
,,
,,
,,
,,
,,
,,
,,
,,
,,
,,
,,
,,
,,
,,
,,
20
,,
,,
,,
,,
,,
,,
,,
,,
,,
,,
,,
,,
,,
,,
,,
,,
,,
21
,,
,,
,,
,,
,,
,,
,,
,,
,,
,,
,,
,,
,,
,,
,,
,,
,,
22
,,
,,
,,
,,
,,
,,
,,
,,
,,
,,
,,
,,
,,
,,
,,
,,
,,
23
,,
,,
,,
,,
,,
,,
,,
,,
,,
,,
,,
,,
,,
,,
,,
,,
,,
24
,,
,,
,,
,,
,,
,,
,,
,,
,,
,,
,,
,,
,,
,,
,,
,,
,,
25
,,
,,
,,
,,
,,
,,
,,
,,
,,
,,
,,
,,
,,
,,
,,
,,
,,
26
,,
,,
,,
,,
,,
,,
,,
,,
,,
,,
,,
,,
,,
,,
,,
,,
,,
27
,,
,,
,,
,,
,,
,,
,,
,,
,,
,,
,,
,,
,,
,,
,,
,,
,,
28
,,
,,
,,
,,
,,
,,
,,
,,
,,
,,
,,
,,
,,
,,
,,
,,
,,
29
,,
,,
,,
,,
,,
,,
,,
,,
,,
,,
,,
,,
,,
,,
,,
,,
,,
30
,,
,,
,,
,,
,,
,,
,,
,,
,,
,,
,,
,,
,,
,,
,,
,,
,,
31
,,
,,
,,
,,
,,
,,
,,
,,
,,
,,
,,
,,
,,
,,
,,
,,
,,
32
,,
,,
,,
,,
,,
,,
,,
,,
,,
,,
,,
,,
,,
,,
,,
,,
,,
33
,,
,,
,,
,,
,,
,,
,,
,,
,,
,,
,,
,,
,,
,,
,,
,,
,,
34
,,
,,
,,
,,
,,
,,
,,
,,
,,
,,
,,
,,
,,
,,
,,
,,
,,
35
,,
,,
,,
,,
,,
,,
,,
,,
,,
,,
,,
,,
,,
,,
,,
,,
,,
36
-856.5,0,-404.5
844.529,0,344.455
844.529,0,368.273
836.882,0,368.273
844.529,0,384.152
829.235,0,392.091
859.824,0,368.273
844.529,0,392.091
829.235,0,392.091
844.529,0,407.97
852.176,0,439.727
875.118,0,431.788
852.176,0,407.97
836.882,0,439.727
829.235,0,471.485
852.176,0,384.152
806.294,0,479.424
37
-869.5,0,-401.5
845.248,0,339.822
846.68,0,363.603
838.812,0,364.076
840.243,0,387.857
824.507,0,388.804
855.025,0,371.056
848.112,0,387.383
824.507,0,388.804
841.198,0,403.71
843.107,0,435.418
837.147,0,467.599
849.066,0,403.237
843.107,0,435.418
837.624,0,475.526
848.112,0,387.383
869.33,0,346.328
38
-881.5,0,-398.5
836.293,0,338.449
844.132,0,362.287
836.235,0,370.214
836.206,0,386.096
820.441,0,386.067
851.999,0,370.243
844.088,0,386.11
820.426,0,394.008
844.059,0,401.993
828.221,0,441.67
843.928,0,473.463
851.927,0,409.948
836.104,0,441.684
843.928,0,473.463
844.088,0,386.11
804.72,0,362.215
39
-893,0,-396
838.331,0,331.315
842.429,0,354.963
835.912,0,364.211
838.644,0,379.977
814.996,0,384.074
843.795,0,362.846
840.01,0,387.859
824.245,0,390.591
842.742,0,403.624
815.309,0,432.735
840.323,0,436.52
842.742,0,403.624
841.688,0,444.403
853.669,0,466.685
840.01,0,387.859
841.804,0,257.641
40
-905.5,0,-393.5
830.117,0,332.545
839.563,0,356.013
839.563,0,356.013
841.024,0,379.969
825.541,0,388.928
832.065,0,364.485
833.039,0,380.456
817.069,0,381.43
834.013,0,396.426
811.519,0,421.843
828.463,0,436.839
842.485,0,403.924
844.433,0,435.865
861.865,0,458.846
841.024,0,379.969
853.098,0,315.113
41
-919.5,0,-391.5
826.063,0,344.181
835.695,0,359.138
836.65,0,367.081
837.605,0,375.024
830.838,0,383.895
828.928,0,368.009
826.063,0,344.181
832.83,0,335.31
832.748,0,399.781
803.77,0,419.38
807.59,0,451.151
832.748,0,399.781
844.291,0,430.623
870.322,0,451.666
830.838,0,383.895
858.943,0,291.882
42
-934,0,-389
821.108,0,334.238
831.695,0,357.138
840.372,0,364.152
841.327,0,372.095
811.394,0,383.752
823.973,0,358.067
825.883,0,373.952
822.063,0,342.181
828.748,0,397.781
799.77,0,417.38
795.868,0,450.08
828.748,0,397.781
841.246,0,436.566
865.367,0,441.723
826.838,0,381.895
862.665,0,288.953
43
-949,0,-389
817.965,0,326.418
828.712,0,348.78
829.646,0,356.553
839.458,0,371.143
824.507,0,380.826
821.703,0,357.508
823.573,0,373.053
799.744,0,375.919
826.377,0,396.371
797.409,0,423.509
793.205,0,455.554
826.377,0,396.371
838.992,0,434.279
793.205,0,455.554
823.573,0,373.053
825.439,0,254.554
44
-965,0,-388
816.125,0,328.864
818.951,0,352.37
827.627,0,359.276
821.778,0,375.876
814.986,0,384.642
819.893,0,360.205
821.778,0,375.876
808.195,0,393.407
824.604,0,399.383
804.229,0,425.679
801.207,0,465.786
824.604,0,399.383
829.315,0,438.56
850.632,0,420.099
822.72,0,383.712
763.127,0,279.595
45
-982,0,-387.5
805.376,0,334.316
816.165,0,357.032
825.057,0,363.967
826.954,0,379.749
804.075,0,390.504
825.057,0,363.967
812.018,0,389.549
796.132,0,391.459
821.858,0,404.375
809.768,0,437.848
813.563,0,469.41
821.858,0,404.375
810.716,0,445.738
813.563,0,469.41
819.012,0,380.704
838.096,0,338.386
46
-999,0,-387.5
805.046,0,331.189
812.229,0,361.723
812.229,0,361.723
810.035,0,386.408
802.452,0,388.192
821.608,0,367.573
810.035,0,386.408
794.87,0,389.976
813.626,0,401.676
805.645,0,435.778
829.789,0,470.379
815.422,0,409.309
798.062,0,437.562
829.789,0,470.379
817.617,0,384.625
850.94,0,288.167
47
-1020,0,-386.5
806.954,0,330.591
817.884,0,353.055
810.947,0,361.893
813.941,0,385.369
807.004,0,394.207
818.882,0,360.881
813.941,0,385.369
798.07,0,387.394
824.872,0,407.834
820.929,0,440.148
848.729,0,468.413
816.936,0,408.846
795.125,0,427.534
813.991,0,448.985
821.877,0,384.357
785.143,0,349.279
48
-1040.5,0,-388
809.284,0,329.132
814.936,0,360.629
807.28,0,362.002
803.863,0,386.999
796.208,0,388.372
822.591,0,359.255
803.863,0,386.999
788.552,0,389.746
815.757,0,409.248
829.064,0,439.371
850.027,0,468.121
815.757,0,409.248
786.548,0,422.617
799.855,0,452.74
811.519,0,385.625
819.535,0,254.143
49
-1064.5,0,-387
808.768,0,330.767
810.701,0,354.689
803.593,0,363.289
796.484,0,371.89
797.773,0,387.838
819.098,0,362.036
804.881,0,379.237
790.02,0,388.464
814.566,0,402.533
793.242,0,428.334
788.066,0,460.856
822.963,0,409.88
825.54,0,441.777
857.839,0,455.219
813.278,0,386.585
826.227,0,257.121
50
-1084.5,0,-387
807.102,0,330.115
810.255,0,353.907
803.375,0,362.888
797.546,0,379.801
789.615,0,380.852
819.236,0,360.787
806.528,0,386.68
782.736,0,389.833
817.611,0,409.421
796.972,0,436.366
785.314,0,470.191
817.611,0,409.421
822.866,0,449.075
853.537,0,436.94
814.458,0,385.629
858.792,0,476.594
51
-1109.5,0,-386.5
811.99,0,322.265
808.263,0,355.038
801.384,0,364.02
803.485,0,379.881
796.606,0,388.863
817.245,0,361.918
812.467,0,386.761
788.675,0,389.914
814.569,0,402.622
800.809,0,420.585
813.995,0,459.188
822.499,0,401.571
809.791,0,427.465
812.944,0,451.257
811.416,0,378.83
776.541,0,359.242
52
-1134.5,0,-387.5
806.226,0,328.891
808.187,0,352.811
808.841,0,360.784
810.801,0,384.704
803.482,0,393.331
816.814,0,360.13
811.455,0,392.677
787.535,0,394.638
812.762,0,408.623
807.403,0,441.17
810.671,0,481.036
812.762,0,408.623
800.083,0,449.797
811.324,0,489.01
810.801,0,384.704
865.83,0,468.488
53
-1160.5,0,-388.5
800.23,0,328.232
810.572,0,359.058
810.572,0,359.058
812.506,0,382.654
797.624,0,391.793
811.217,0,366.923
805.388,0,391.156
782.097,0,393.065
806.677,0,406.887
785.966,0,440.258
824.783,0,437.077
814.441,0,406.251
809.901,0,446.215
828.651,0,484.27
812.506,0,382.654
821.586,0,302.727
54
-1186.5,0,-389
802.099,0,326.175
814.214,0,356.855
814.214,0,356.855
833.214,0,378.557
827.374,0,395.466
806.283,0,357.9
809.42,0,381.695
786.672,0,392.763
812.557,0,405.489
776.038,0,434.512
809.855,0,446.191
820.489,0,404.443
818.832,0,453.077
846.809,0,481.665
809.42,0,381.695
773.511,0,354.152
55
-1211.5,0,-389.5
803.215,0,329.161
808.977,0,360.637
825.719,0,365.706
836.251,0,380.044
823.831,0,398.583
801.327,0,362.038
805.648,0,385.646
784.137,0,397.717
817.621,0,407.853
826.264,0,455.068
861.188,0,473.074
802.319,0,410.654
766.947,0,433.395
788.011,0,462.071
813.299,0,384.245
851.104,0,417.989
56
-1236,0,-391
800.202,0,330.992
810.642,0,362.226
826.815,0,368.89
835.91,0,384.18
821.081,0,393.459
802.892,0,362.879
797.158,0,387.448
782.33,0,396.727
814.676,0,410.056
770.191,0,437.893
773.553,0,477.751
806.926,0,410.709
826.46,0,457.232
858.133,0,462.589
812.659,0,386.141
852.4,0,487.158
57
-1260.5,0,-391.5
802.482,0,331.765
805.613,0,355.224
814.366,0,362.014
832.917,0,383.415
819.586,0,401.112
798.948,0,364.073
794.37,0,388.56
779.995,0,398.438
812.92,0,409.961
778.549,0,446.385
775.015,0,478.692
805.211,0,410.99
819.184,0,456.878
848.977,0,444.942
809.789,0,386.502
814.769,0,306.249
58
-1286,0,-394
799.804,0,336.138
809.738,0,358.927
818.364,0,366.079
828.299,0,388.869
822.289,0,412.992
802.42,0,367.413
796.41,0,391.537
773.802,0,409.175
814.317,0,413.659
785.044,0,447.602
788.968,0,494.515
806.344,0,414.326
810.269,0,461.239
848.821,0,442.267
812.354,0,390.203
812.885,0,492.515
59
-1311.5,0,-395.5
800.19,0,334.85
804.45,0,366.353
813.443,0,373.157
824.565,0,395.712
819.832,0,420.411
797.587,0,375.3
792.854,0,399.999
770.135,0,411.091
811.904,0,421.483
793.444,0,464.077
806.697,0,502.384
803.976,0,422.555
793.444,0,464.077
806.697,0,502.384
808.709,0,397.856
738.306,0,295.099
60
-1338,0,-398
792.643,0,342.466
795.459,0,374.136
803.129,0,373.454
798.274,0,405.806
782.935,0,407.169
803.833,0,381.371
790.605,0,406.487
775.265,0,407.851
808.056,0,428.876
796.236,0,469.827
822.764,0,507.369
800.386,0,429.558
771.819,0,456.038
810.871,0,460.546
805.944,0,405.124
741.698,0,291.134
61
-1365,0,-400
799.067,0,335.81
795.289,0,367.977
796.327,0,375.755
799.44,0,399.086
784.619,0,408.98
804.256,0,374.696
791.511,0,400.144
768.759,0,411.096
802.554,0,422.418
764.981,0,443.263
784.993,0,472.256
802.554,0,422.418
808.782,0,469.081
844.652,0,495.957
799.44,0,399.086
758.38,0,333.324
62
-1392.5,0,-401.5
792.268,0,341.858
793.547,0,373.627
785.854,0,373.937
786.813,0,397.764
779.759,0,413.958
801.561,0,381.26
787.133,0,405.706
764.371,0,414.578
787.772,0,421.591
757.957,0,446.657
759.556,0,486.368
803.16,0,420.971
805.079,0,468.625
844.507,0,490.903
794.507,0,397.454
860.553,0,315.243
63
-1419,0,-405
785.948,0,335.916
787.227,0,367.685
787.547,0,375.627
780.813,0,399.764
765.745,0,408.326
795.241,0,375.317
781.133,0,407.706
758.051,0,408.636
797.48,0,430.913
799.399,0,478.567
837.867,0,477.018
789.786,0,431.223
752.277,0,456.599
746.182,0,496.62
796.2,0,399.144
823.439,0,501.465
64
-1447,0,-407
783.805,0,341.147
786.33,0,372.414
794.726,0,379.603
805.015,0,410.243
790.118,0,419.314
786.962,0,380.23
773.958,0,412.751
750.666,0,414.632
790.749,0,427.13
786.773,0,474.657
824.962,0,463.705
790.749,0,427.13
762.218,0,460.905
750.477,0,509.059
788.855,0,403.68
811.328,0,488.409
65
-1474,0,-409
768.96,0,343.777
787.014,0,373.79
803.174,0,380.352
805.699,0,411.619
798.566,0,420.063
779.881,0,382.233
766.878,0,414.754
743.585,0,416.635
783.669,0,429.133
771.297,0,469.471
801.722,0,459.146
775.904,0,429.76
764.164,0,477.914
767.32,0,516.998
781.775,0,405.683
745.479,0,440.085
66
-1500,0,-411
765.203,0,341.039
776.864,0,371.183
785.575,0,377.987
802.998,0,391.594
798.219,0,415.912
770.119,0,379.94
758.596,0,413.014
735.412,0,415.944
777.002,0,434.402
742.294,0,470.406
779.106,0,513.181
769.274,0,435.378
758.734,0,476.233
779.106,0,513.181
774.052,0,411.061
739.207,0,383.847
67
-1528,0,-412
763.885,0,340.839
766.563,0,372.521
782.578,0,379.144
806.935,0,393.039
785.257,0,410.826
759.56,0,381.09
754.566,0,413.42
723.206,0,408.094
764.248,0,436.533
727.893,0,463.538
759.923,0,476.784
763.578,0,428.612
768.265,0,484.056
793.962,0,513.792
769.242,0,404.202
732.58,0,518.981
68
-1553,0,-412
753.275,0,339.541
760.984,0,371.333
776.387,0,379.277
799.492,0,395.168
776.394,0,403.124
753.287,0,379.284
737.894,0,403.135
714.794,0,403.142
761.001,0,426.974
714.808,0,450.835
730.218,0,482.625
753.304,0,434.925
768.718,0,482.613
807.228,0,514.396
760.994,0,403.128
776.372,0,331.585
69
-1576,0,-412
744.512,0,337.859
753.835,0,368.876
770.153,0,376.037
787.136,0,398.876
,,
746.175,0,377.054
731.187,0,401.25
707.208,0,402.267
740.51,0,432.267
701.211,0,449.641
703.206,0,496.675
756.495,0,431.589
758.491,0,478.624
799.12,0,492.607
755.498,0,408.072
700.213,0,426.124
70
-1599,0,-411.5
735.453,0,338.979
744.565,0,369.99
760.462,0,377.164
769.242,0,400.339
745.894,0,401.33
737.114,0,378.155
706.982,0,402.981
690.752,0,387.971
739.441,0,433
701.526,0,458.156
695.405,0,497.662
739.441,0,433
741.435,0,480.01
788.463,0,485.865
745.894,0,401.33
774.227,0,517.865
71
-1622.5,0,-412.5
734.586,0,344.429
735.933,0,376.19
744.263,0,383.791
745.273,0,407.612
712.628,0,393.088
719.947,0,376.868
696.643,0,393.766
672.327,0,386.843
730.298,0,432.111
700.011,0,473.168
701.695,0,512.869
730.298,0,432.111
716.333,0,480.43
764.627,0,486.336
729.288,0,408.29
749.989,0,518.775
72
-1641.5,0,-410.5
718.543,0,339.269
724.408,0,378.813
732.188,0,379.194
700.684,0,385.505
785.5,0,405.355
716.628,0,378.433
684.741,0,392.577
661.784,0,383.603
721.727,0,433.643
696.088,0,479.498
709.734,0,519.422
721.727,0,433.643
688.308,0,479.117
734.606,0,489.233
722.876,0,410.144
790.48,0,303.529
73
-1667,0,-413.5
705.26,0,340.346
714.382,0,380.061
722.425,0,387.794
699.105,0,388.581
,,
706.609,0,380.323
667.742,0,381.635
651.925,0,374.164
708.767,0,444.287
694.569,0,484.789
727.011,0,523.717
708.767,0,444.287
670.979,0,477.58
702.882,0,500.517
707.688,0,412.305
741.748,0,499.206
74
-1685,0,-413.5
697.033,0,340.05
690.608,0,380.29
698.381,0,380.027
,,
,,
698.381,0,380.027
659.515,0,381.339
635.655,0,366.134
692.496,0,436.258
702.158,0,491.964
734.061,0,514.901
692.496,0,436.258
701.888,0,483.968
734.061,0,514.901
691.687,0,412.271
649.314,0,309.642
75
-1705.5,0,-415.5
687.965,0,344.043
686.479,0,375.575
686.107,0,383.458
672.032,0,351.192
673.147,0,327.543
686.107,0,383.458
647.574,0,373.741
624.975,0,356.874
683.505,0,438.64
697.208,0,478.79
734.997,0,504.273
675.724,0,438.273
635.333,0,467.971
625.694,0,507.02
684.992,0,407.108
679.788,0,517.471
76
-1724.5,0,-418.5
677.557,0,343.556
666.335,0,382.162
666.335,0,382.162
653.62,0,349.358
664.147,0,318.611
666.335,0,382.162
636.04,0,371.562
614.187,0,353.79
661.469,0,437.169
680.542,0,486.374
719.279,0,489.8
661.469,0,437.169
627.004,0,473.719
608.034,0,511.64
663.554,0,413.594
693.256,0,519.177
77
-1743.5,0,-423.5
654.36,0,351.874
648.94,0,383.412
641.274,0,382.095
619.633,0,370.258
652.114,0,319.019
656.605,0,384.729
646.694,0,350.557
597.992,0,358.422
645.765,0,447.805
654.321,0,489.861
694.003,0,488.564
645.765,0,447.805
614.639,0,491.159
607.864,0,530.581
651.185,0,416.267
662.877,0,531.918
78
-1760.5,0,-428.5
639.908,0,352.87
637.092,0,384.3
628.641,0,391.463
606.809,0,373.666
592.723,0,356.564
637.092,0,384.3
639.908,0,352.87
642.723,0,321.441
632.164,0,439.302
,,
,,
632.164,0,439.302
,,
,,
634.276,0,415.73
668.079,0,387.076
79
-1778.5,0,-435.5
625.682,0,352.94
622.866,0,384.369
614.898,0,383.656
592.402,0,365.799
594.514,0,342.227
630.834,0,385.083
634.354,0,345.796
653.106,0,315.794
617.939,0,439.371
598.483,0,477.231
633.395,0,535.802
625.907,0,440.085
613.715,0,486.516
633.395,0,535.802
620.051,0,415.799
674.195,0,349.366
80
-1800.5,0,-440.5
615.766,0,346.038
614.381,0,378.008
622.152,0,378.345
639.424,0,339.056
656.003,0,315.751
614.381,0,378.008
592.108,0,353.021
593.147,0,329.043
603.841,0,441.612
563.95,0,463.906
602.456,0,473.582
611.611,0,441.948
617.305,0,490.24
638.885,0,531.212
612.996,0,409.978
569.143,0,344.019
81
-1821.5,0,-445
604.969,0,342.096
617.852,0,374.857
634.037,0,368.296
636.018,0,344.704
653.523,0,322.415
602.328,0,373.553
588.785,0,348.657
590.766,0,325.064
597.045,0,436.467
549.151,0,448.284
578.218,0,474.484
597.045,0,436.467
616.369,0,485.608
645.436,0,511.808
607.448,0,405.662
559.057,0,330.321
82
-1839.5,0,-452.5
611.125,0,340.745
600.738,0,371.351
592.976,0,370.699
587.839,0,338.789
590.464,0,307.531
600.738,0,371.351
625.993,0,349.863
651.905,0,320.56
580.62,0,424.75
599.969,0,473.593
552.74,0,477.496
588.383,0,425.402
599.313,0,481.407
637.468,0,492.481
590.351,0,401.958
549.684,0,327.715
83
-1859.5,0,-454
609.224,0,337.271
599.652,0,367.591
606.994,0,369.909
623.909,0,341.908
655.51,0,318.542
592.309,0,365.273
592.145,0,340.215
587.032,0,305.259
573.165,0,425.913
531.665,0,429.482
527.042,0,469.7
573.165,0,425.913
588.177,0,480.665
624.891,0,492.256
590.079,0,397.911
560.217,0,313.464
84
-1879.5,0,-461
613.893,0,336.383
601.914,0,365.829
598.92,0,373.19
628.714,0,342.412
655.513,0,318.994
594.504,0,362.814
588.667,0,334.701
590.241,0,309.602
570.547,0,421.707
520.095,0,418.343
519.943,0,461.18
570.547,0,421.707
582.22,0,477.934
616.277,0,500.368
582.525,0,392.261
562.021,0,315.281
85
-1898.5,0,-463
603.326,0,333.361
596.06,0,365.327
603.192,0,368.95
621.123,0,351.317
642.654,0,326.599
588.928,0,361.703
585.461,0,333.2
589.128,0,308.32
560.131,0,418.387
510.138,0,410.818
506.404,0,453.492
560.131,0,418.387
559.931,0,471.77
588.394,0,504.058
574.529,0,390.045
578.529,0,276.194
86
-1913.5,0,-470
600.443,0,336.265
586.042,0,364.611
592.907,0,368.099
586.713,0,329.29
583.784,0,301.055
586.042,0,364.611
617.773,0,336.153
645.904,0,314.781
560.841,0,414.218
,,
645.904,0,314.781
553.976,0,410.73
,,
,,
575.242,0,385.871
580.855,0,272.819
87
-1933.5,0,-473
606.326,0,331.766
586.784,0,366.373
593.489,0,370.159
615.827,0,346.26
642.074,0,315.439
580.079,0,362.587
582.303,0,327.329
580.619,0,298.992
552.72,0,411.037
504.674,0,402.163
498.542,0,444.343
552.72,0,411.037
533.178,0,445.644
533.178,0,445.644
575.059,0,387.137
525.933,0,505.453
88
-1947.5,0,-481.5
600.819,0,336.888
589.865,0,367.368
596.492,0,371.849
614.073,0,345.851
638.281,0,324.334
576.611,0,358.405
576.543,0,329.944
576.475,0,301.482
548.077,0,414.883
508.451,0,444.917
493.102,0,481.896
548.077,0,414.883
510.546,0,398.975
495.197,0,435.954
572.284,0,393.366
638.349,0,352.796
89
-1950.5,0,-483.5
595.373,0,344.291
584.419,0,374.771
591.046,0,379.252
613.022,0,346.754
630.603,0,320.756
571.165,0,365.808
571.097,0,337.346
571.028,0,308.885
547.025,0,415.786
502.936,0,423.859
480.96,0,456.356
547.025,0,415.786
507.263,0,388.898
480.96,0,456.356
564.606,0,389.788
637.298,0,353.699
90
-1970.5,0,-490
594.784,0,350.694
577.1,0,376.844
590.354,0,385.807
601.411,0,355.176
630.142,0,326.97
570.473,0,372.363
563.855,0,339.306
563.863,0,310.731
546.154,0,422.606
510.813,0,389.18
493.13,0,415.33
539.527,0,418.125
497.551,0,408.792
468.819,0,436.998
563.838,0,396.456
630.133,0,355.545
91
-1981,0,-497
594.535,0,354.563
575.667,0,379.872
588.494,0,389.435
600.949,0,359.345
619.817,0,334.037
569.253,0,375.09
564.163,0,341.764
565.487,0,313.219
536.233,0,419.379
513.599,0,382.816
466.056,0,406.434
531.516,0,425.706
513.599,0,382.816
461.339,0,412.761
556.798,0,405.18
626.603,0,378.472
92
-1991.5,0,-504
593.479,0,369.825
572.461,0,393.378
578.273,0,398.564
593.479,0,369.825
614.497,0,346.271
560.837,0,383.006
553.91,0,355.67
558.05,0,327.633
529.868,0,429.411
516.014,0,374.74
483.93,0,398.996
518.802,0,430.113
510.76,0,380.628
467.052,0,394.512
545.632,0,411.746
616.727,0,390.57
93
-2006.5,0,-511
599.308,0,380.345
575.455,0,401.022
580.695,0,407.067
594.068,0,374.3
612.681,0,347.578
564.975,0,388.932
555.941,0,354.413
563.351,0,326.816
523.232,0,425.117
520.885,0,374.215
486.552,0,382.802
517.992,0,419.072
520.885,0,374.215
481.311,0,376.757
552.325,0,410.484
632.195,0,394.186
94
-2015.5,0,-517
594.132,0,392.515
562.301,0,400.346
566.05,0,407.413
586.634,0,378.381
607.218,0,349.349
562.301,0,400.346
550.575,0,361.286
553.369,0,332.636
520.177,0,422.693
522.493,0,376.184
483.163,0,369.881
509.407,0,419.351
522.493,0,376.184
483.163,0,369.881
541.239,0,411.52
623.17,0,413.334
95
-2025,0,-523
596.836,0,392.739
559.935,0,405.997
565.203,0,420.659
584.188,0,380.729
605.807,0,348.13
557.301,0,398.667
546.765,0,369.344
550.99,0,334.718
515.654,0,421.908
534.639,0,381.978
491.949,0,355.932
510.386,0,407.246
532.005,0,374.647
491.949,0,355.932
537.794,0,413.952
622.132,0,416.758
96
-2037.5,0,-530
596.624,0,395.49
566.269,0,403.399
560.644,0,412.914
583.143,0,374.854
600.017,0,346.309
556.716,0,397.838
548.86,0,367.687
548.593,0,335.559
505.558,0,419.217
543.235,0,377.202
510.649,0,345.445
509.219,0,402.164
541.271,0,369.664
503.06,0,347.422
535.914,0,411.308
427.974,0,463.58
97
-2046,0,-535.5
603.692,0,409.354
570.153,0,399.264
571.461,0,406.943
588.113,0,364.598
599.651,0,338.927
562.422,0,400.581
549.46,0,371.182
551.958,0,339.15
516.038,0,408.482
550.768,0,378.861
528.766,0,343.1
514.73,0,400.803
548.152,0,363.503
521.035,0,344.417
539.23,0,404.531
486.306,0,374.038
98
-2058,0,-542.5
,,
,,
,,
,,
603.148,0,433.372
,,
613.054,0,394.897
603.563,0,425.593
,,
,,
,,
,,
,,
,,
,,
458.041,0,503.635
99
-2067,0,-544.5
,,
,,
,,
,,
564.602,0,387.153
,,
,,
565.017,0,379.374
,,
,,
,,
,,
,,
,,
,,
584.36,0,458.412
100
-2076.5,0,-547.5
,,
,,
,,
,,
569.6,0,381.259
,,
,,
569.6,0,381.259
,,
,,
,,
,,
,,
,,
,,
526.295,0,456.954
101
-2086,0,-551
554.957,0,408.575
564.598,0,377.044
557.088,0,368.632
595.49,0,394.715
572.534,0,377.467
557.514,0,360.643
,,
571.681,0,393.445
,,
,,
,,
,,
,,
,,
,,
504.783,0,453.966
102
-2094.5,0,-555
,,
,,
,,
,,
,,
,,
,,
,,
,,
,,
,,
,,
,,
,,
,,
512.961,0,440.656
103
-2103.5,0,-559
,,
,,
,,
,,
,,
,,
,,
,,
,,
,,
,,
,,
,,
,,
,,
512.077,0,432.237
104
-2112.5,0,-565
554.253,0,385.584
556.328,0,346.692
,,
,,
,,
,,
,,
,,
,,
,,
,,
,,
,,
,,
,,
513.023,0,422.387
105
-2120.5,0,-570
,,
,,
,,
,,
,,
,,
,,
,,
,,
,,
,,
,,
,,
,,
,,
551.704,0,412.389
106
-2127.5,0,-573
,,
,,
,,
,,
,,
,,
,,
,,
,,
,,
572.451,0,342.508
,,
,,
,,
,,
433.702,0,407.208
107
-2136.5,0,-577
,,
,,
,,
,,
,,
,,
,,
,,
,,
,,
578.975,0,324.894
,,
,,
578.975,0,324.894
,,
558.84,0,403.934
108
-2142.5,0,-582
,,
,,
,,
,,
,,
,,
,,
,,
,,
,,
,,
,,
,,
,,
,,
569.426,0,391.226
109
-2148.5,0,-587.5
,,
,,
,,
,,
,,
,,
,,
,,
,,
,,
,,
,,
,,
,,
,,
615.481,0,406.332
110
-2153.5,0,-589
,,
,,
,,
,,
,,
,,
,,
,,
,,
,,
,,
,,
,,
,,
,,
747.084,0,471.332
111
-2156.5,0,-591.5
,,
,,
,,
,,
,,
,,
,,
,,
,,
,,
,,
,,
,,
,,
,,
622.995,0,655.474
112
-2159,0,-593.5
,,
,,
,,
,,
,,
,,
,,
,,
,,
,,
,,
,,
,,
,,
,,
454.403,0,744.063
113
,,
,,
,,
,,
,,
,,
,,
,,
,,
,,
,,
,,
,,
,,
,,
,,
,,
114
,,
,,
,,
,,
,,
,,
,,
,,
,,
,,
,,
,,
,,
,,
,,
,,
,,
115
,,
,,
,,
,,
,,
,,
,,
,,
,,
,,
,,
,,
,,
,,
,,
,,
,,
116
,,
,,
,,
,,
,,
,,
,,
,,
,,
,,
,,
,,
,,
,,
,,
,,
,,
117
,,
,,
,,
,,
,,
,,
,,
,,
,,
,,
,,
,,
,,
,,
,,
,,
,,
118
,,
,,
,,
,,
,,
,,
,,
,,
,,
,,
,,
,,
,,
,,
,,
,,
,,
119
,,
,,
,,
,,
,,
,,
,,
,,
,,
,,
,,
,,
,,
,,
,,
,,
,,
120
,,
,,
,,
,,
,,
,,
,,
,,
,,
,,
,,
,,
,,
,,
,,
,,
,,
121
,,
,,
,,
,,
,,
,,
,,
,,
,,
,,
,,
,,
,,
,,
,,
,,
,,
122
,,
,,
,,
,,
,,
,,
,,
,,
,,
,,
,,
,,
,,
,,
,,
,,
,,
123
,,
,,
,,
,,
,,
,,
,,
,,
,,
,,
,,
,,
,,
,,
,,
,,
,,
124
,,
,,
,,
,,
,,
,,
,,
,,
,,
,,
,,
,,
,,
,,
,,
,,
,,
125
,,
,,
,,
,,
,,
,,
,,
,,
,,
,,
,,
,,
,,
,,
,,
,,
,,
126
,,
,,
,,
,,
,,
,,
,,
,,
,,
,,
,,
,,
,,
,,
,,
,,
,,
127
,,
,,
,,
,,
,,
,,
,,
,,
,,
,,
,,
,,
,,
,,
,,
,,
,,
128
,,
,,
,,
,,
,,
,,
,,
,,
,,
,,
,,
,,
,,
,,
,,
,,
,,
129
,,
,,
,,
,,
,,
,,
,,
,,
,,
,,
,,
,,
,,
,,
,,
,,
,,
130
,,
,,
,,
,,
,,
,,
,,
,,
,,
,,
,,
,,
,,
,,
,,
,,
,,
131
,,
,,
,,
,,
,,
,,
,,
,,
,,
,,
,,
,,
,,
,,
,,
,,
,,
132
,,
,,
,,
,,
,,
,,
,,
,,
,,
,,
,,
,,
,,
,,
,,
,,
,,
133
,,
,,
,,
,,
,,
,,
,,
,,
,,
,,
,,
,,
,,
,,
,,
,,
,,
134
,,
,,
,,
,,
,,
,,
,,
,,
,,
,,
,,
,,
,,
,,
,,
,,
,,
135
,,
,,
,,
,,
,,
,,
,,
,,
,,
,,
,,
,,
,,
,,
,,
,,
,,
136
,,
,,
,,
,,
,,
,,
,,
,,
,,
,,
,,
,,
,,
,,
,,
,,
,,
137
,,
,,
,,
,,
,,
,,
,,
,,
,,
,,
,,
,,
,,
,,
,,
,,
,,
138
,,
,,
,,
,,
,,
,,
,,
,,
,,
,,
,,
,,
,,
,,
,,
,,
,,
139
,,
,,
,,
,,
,,
,,
,,
,,
,,
,,
,,
,,
,,
,,
,,
,,
,,
140
,,
,,
,,
,,
,,
,,
,,
,,
,,
,,
,,
,,
,,
,,
,,
,,
,,
141
,,
,,
,,
,,
,,
,,
,,
,,
,,
,,
,,
,,
,,
,,
,,
,,
,,
142
,,
,,
,,
,,
,,
,,
,,
,,
,,
,,
,,
,,
,,
,,
,,
,,
,,
143
,,
,,
,,
,,
,,
,,
,,
,,
,,
,,
,,
,,
,,
,,
,,
,,
,,
144
,,
,,
,,
,,
,,
,,
,,
,,
,,
,,
,,
,,
,,
,,
,,
,,
,,
145
,,
,,
,,
,,
,,
,,
,,
,,
,,
,,
,,
,,
,,
,,
,,
,,
,,
146
,,
,,
,,
,,
,,
,,
,,
,,
,,
,,
,,
,,
,,
,,
,,
,,
,,
147
,,
,,
,,
,,
,,
,,
,,
,,
,,
,,
,,
,,
,,
,,
,,
,,
,,
148
,,
,,
,,
,,
,,
,,
,,
,,
,,
,,
,,
,,
,,
,,
,,
,,
,,
149
,,
,,
,,
,,
,,
,,
,,
,,
,,
,,
,,
,,
,,
,,
,,
,,
,,
150
,,
,,
,,
,,
,,
,,
,,
,,
,,
,,
,,
,,
,,
,,
,,
,,
,,
151
,,
,,
,,
,,
,,
,,
,,
,,
,,
,,
,,
,,
,,
,,
,,
,,
,,
152
,,
,,
,,
,,
,,
,,
,,
,,
,,
,,
,,
,,
,,
,,
,,
,,
,,
153
,,
,,
,,
,,
,,
,,
,,
,,
,,
,,
,,
,,
,,
,,
,,
,,
,,
154
,,
,,
,,
,,
,,
,,
,,
,,
,,
,,
,,
,,
,,
,,
,,
,,
,,
155
,,
,,
,,
,,
,,
,,
,,
,,
,,
,,
,,
,,
,,
,,
,,
,,
,,
156
,,
,,
,,
,,
,,
,,
,,
,,
,,
,,
,,
,,
,,
,,
,,
,,
,,
157
,,
,,
,,
,,
,,
,,
,,
,,
,,
,,
,,
,,
,,
,,
,,
,,
,,
